[12:03:46]设备[ID107Plus HR]C5:F7:76:AF:E2:E0连接了.....
[12:03:54] 10 11 01 00 02 19 01 
[12:03:55] 41 82 87 60 82 87 60 82 87 60 82 87 60 1a 98 5b f8 00 00 11 
[12:03:55] 41 82 87 60 82 87 5f 82 87 60 82 87 60 5c 04 5c 01 00 00 12 
[12:03:55] 41 82 87 60 82 87 60 82 87 60 82 87 60 5b 75 5b 8a 00 00 13 
[12:03:55] 41 82 87 60 82 87 60 82 87 60 82 87 5f 5b 83 5b a9 00 00 14 
[12:03:55] 41 82 87 5f 82 87 60 82 87 60 82 87 60 5b 9b 5b ba 00 00 15 
[12:03:55] 41 82 87 60 82 87 60 82 87 60 82 87 60 5b bc 5b fe 00 00 16 
[12:03:55] 41 82 87 5f 82 87 5f 82 87 60 82 87 60 5b ec 5b df 00 00 17 
[12:03:55] 41 82 87 60 82 87 60 82 87 60 82 87 60 5b cb 5b bf 00 00 18 
[12:03:55] 41 82 86 60 82 86 60 82 87 60 82 87 5f 5c 28 5c 1d 00 00 19 
[12:03:55] 41 82 87 5f 82 87 5f 82 87 60 82 87 60 5c 07 5b 8b 00 00 1a 
[12:03:55] 00 82 87 60 82 87 60 82 87 60 82 87 60 5b 72 5b 61 00 00 1b 
[12:03:55] 00 82 87 60 82 87 60 82 86 5f 82 87 5f 5b 54 5b 55 00 00 1c 
[12:03:55] 00 82 87 5f 82 87 5f 82 86 5f 82 86 5f 5b 4f 5b 4d 00 00 1d 
[12:03:55] 00 82 87 5f 82 87 60 82 87 60 82 86 60 5b 53 5b 5b 00 00 1e 
[12:03:56] 00 82 86 5f 82 87 5f 82 87 5f 82 86 60 5b 72 5b 63 00 00 1f 
[12:03:56] 00 82 86 60 82 86 60 82 86 60 82 86 60 5b 78 5b ec 00 00 20 
[12:03:56] 00 82 86 60 82 87 60 82 87 60 82 87 5f 5b ef 5b dd 00 00 21 
[12:03:56] 00 82 87 60 82 87 60 82 87 60 82 87 60 5b 47 5b 3f 00 00 22 
[12:03:56] 00 82 86 60 82 86 60 82 86 60 82 87 60 5b 38 5b 2d 00 00 23 
[12:03:56] 00 82 87 60 82 87 60 82 87 60 82 87 60 5b 34 5b 2a 00 00 24 
[12:03:56] 00 82 87 60 82 87 60 82 87 5f 82 86 60 5b 44 5b 24 00 00 25 
[12:03:56] 00 82 86 60 82 86 60 82 87 60 82 87 60 5b 40 5b 32 00 00 26 
[12:03:56] 00 82 87 60 82 86 60 82 86 60 82 86 60 5b 46 5b 3c 00 00 27 
[12:03:56] 00 82 86 60 82 86 5f 82 86 5f 82 86 5f 5b 38 5b 3c 00 00 28 
[12:03:56] 00 82 86 5f 82 87 5f 83 88 5f 83 87 5f 5b 4e 5b 53 00 00 29 
[12:03:56] 10 11 01 00 02 19 01 
[12:03:56] 00 82 87 60 82 87 60 82 89 60 82 8c 62 5b 52 5b 5e 00 00 2a 
[12:03:56] 00 81 8b 61 82 89 60 82 86 5f 83 84 5f 5b 6b 5b 84 00 00 2b 
[12:03:57] 00 83 84 60 83 84 60 83 84 5f 82 86 60 5b 50 5b 55 00 00 2c 
[12:03:57] 00 82 87 60 82 87 60 82 87 60 82 87 5f 5b ac 5b ad 00 00 2d 
[12:03:57] 00 82 86 60 82 86 60 82 86 60 83 86 60 5b 98 5b 11 00 00 2e 
[12:03:57] 00 83 87 60 83 87 60 82 87 60 82 87 60 5b 17 5b 2f 00 00 2f 
[12:03:57] 00 82 87 60 82 87 60 82 86 60 82 86 60 5b 02 5b 29 00 00 30 
[12:03:57] 00 82 87 5f 82 87 5f 82 87 5f 83 86 5f 5b 05 5b 2e 00 00 31 
[12:03:57] 00 83 86 5f 82 86 5f 82 86 5f 82 86 5f 5b 07 5b 0f 00 00 32 
[12:03:57] 00 82 86 60 82 86 60 83 86 60 82 86 60 5b 0f 5b 26 00 00 33 
[12:03:57] 00 82 86 60 82 86 5f 83 86 5f 83 86 5f 5b 1e 5b 1e 00 00 34 
[12:03:57] 00 83 86 5f 83 86 5f 82 85 5f 82 86 60 5b 38 5b 36 00 00 35 
[12:03:57] 00 82 86 60 82 86 60 82 86 5f 83 86 5f 5b 34 5b 07 00 00 36 
[12:03:57] 00 83 86 5f 83 86 60 82 86 5f 82 86 5f 5a fe 5a e4 00 00 37 
[12:03:58] 00 82 86 60 82 86 60 82 86 60 82 86 5f 5a f8 5a ce 00 00 38 
[12:03:58] 00 82 86 5f 82 86 5f 83 86 5f 83 86 60 5a e0 5a cc 00 00 39 
[12:03:58] 00 83 86 60 83 86 60 82 86 60 82 86 60 5a dd 5a c4 00 00 3a 
[12:03:58] 00 82 86 60 82 86 60 82 86 60 82 86 60 5a cd 5a cd 00 00 3b 
[12:03:58] 00 82 86 60 83 86 60 83 86 5f 82 86 5f 5a c8 5a cb 00 00 3c 
[12:03:58] 00 82 86 60 82 86 60 82 86 60 82 86 60 5a c9 5a dd 00 00 3d 
[12:03:58] 00 82 86 60 82 86 60 82 86 60 82 86 60 5a de 5b 06 00 00 3e 
[12:03:58] 00 82 86 60 82 86 60 82 86 60 82 86 60 5a f2 5b 18 00 00 3f 
[12:03:58] 00 82 86 60 82 86 60 82 86 5f 82 86 60 5b 02 5b 15 00 00 40 
[12:03:58] 00 82 86 60 82 86 60 82 86 60 82 86 60 5b 6c 5b 4e 00 00 41 
[12:03:58] 00 82 86 60 83 86 60 83 86 60 83 86 60 5b 3c 5a d3 00 00 42 
[12:03:58] 10 11 01 00 02 19 01 
[12:03:58] 00 83 86 60 83 86 5f 83 86 5f 82 86 5f 5a be 5a ca 00 00 43 
[12:03:58] 00 82 86 5f 82 86 5f 82 86 5f 82 86 5f 5a b7 5a de 00 00 44 
[12:03:59] 00 82 86 5f 82 86 5f 82 86 60 82 86 60 5a c1 5a ca 00 00 45 
[12:03:59] 00 82 86 60 82 86 5f 83 86 5f 83 86 5f 5a d3 5a e3 00 00 46 
[12:03:59] 00 82 86 5f 82 86 5f 82 86 5f 82 86 5f 5a d7 5a e4 00 00 47 
[12:03:59] 00 82 86 5f 82 86 5f 82 86 5f 82 86 5f 5a ef 5a f7 00 00 48 
[12:03:59] 00 82 85 5f 82 85 60 82 85 60 82 86 60 5b 05 5a fb 00 00 49 
[12:03:59] 00 82 86 60 82 86 60 82 86 60 82 86 60 5b 14 5a ff 00 00 4a 
[12:03:59] 00 83 86 5f 83 86 5f 83 86 60 83 86 60 5b 08 5a d2 00 00 4b 
[12:03:59] 00 82 86 5f 83 86 5f 83 86 60 82 86 60 5a d0 5a ba 00 00 4c 
[12:03:59] 00 82 86 5f 82 86 60 82 86 60 82 86 5f 5a cc 5a ad 00 00 4d 
[12:03:59] 00 83 86 5f 83 86 5f 83 86 5f 83 86 5f 5a b9 5a b6 00 00 4e 
[12:03:59] 00 82 86 5f 82 86 5f 82 86 60 83 86 60 5a b2 5a b0 00 00 4f 
[12:03:59] 41 82 86 60 82 86 60 82 86 60 82 86 60 5a a0 5b 04 00 00 50 
[12:03:59] 41 82 86 60 82 86 5f 82 86 60 82 86 60 5b 3f 5b 52 00 00 51 
[12:04:00] 41 82 86 60 82 86 60 83 86 60 82 86 60 5b 47 5b 3a 00 00 52 
[12:04:00] 41 82 86 60 82 86 60 82 86 60 82 86 60 5b 60 5b 61 00 00 53 
[12:04:00] 41 82 86 60 82 86 60 82 86 60 82 86 60 5b 67 5b 54 00 00 54 
[12:04:00] 41 82 86 60 82 86 60 82 86 5f 82 86 5f 5b 51 5b 34 00 00 55 
[12:04:00] 41 82 86 5f 82 86 5f 82 86 60 82 86 5f 5b 20 5a fe 00 00 56 
[12:04:00] 00 82 86 5f 82 86 60 82 86 60 82 86 60 5b 0b 5b 09 00 00 57 
[12:04:00] 00 82 86 60 82 86 60 82 86 60 82 86 60 5b 00 5a ec 00 00 58 
[12:04:00] 00 82 86 60 82 86 60 82 86 5f 83 86 5f 5b 04 5a fe 00 00 59 
[12:04:00] 00 83 86 5f 82 86 5f 82 86 5f 83 86 5f 5a ff 5a e7 00 00 5a 
[12:04:00] 00 83 86 5f 83 86 5f 83 86 60 83 86 60 5b 0c 5b 13 00 00 5b 
[12:04:00] 10 11 01 00 02 19 01 
[12:04:00] 00 83 86 60 83 86 60 83 86 5f 83 86 5f 5b 1b 5b 15 00 00 5c 
[12:04:00] 00 82 86 5f 82 86 60 82 86 5f 83 86 5f 5b 2b 5b 37 00 00 5d 
[12:04:01] 00 83 86 60 83 86 60 83 86 60 82 86 60 5b 49 5b 36 00 00 5e 
[12:04:01] 00 82 86 60 82 86 60 82 86 60 82 86 60 5b 54 5b 32 00 00 5f 
[12:04:01] 00 82 86 60 82 86 60 82 86 60 82 86 5f 5b 15 5b 04 00 00 60 
[12:04:01] 00 82 86 5f 82 86 5f 82 86 5f 82 86 60 5b 0a 5b 0b 00 00 61 
[12:04:01] 00 82 86 60 82 86 60 82 86 60 83 86 60 5b 0a 5a fa 00 00 62 
[12:04:01] 00 83 86 60 82 86 60 82 86 60 83 86 60 5b 08 5b 11 00 00 63 
[12:04:01] 00 82 86 60 82 86 60 82 86 5f 82 86 5f 5b 0c 5b 03 00 00 64 
[12:04:01] 00 82 86 60 82 86 60 82 86 60 82 86 60 5b 16 5b 1e 00 00 65 
[12:04:01] 00 82 86 5f 82 86 60 83 86 60 83 86 60 5b 1c 5b 17 00 00 66 
[12:04:01] 00 82 86 60 82 86 60 83 86 60 82 86 60 5b 3d 5b 3d 00 00 67 
[12:04:01] 00 82 86 60 82 86 60 82 86 5f 82 86 5f 5b 49 5b 42 00 00 68 
[12:04:01] 00 82 86 5f 82 86 5f 82 86 60 82 86 60 5b 50 5b 3a 00 00 69 
[12:04:01] 00 82 86 60 83 86 5f 82 86 5f 82 86 5f 5b 2a 5a a2 00 00 6a 
[12:04:02] 00 82 86 5f 82 86 5f 83 86 5f 83 86 5f 5a 95 5a a5 00 00 6b 
[12:04:02] 00 83 86 60 83 86 60 83 86 60 82 86 5f 5a 97 5a 87 00 00 6c 
[12:04:02] 00 82 86 60 82 86 60 82 86 5f 83 86 5f 5a 93 5a 93 00 00 6d 
[12:04:02] 00 83 86 60 83 86 5f 82 86 5f 82 86 5f 5a 9c 5a 8f 00 00 6e 
[12:04:02] 00 82 86 5f 82 86 60 82 86 60 82 85 60 5a a7 5a 9a 00 00 6f 
[12:04:02] 00 82 86 60 82 86 60 82 86 60 82 86 5f 5a c1 5a bd 00 00 70 
[12:04:02] 00 82 86 5f 82 86 5f 82 86 5f 83 86 5f 5a cd 5a d7 00 00 71 
[12:04:02] 00 83 86 5f 83 86 5f 82 86 5f 82 86 5f 5a f2 5a ef 00 00 72 
[12:04:02] 00 82 86 5f 82 86 60 82 86 5f 82 86 5f 5a e9 5a ee 00 00 73 
[12:04:02] 00 83 86 60 83 86 60 82 86 60 83 86 60 5a d8 5a cd 00 00 74 
[12:04:02] 10 11 01 00 02 19 01 
[12:04:02] 4b 83 86 5f 83 86 60 83 86 60 83 86 60 5a b7 5a c3 00 00 75 
[12:04:02] 4b 83 86 5f 83 86 5f 82 86 5f 82 86 5f 5a ae 5a d3 00 00 76 
[12:04:03] 4b 82 86 5f 82 86 5f 82 86 5f 82 86 60 5a b7 5a be 00 00 77 
[12:04:03] 4b 82 86 60 82 86 60 82 86 60 82 86 5f 5a b8 5a d2 00 00 78 
[12:04:03] 4b 82 86 60 82 86 60 82 87 60 82 86 60 5a ce 5a cd 00 00 79 
[12:04:03] 4b 82 86 5f 83 86 5f 83 86 60 82 86 60 5a f0 5a fa 00 00 7a 
[12:04:03] 4b 82 86 5f 82 86 5f 82 86 60 82 86 60 5b 17 5b 1a 00 00 7b 
[12:04:03] 4b 83 86 60 83 86 5f 82 86 60 82 86 60 5b 3c 5b 3a 00 00 7c 
[12:04:03] 4b 82 86 60 82 87 60 82 87 60 82 87 60 5b 64 5b 3f 00 00 7d 
[12:04:03] 4b 82 87 60 83 87 60 83 86 5f 83 86 5f 5b 58 5b 42 00 00 7e 
[12:04:03] 4b 82 86 5f 82 86 60 82 86 5f 82 86 60 5b 4f 5b 33 00 00 7f 
[12:04:03] 4b 82 86 60 82 87 60 82 87 60 82 87 60 5b 25 5b 28 00 00 80 
[12:04:03] 4b 82 87 60 82 86 60 83 87 60 83 86 5f 5b 2f 5b 38 00 00 81 
[12:04:03] 4b 82 87 60 82 87 60 82 87 5f 82 86 5f 5b 39 5b 38 00 00 82 
[12:04:03] 4b 83 86 5f 83 86 60 82 86 60 82 86 60 5b 41 5b 66 00 00 83 
[12:04:04] 4b 82 87 60 82 87 60 82 87 60 82 87 60 5b 42 5b 61 00 00 84 
[12:04:04] 49 82 87 60 82 87 5f 82 86 5f 83 86 60 5b 4e 5b 72 00 00 85 
[12:04:04] 49 83 86 60 82 86 60 82 86 5f 82 86 60 5b 5a 5b 5c 00 00 86 
[12:04:04] 49 82 86 60 82 87 60 82 87 60 82 87 60 5b 5f 5b 72 00 00 87 
[12:04:04] 49 82 86 60 82 86 60 82 86 60 82 86 60 5b 77 5b 6e 00 00 88 
[12:04:04] 49 83 86 60 83 86 60 83 87 60 82 87 60 5b 5c 5b 56 00 00 89 
[12:04:04] 49 82 87 60 82 87 60 82 86 60 82 86 60 5b 7d 5b 53 00 00 8a 
[12:04:04] 49 82 87 60 82 87 60 82 87 60 82 87 60 5b 5c 5b 59 00 00 8b 
[12:04:04] 49 82 87 60 82 87 60 82 87 60 82 87 60 5b 69 5b 53 00 00 8c 
[12:04:04] 49 82 87 60 82 87 60 82 87 60 83 87 60 5b 59 5b 59 00 00 8d 
[12:04:04] 49 83 87 60 83 87 60 83 87 60 83 87 60 5b 5b 5b 69 00 00 8e 
[12:04:04] 49 82 87 60 82 86 60 82 86 5f 82 86 5f 5b 59 5b 6f 00 00 8f 
[12:04:04] 49 82 86 5f 82 86 60 82 86 60 82 86 60 5b 72 5b 8e 00 00 90 
[12:04:05] 49 82 86 60 83 86 60 83 86 5f 82 86 5f 5b 7b 5b 8f 00 00 91 
[12:04:05] 49 82 86 60 82 86 60 82 86 60 82 86 60 5b 82 5b af 00 00 92 
[12:04:05] 49 82 86 60 82 86 60 82 86 5f 82 86 5f 5b 89 5b 90 00 00 93 
[12:04:05] 48 82 86 5f 82 86 5f 82 86 5f 82 87 60 5b 7f 5b 88 00 00 94 
[12:04:05] 48 82 86 60 82 86 60 82 86 60 82 86 60 5b 7c 5b 78 00 00 95 
[12:04:05] 48 82 86 60 82 86 60 82 86 60 82 86 60 5b 83 5b 80 00 00 96 
[12:04:05] 48 82 86 5f 82 86 5f 82 86 5f 82 86 60 5b 80 5b 88 00 00 97 
[12:04:05] 48 82 86 60 82 86 60 82 86 60 82 86 60 5b 8e 5b 8e 00 00 98 
[12:04:05] 48 82 86 60 82 87 60 82 86 60 82 86 60 5b ae 5b 85 00 00 99 
[12:04:05] 48 82 86 60 82 86 60 82 86 60 82 86 60 5b b0 5b 9f 00 00 9a 
[12:04:05] 48 82 86 60 82 86 60 82 86 60 82 86 60 5b ba 5b a5 00 00 9b 
[12:04:05] 48 82 86 60 82 86 5f 82 86 5f 82 86 5f 5b b5 5b ae 00 00 9c 
[12:04:06] 48 82 86 5f 82 86 60 82 86 60 82 86 60 5b ad 5b a0 00 00 9d 
[12:04:06] 48 82 86 60 82 86 60 82 86 60 82 86 60 5b 83 5b 82 00 00 9e 
[12:04:06] 48 82 86 60 82 86 60 82 86 60 82 87 60 5b 66 5b 65 00 00 9f 
[12:04:06] 48 82 87 60 82 87 60 82 86 60 82 86 60 5b 4b 5b 67 00 00 a0 
[12:04:06] 48 82 86 60 82 86 60 82 86 60 82 86 60 5b 4f 5b 63 00 00 a1 
[12:04:06] 48 82 86 60 82 86 60 82 86 60 82 86 60 5b 3b 5b 3e 00 00 a2 
[12:04:06] 49 82 86 60 82 86 60 82 86 5f 82 86 60 5b 2b 5b 3c 00 00 a3 
[12:04:06] 49 82 86 60 82 87 60 82 86 60 82 86 60 5b 28 5b 1c 00 00 a4 
[12:04:06] 49 82 86 60 82 86 60 82 86 60 82 87 60 5b 34 5b 38 00 00 a5 
[12:04:06] 49 82 87 60 82 87 60 82 87 60 82 87 60 5b 43 5b 4c 00 00 a6 
[12:04:06] 49 82 87 60 82 87 60 82 87 60 82 87 60 5b 5e 5b 4b 00 00 a7 
[12:04:06] 49 82 86 60 82 86 5f 82 87 5f 82 87 5f 5b 55 5b 98 00 00 a8 
[12:04:06] 49 82 87 5f 82 87 5f 82 86 5f 82 86 5f 5b 7b 5b 67 00 00 a9 
[12:04:07] 49 82 86 60 82 86 60 82 87 60 82 86 5f 5b 43 5b 3f 00 00 aa 
[12:04:07] 49 82 86 5f 82 86 5f 82 86 60 82 86 60 5b 30 5b 33 00 00 ab 
[12:04:07] 49 82 86 60 82 87 60 82 87 60 82 87 60 5b 19 5b 26 00 00 ac 
[12:04:07] 49 82 87 60 82 87 60 82 87 60 82 87 60 5b 26 5b 21 00 00 ad 
[12:04:07] 49 82 87 60 82 87 60 82 86 60 82 86 5f 5b 0a 5b 21 00 00 ae 
[12:04:07] 49 82 86 5f 82 86 5f 82 86 5f 82 87 60 5b 27 5b 3b 00 00 af 
[12:04:07] 49 82 87 60 82 86 60 82 86 60 82 87 60 5b 25 5b 41 00 00 b0 
[12:04:07] 49 82 87 60 82 87 5f 82 86 5f 82 86 5f 5b 42 5b 4b 00 00 b1 
[12:04:07] 47 82 86 60 82 86 60 82 87 60 82 87 60 5b 39 5b 4c 00 00 b2 
[12:04:07] 47 83 86 60 83 86 60 83 86 60 83 87 60 5b 39 5b 19 00 00 b3 
[12:04:07] 47 83 87 5f 83 87 5f 82 87 60 82 88 60 5a e9 5a f5 00 00 b4 
[12:04:07] 47 82 89 60 81 88 60 81 87 60 82 86 60 5a f2 5a de 00 00 b5 
[12:04:07] 47 82 86 60 82 86 60 82 86 60 82 87 60 5a c8 5a a7 00 00 b6 
[12:04:08] 47 82 88 60 82 88 60 82 88 60 82 87 60 5a ce 5a c5 00 00 b7 
[12:04:08] 47 83 87 60 83 87 60 83 87 60 82 87 60 5a c9 5a bb 00 00 b8 
[12:04:08] 47 82 87 60 82 87 60 82 88 60 82 87 60 5a ce 5a d8 00 00 b9 
[12:04:08] 47 82 87 60 82 87 5f 83 87 60 82 87 60 5a d9 5a dc 00 00 ba 
[12:04:08] 47 82 87 60 82 87 60 82 87 60 82 87 60 5a f2 5a f6 00 00 bb 
[12:04:08] 47 82 87 60 82 88 60 82 88 60 82 88 60 5b 01 5a f9 00 00 bc 
[12:04:08] 47 82 88 60 82 87 60 82 87 60 82 87 60 5a e5 5a e5 00 00 bd 
[12:04:08] 47 82 87 60 82 87 60 82 87 60 82 87 60 5a d3 5a de 00 00 be 
[12:04:08] 47 82 87 60 82 88 60 82 88 60 82 88 60 5a ba 5a ae 00 00 bf 
[12:04:08] 47 82 87 60 82 87 60 82 87 60 82 87 60 5a 8f 5a 91 00 00 c0 
[12:04:08] 47 82 88 60 82 88 60 82 87 60 82 87 60 5a 90 5a 8c 00 00 c1 
[12:04:08] 47 82 87 60 82 87 60 82 87 60 82 87 60 5a 7a 5a 5f 00 00 c2 
[12:04:09] 47 82 87 60 82 87 60 82 87 60 82 87 60 5a 5f 5a 8d 00 00 c3 
[12:04:09] 47 82 87 60 82 87 60 82 87 60 82 87 60 5a 92 5a 9c 00 00 c4 
[12:04:09] 47 82 87 60 82 87 60 82 87 60 82 88 60 5a 92 5a 80 00 00 c5 
[12:04:09] 47 82 87 60 82 87 60 82 87 60 82 87 60 5a 88 5a 92 00 00 c6 
[12:04:09] 47 82 87 60 82 87 60 82 87 60 82 87 60 5a d0 5a d4 00 00 c7 
[12:04:09] 47 82 87 60 82 87 60 82 87 60 82 87 60 5a de 5a d1 00 00 c8 
[12:04:09] 47 82 87 60 82 87 60 82 87 60 82 87 60 5a b1 5a 85 00 00 c9 
[12:04:09] 47 82 87 60 82 87 60 82 87 60 82 87 60 5a 71 5a 66 00 00 ca 
[12:04:09] 47 82 87 60 82 87 60 82 88 60 82 88 60 5a 88 5a 79 00 00 cb 
[12:04:09] 47 82 88 60 82 88 60 82 87 60 82 87 60 5a 79 5a 60 00 00 cc 
[12:04:09] 47 82 88 60 82 87 60 82 87 60 82 87 60 5a 47 5a 3c 00 00 cd 
[12:04:09] 47 82 87 60 83 87 60 82 87 60 82 87 60 5a 40 5a 4a 00 00 ce 
[12:04:09] 47 82 87 60 82 87 60 82 87 60 82 87 60 5a 4e 5a 7a 00 00 cf 
[12:04:10] 47 82 87 60 82 87 60 82 87 60 82 87 60 5a 91 5a 94 00 00 d0 
[12:04:10] 47 82 87 60 82 87 60 82 87 60 82 87 60 5a 8d 5a 79 00 00 d1 
[12:04:10] 47 82 87 60 82 87 60 82 87 60 82 87 60 5a 8e 5a 99 00 00 d2 
[12:04:10] 47 82 87 60 82 87 60 82 87 60 82 87 60 5a a1 5a dd 00 00 d3 
[12:04:10] 47 82 87 60 82 87 60 82 87 60 82 87 60 5a d9 5a c9 00 00 d4 
[12:04:10] 47 82 87 60 82 87 60 82 87 60 82 87 60 5a a3 5a 76 00 00 d5 
[12:04:10] 47 82 88 60 82 87 60 82 87 60 82 88 60 5a 5b 5a 58 00 00 d6 
[12:04:10] 47 82 88 60 82 88 60 82 87 60 82 87 60 5a 54 5a 4b 00 00 d7 
[12:04:10] 47 82 87 60 82 87 60 82 88 60 82 87 60 5a 49 5a 7b 00 00 d8 
[12:04:10] 47 82 87 60 82 87 60 82 87 60 82 87 60 5a 72 5a 83 00 00 d9 
[12:04:10] 47 82 87 60 82 87 60 82 87 5f 82 87 60 5a 6a 5a 90 00 00 da 
[12:04:10] 47 82 87 60 82 87 60 82 87 60 82 87 60 5a 83 5a 9c 00 00 db 
[12:04:11] 47 82 87 60 82 87 60 82 87 60 82 87 60 5a 8b 5a 83 00 00 dc 
[12:04:11] 47 82 87 60 82 88 60 82 87 60 82 87 60 5a 89 5a 93 00 00 dd 
[12:04:11] 47 82 87 60 82 87 60 82 87 60 82 87 60 5a 9d 5a a7 00 00 de 
[12:04:11] 46 82 87 60 82 87 60 82 87 60 82 87 60 5a b1 5a b6 00 00 df 
[12:04:11] 46 82 87 60 82 87 60 82 87 60 82 87 60 5a e2 5a c2 00 00 e0 
[12:04:11] 46 82 87 60 82 87 60 82 87 60 82 87 60 5a ba 5a 9c 00 00 e1 
[12:04:11] 46 82 87 60 82 87 60 82 87 60 82 87 60 5a 79 5a 73 00 00 e2 
[12:04:11] 46 82 87 60 82 87 60 82 87 60 82 87 60 5a 71 5a 9d 00 00 e3 
[12:04:11] 46 82 87 60 82 87 60 82 87 60 82 87 60 5a a8 5a 9c 00 00 e4 
[12:04:11] 46 82 87 60 82 87 60 82 87 60 82 87 60 5a 8c 5a 77 00 00 e5 
[12:04:11] 46 82 87 60 82 87 60 82 87 60 82 87 60 5a 86 5a 97 00 00 e6 
[12:04:11] 46 82 87 60 82 87 60 82 88 60 82 87 60 5a 93 5a 98 00 00 e7 
[12:04:11] 46 82 87 60 82 87 60 82 87 60 82 87 60 5a a5 5a a8 00 00 e8 
[12:04:12] 46 82 87 60 82 87 60 82 87 60 82 87 60 5a e0 5a f3 00 00 e9 
[12:04:12] 46 82 87 60 82 87 60 82 87 60 82 87 60 5b 03 5a e7 00 00 ea 
[12:04:12] 46 83 87 60 83 87 60 82 87 60 82 87 60 5a b1 5a 9f 00 00 eb 
[12:04:12] 46 82 87 60 82 87 60 82 87 60 82 88 60 5a a1 5a a5 00 00 ec 
[12:04:12] 46 82 88 60 82 87 60 82 87 60 82 87 60 5a 93 5a a3 00 00 ed 
[12:04:12] 46 82 88 60 82 87 60 82 87 60 82 87 60 5a d2 5a d4 00 00 ee 
[12:04:12] 46 82 87 60 82 87 60 82 87 60 82 87 60 5a dd 5a ca 00 00 ef 
[12:04:12] 46 82 87 60 82 87 60 82 87 5f 82 87 5f 5a e5 5a f1 00 00 f0 
[12:04:12] 46 82 87 5f 82 87 60 82 87 60 82 87 60 5a fa 5a f6 00 00 f1 
[12:04:12] 46 82 87 60 82 87 60 82 87 60 82 87 60 5a de 5a ee 00 00 f2 
[12:04:12] 46 82 87 60 82 87 60 82 87 60 82 87 60 5a f5 5a f9 00 00 f3 
[12:04:12] 46 82 87 60 82 87 60 82 87 5f 82 87 5f 5b 01 5b 0a 00 00 f4 
[12:04:13] 46 82 87 60 82 87 60 82 87 60 82 87 60 5b 0f 5a fa 00 00 f5 
[12:04:13] 46 82 87 60 82 87 60 82 87 5f 82 87 5f 5a e2 5a c9 00 00 f6 
[12:04:13] 46 82 87 5f 82 87 5f 82 87 60 83 87 60 5a b9 5a e0 00 00 f7 
[12:04:13] 46 82 87 60 82 87 60 82 87 5f 82 87 5f 5a da 5a e2 00 00 f8 
[12:04:13] 46 82 87 60 82 87 60 82 87 60 82 87 60 5a cc 5a b2 00 00 f9 
[12:04:13] 46 82 87 60 82 87 60 82 87 60 82 87 60 5a b5 5a bb 00 00 fa 
[12:04:13] 46 82 87 60 82 87 60 82 87 60 82 87 60 5a c6 5a cc 00 00 fb 
[12:04:13] 46 82 87 60 82 87 60 82 87 60 82 87 60 5a d9 5b 0a 00 00 fc 
[12:04:13] 46 82 87 60 82 87 60 82 87 60 82 87 60 5b 15 5b 20 00 00 fd 
[12:04:13] 45 82 87 60 82 87 60 82 87 60 82 87 5f 5b 12 5a f8 00 00 fe 
[12:04:13] 45 82 87 60 82 87 60 82 87 60 82 87 60 5b 10 5b 16 00 00 ff 
[12:04:13] 45 83 87 5f 83 87 60 82 87 60 82 87 60 5a fd 5a ee 00 00 00 
[12:04:13] 45 82 87 60 82 87 60 82 87 60 82 87 60 5a dc 5a c3 00 00 01 
[12:04:14] 45 82 87 60 82 87 60 83 87 60 83 87 60 5a c9 5a c0 00 00 02 
[12:04:14] 45 83 87 60 82 87 60 82 87 60 83 87 60 5a ba 5a ef 00 00 03 
[12:04:14] 45 82 87 60 82 87 60 82 87 60 82 87 60 5a e9 5a f4 00 00 04 
[12:04:14] 45 82 87 60 83 86 60 83 86 60 83 86 60 5a e1 5a c6 00 00 05 
[12:04:14] 45 83 87 60 83 87 60 83 86 60 83 86 5f 5a cd 5a d7 00 00 06 
[12:04:14] 45 83 86 60 82 86 60 82 86 60 82 86 60 5a e1 5a df 00 00 07 
[12:04:14] 45 82 86 60 82 86 60 82 86 60 82 85 60 5a e7 5b 1d 00 00 08 
[12:04:14] 45 82 85 60 82 86 60 83 86 60 83 86 60 5b 38 5b 32 00 00 09 
[12:04:14] 45 83 86 5f 83 87 5f 82 86 60 82 87 60 5b 25 5a ee 00 00 0a 
[12:04:14] 45 82 87 60 82 87 60 82 86 60 82 86 60 5a e2 5a c3 00 00 0b 
[12:04:14] 45 83 86 60 83 86 60 83 86 60 82 86 60 5a b2 5a b1 00 00 0c 
[12:04:14] 45 82 87 60 82 86 60 83 86 60 83 86 5f 5a a6 5a d0 00 00 0d 
[12:04:15] 45 83 86 5f 83 86 5f 84 86 60 84 87 60 5a d3 5a cd 00 00 0e 
[12:04:15] 45 84 86 60 83 86 60 83 86 60 83 86 60 5a cd 5a cc 00 00 0f 
[12:04:15] 45 83 86 60 83 86 60 83 86 60 83 86 60 5a d3 5a dc 00 00 10 
[12:04:15] 45 83 86 60 83 86 60 83 86 60 83 86 60 5a c8 5a ae 00 00 11 
[12:04:15] 45 83 86 60 83 86 60 83 86 60 83 86 60 5a bc 5a ba 00 00 12 
[12:04:15] 45 83 86 60 83 86 60 83 86 60 83 86 60 5a c3 5a fe 00 00 13 
[12:04:15] 45 82 86 60 82 86 60 82 86 60 82 86 60 5a fb 5a f1 00 00 14 
[12:04:15] 45 82 86 60 83 86 60 83 86 5f 83 86 5f 5a c2 5a 98 00 00 15 
[12:04:15] 45 83 86 5f 83 86 5f 83 86 60 83 86 60 5a 85 5a 87 00 00 16 
[12:04:15] 45 83 86 60 83 86 60 83 86 60 83 86 5f 5a 8c 5a 8b 00 00 17 
[12:04:15] 45 83 86 5f 83 86 5f 83 86 5f 82 86 5f 5a 85 5a 93 00 00 18 
[12:04:15] 45 82 86 5f 82 86 5f 83 86 5f 83 86 5f 5a 88 5a 8d 00 00 19 
[12:04:15] 45 83 86 60 83 86 60 82 86 60 82 86 60 5a 8a 5a 97 00 00 1a 
[12:04:16] 45 83 86 60 83 86 60 83 86 60 83 86 60 5a 93 5a ad 00 00 1b 
[12:04:16] 45 82 86 60 82 86 5f 82 86 5f 82 86 60 5a e0 5a ec 00 00 1c 
[12:04:16] 45 82 86 5f 82 86 5f 82 86 60 82 86 60 5a f4 5a ea 00 00 1d 
[12:04:16] 45 82 86 5f 82 86 60 82 86 60 82 86 60 5a da 5a e8 00 00 1e 
[12:04:16] 45 82 86 5f 82 86 5f 82 86 5f 82 86 60 5a db 5a cd 00 00 1f 
[12:04:16] 45 82 86 60 82 86 60 82 86 60 82 86 60 5a c1 5a cf 00 00 20 
[12:04:16] 45 82 86 60 83 86 5f 83 86 5f 83 86 5f 5a c8 5a eb 00 00 21 
[12:04:16] 45 83 86 60 83 86 5f 83 86 5f 82 86 60 5a f6 5a e6 00 00 22 
[12:04:16] 45 82 86 60 82 86 5f 82 86 5f 82 86 5f 5a e1 5a cc 00 00 23 
[12:04:16] 45 83 86 5f 82 86 5f 82 86 60 82 86 60 5a c9 5a d5 00 00 24 
[12:04:16] 45 82 86 60 83 86 60 83 86 60 83 85 60 5a d7 5a e3 00 00 25 
[12:04:16] 45 82 86 60 82 86 60 82 89 60 83 89 60 5a ee 5a fe 00 00 26 
[12:04:16] 45 83 87 60 82 86 60 82 86 60 82 86 5f 5b 0f 5b 0f 00 00 27 
[12:04:17] 45 83 86 60 82 86 60 82 86 60 82 86 60 5b 1f 5b 18 00 00 28 
[12:04:17] 45 82 86 60 82 86 60 82 86 5f 82 86 5f 5b 13 5b 05 00 00 29 
[12:04:17] 45 82 86 5f 82 86 60 82 86 60 82 86 60 5a fd 5b 13 00 00 2a 
[12:04:17] 45 82 86 60 82 86 60 83 86 60 82 86 60 5b 0c 5b 05 00 00 2b 
[12:04:17] 45 82 86 60 82 86 60 82 86 60 82 86 60 5a f1 5a d5 00 00 2c 
[12:04:17] 45 82 86 5f 82 86 5f 83 86 5f 83 86 60 5a c9 5a bf 00 00 2d 
[12:04:17] 45 82 87 60 82 87 60 82 87 60 82 87 60 5a bc 5a ba 00 00 2e 
[12:04:17] 45 82 87 60 82 87 60 82 87 60 82 87 60 5a b4 5a b8 00 00 2f 
[12:04:17] 45 82 87 60 82 87 60 82 87 60 82 87 60 5a f6 5a f6 00 00 30 
[12:04:17] 45 82 87 60 82 87 60 82 87 60 83 87 60 5a f6 5a fb 00 00 31 
[12:04:17] 45 83 87 60 82 87 60 82 87 60 82 87 60 5a dc 5a eb 00 00 32 
[12:04:17] 45 82 87 60 82 87 5f 82 87 5f 78 88 63 5a ec 5a e5 00 00 33 
[12:04:18] 45 74 88 65 7d 87 62 80 87 61 81 87 60 5a c7 5a af 00 00 34 
[12:04:18] 45 82 87 60 82 87 60 82 87 60 82 88 60 5a 9c 5a 96 00 00 35 
[12:04:18] 45 82 87 60 82 87 60 83 87 60 83 87 60 5a 9b 5a 90 00 00 36 
[12:04:18] 45 83 87 60 82 87 60 82 87 60 82 87 60 5a 96 5a 96 00 00 37 
[12:04:18] 45 82 87 60 82 87 60 82 87 60 82 87 60 5a 91 5a a2 00 00 38 
[12:04:18] 45 82 87 60 82 87 60 82 87 60 83 87 60 5a 92 5a cd 00 00 39 
[12:04:18] 46 82 87 60 82 87 60 82 87 60 82 87 60 5a bd 5a b5 00 00 3a 
[12:04:18] 46 82 87 60 82 87 60 82 87 60 82 87 60 5a a3 5a 88 00 00 3b 
[12:04:18] 46 82 87 60 82 87 60 82 87 60 82 87 60 5a 93 5a 93 00 00 3c 
[12:04:18] 46 82 87 60 82 87 60 83 87 60 82 87 60 5a 95 5a 9c 00 00 3d 
[12:04:18] 46 83 87 60 83 87 60 82 87 60 82 87 60 5a 84 5a 58 00 00 3e 
[12:04:18] 46 82 87 60 82 87 60 82 87 60 83 87 60 5a 3d 5a 24 00 00 3f 
[12:04:18] 46 83 87 60 83 87 60 83 87 60 83 87 60 5a 3e 5a 33 00 00 40 
[12:04:19] 46 82 87 60 82 87 60 82 87 60 82 87 60 5a 22 5a 08 00 00 41 
[12:04:19] 46 82 87 60 82 87 60 82 87 60 82 87 60 59 e7 59 e9 00 00 42 
[12:04:19] 46 82 87 60 82 87 60 82 87 60 82 87 60 59 db 59 dc 00 00 43 
[12:04:19] 46 82 87 60 82 87 60 82 87 60 82 87 60 59 db 59 e4 00 00 44 
[12:04:19] 46 83 87 60 82 86 60 82 86 60 82 86 60 59 db 59 e5 00 00 45 
[12:04:19] 46 82 86 60 82 86 60 82 86 60 82 87 60 59 e8 5a 1c 00 00 46 
[12:04:19] 46 82 87 60 82 86 60 82 86 60 82 86 60 5a 25 5a 47 00 00 47 
[12:04:19] 46 82 86 60 82 86 60 82 86 60 82 86 60 5a 3d 5a 37 00 00 48 
[12:04:19] 47 82 85 60 82 85 60 83 86 60 83 86 5f 5a 3b 5a 43 00 00 49 
[12:04:19] 47 82 87 5f 82 87 5f 82 87 60 82 86 60 5a 59 5a 69 00 00 4a 
[12:04:19] 47 82 86 60 82 86 60 82 85 60 83 85 60 5a 77 5a 80 00 00 4b 
[12:04:19] 47 83 85 60 83 85 5f 83 85 5f 83 84 5f 5a 72 5a 72 00 00 4c 
[12:04:19] 47 83 84 5f 83 83 5f 83 82 5f 83 82 5f 5a 6a 5a 5d 00 00 4d 
[12:04:20] 47 82 82 5f 83 82 5f 82 80 60 82 80 60 5a 88 5a 7e 00 00 4e 
[12:04:20] 47 82 82 5f 82 82 5f 82 83 5f 82 83 5f 5a 7e 5a 65 00 00 4f 
[12:04:20] 47 83 82 5f 83 82 5f 83 82 5f 83 82 5f 5a 44 5a 44 00 00 50 
[12:04:20] 47 83 82 5f 82 82 5f 82 82 5f 83 82 5f 5a 45 5a 45 00 00 51 
[12:04:20] 47 83 81 5f 83 81 5f 81 7f 5f 81 7e 60 5a 54 5a 4d 00 00 52 
[12:04:20] 47 82 80 5f 82 81 5f 82 82 5f 82 82 5f 5a 43 5a 19 00 00 53 
[12:04:20] 47 82 82 5f 82 82 5f 83 82 5f 83 82 5f 59 f7 5a 08 00 00 54 
[12:04:20] 47 83 82 5f 82 82 5f 82 82 5f 82 82 5f 59 f9 59 f3 00 00 55 
[12:04:20] 47 82 82 5f 82 82 5f 82 82 60 83 82 60 59 da 59 c4 00 00 56 
[12:04:20] 47 83 82 5f 82 82 5f 82 82 5f 82 82 5f 59 a3 59 ac 00 00 57 
[12:04:20] 47 82 82 5f 82 82 5f 82 82 5f 82 82 5f 59 a2 59 a4 00 00 58 
[12:04:20] 47 82 82 5f 82 82 5f 82 82 5f 82 83 5f 59 a6 59 b6 00 00 59 
[12:04:21] 47 82 83 5f 82 82 5f 82 82 5f 82 82 5f 59 b3 59 c7 00 00 5a 
[12:04:21] 47 83 82 5f 83 83 5f 82 83 5f 82 83 5f 59 c4 59 d2 00 00 5b 
[12:04:21] 47 82 83 5f 82 82 5f 83 82 5f 83 82 5f 59 d2 5a 05 00 00 5c 
[12:04:21] 47 83 82 5f 82 82 5f 83 82 5f 83 81 5f 5a 11 5a 05 00 00 5d 
[12:04:21] 47 82 81 5f 82 81 5f 82 81 5f 82 81 5f 59 ca 59 90 00 00 5e 
[12:04:21] 47 82 82 5f 82 82 5f 82 82 5f 82 82 5f 59 75 59 5e 00 00 5f 
[12:04:21] 47 82 82 5f 82 82 5f 82 82 5f 82 82 5f 59 4f 59 50 00 00 60 
[12:04:21] 47 82 82 5f 82 82 5f 82 82 5f 82 82 5f 59 54 59 51 00 00 61 
[12:04:21] 47 82 82 5f 82 82 5f 82 82 5f 82 82 5f 59 41 59 46 00 00 62 
[12:04:21] 47 83 82 5f 82 83 5f 82 82 5f 82 82 5f 59 51 59 4d 00 00 63 
[12:04:21] 47 82 82 5f 82 82 5f 82 82 5f 82 83 5f 59 82 59 8f 00 00 64 
[12:04:21] 47 83 83 5f 82 82 5f 82 82 5f 82 82 5f 59 9f 59 86 00 00 65 
[12:04:21] 47 82 82 5f 82 83 5f 82 82 5f 82 82 5f 59 7a 59 7e 00 00 66 
[12:04:22] 47 82 82 60 81 83 5f 80 83 5e 81 82 5f 59 84 59 9a 00 00 67 
[12:04:22] 47 82 83 5f 82 82 5f 82 82 5f 82 82 5f 59 9c 59 86 00 00 68 
[12:04:22] 47 82 82 5f 82 82 5f 82 82 5f 82 82 5f 59 6c 59 4f 00 00 69 
[12:04:22] 47 82 82 5f 7e 82 5e 7c 83 5d 7f 82 5e 59 37 59 50 00 00 6a 
[12:04:22] 47 82 82 5f 82 82 5f 82 82 5f 82 82 5f 59 47 59 45 00 00 6b 
[12:04:22] 47 83 82 5f 83 82 5f 83 82 5f 83 82 5f 59 2b 59 09 00 00 6c 
[12:04:22] 47 83 82 5f 83 82 5f 83 82 5f 82 82 5f 59 0a 59 14 00 00 6d 
[12:04:22] 47 82 82 5f 82 82 5f 82 82 5f 82 82 5f 59 13 59 0d 00 00 6e 
[12:04:22] 47 82 82 5f 83 82 5f 82 82 5f 82 83 5f 59 1a 59 25 00 00 6f 
[12:04:22] 47 82 83 5f 82 82 5f 82 82 5f 83 82 5f 59 30 59 37 00 00 70 
[12:04:22] 47 83 82 5f 83 82 5f 83 82 5f 83 82 5f 59 51 59 53 00 00 71 
[12:04:22] 47 83 82 5f 83 82 5f 83 82 5f 83 83 5f 59 5d 59 6e 00 00 72 
[12:04:23] 47 83 83 5f 83 82 5f 82 82 5f 82 82 5f 59 71 59 72 00 00 73 
[12:04:23] 47 82 82 5f 83 82 5f 83 82 5f 83 82 5f 59 51 59 6c 00 00 74 
[12:04:23] 47 83 82 5f 83 82 5f 83 82 5f 83 82 5f 59 55 59 4f 00 00 75 
[12:04:23] 47 82 82 5f 82 82 5f 82 82 5f 82 82 5f 59 36 59 14 00 00 76 
[12:04:23] 47 82 82 5f 82 82 5f 82 82 5f 82 82 5f 59 28 59 13 00 00 77 
[12:04:23] 47 82 82 5f 82 82 5f 83 82 5f 83 83 5f 59 13 59 20 00 00 78 
[12:04:23] 47 82 82 5f 82 82 5f 82 82 5f 82 82 5f 59 1f 59 2a 00 00 79 
[12:04:23] 47 82 82 5f 82 82 5f 82 82 5f 82 82 5f 59 41 59 3f 00 00 7a 
[12:04:23] 47 82 82 5f 82 82 5f 82 82 5f 82 82 5f 59 3f 59 55 00 00 7b 
[12:04:23] 47 82 82 5f 82 82 5f 83 82 5f 83 82 5f 59 68 59 96 00 00 7c 
[12:04:23] 47 83 82 5f 82 82 5f 82 82 5f 83 82 5f 59 ab 59 b8 00 00 7d 
[12:04:23] 47 83 82 5f 82 82 5f 82 82 5f 82 82 5f 59 94 59 51 00 00 7e 
[12:04:23] 47 82 82 5f 82 82 5f 82 82 5f 82 82 5f 59 38 59 23 00 00 7f 
[12:04:24] 47 82 82 5f 82 82 5f 82 82 5f 82 83 5f 59 11 59 0f 00 00 80 
[12:04:24] 47 82 83 5f 82 82 5f 82 82 5f 82 82 5f 59 1b 59 0c 00 00 81 
[12:04:24] 47 82 82 5f 82 82 5f 82 82 5f 82 82 5f 59 39 59 40 00 00 82 
[12:04:24] 47 82 82 5f 82 82 5f 82 82 5f 82 83 5f 59 47 59 40 00 00 83 
[12:04:24] 47 82 83 5f 82 82 5f 82 82 5f 82 82 5f 59 25 59 26 00 00 84 
[12:04:24] 47 82 82 5f 82 83 5f 82 83 5f 82 83 5f 59 3c 59 45 00 00 85 
[12:04:24] 47 82 83 5f 83 82 5f 82 82 5f 82 82 5f 59 42 59 4c 00 00 86 
[12:04:24] 47 83 82 5f 83 82 5f 83 82 5f 83 83 5f 59 65 59 6a 00 00 87 
[12:04:24] 47 83 82 5f 82 82 5f 82 82 5f 82 82 5f 59 64 59 91 00 00 88 
[12:04:24] 47 82 82 5f 82 82 5f 82 82 5f 82 82 5f 59 7d 59 51 00 00 89 
[12:04:25] 47 82 82 5f 82 82 5f 82 82 5f 82 82 5f 59 3a 59 10 00 00 8a 
[12:04:25] 47 82 82 5f 82 82 5f 82 82 5f 82 82 5f 59 02 59 08 00 00 8b 
[12:04:25] 47 82 82 5f 82 82 5f 82 82 5f 82 82 5f 59 08 59 03 00 00 8c 
[12:04:25] 47 82 82 5f 82 82 5f 83 82 5f 82 82 5f 59 05 59 3d 00 00 8d 
[12:04:25] 47 82 82 5f 81 82 5e 81 83 5e 82 82 5f 59 42 59 41 00 00 8e 
[12:04:25] 47 82 82 5f 82 82 5f 82 82 5f 82 82 5f 59 34 59 23 00 00 8f 
[12:04:25] 47 82 82 5f 82 82 5f 82 82 5f 82 82 5f 59 40 59 3e 00 00 90 
[12:04:25] 47 82 82 5f 82 82 5f 82 82 5f 82 82 5f 59 41 59 61 00 00 91 
[12:04:25] 47 82 82 5f 82 82 5f 82 82 5f 82 82 5f 59 5f 59 62 00 00 92 
[12:04:25] 47 82 82 5f 82 82 5f 82 82 5f 82 82 5f 59 48 59 2f 00 00 93 
[12:04:25] 47 82 82 5f 82 82 5f 82 82 5f 82 82 5f 59 16 59 04 00 00 94 
[12:04:25] 47 82 82 5f 82 82 5f 81 82 5f 82 82 5f 59 0c 59 06 00 00 95 
[12:04:25] 47 82 82 5f 82 82 5f 82 83 5f 82 82 5f 58 f6 59 2a 00 00 96 
[12:04:25] 47 83 82 5f 83 82 5f 83 82 5f 82 82 5f 59 23 59 2f 00 00 97 
[12:04:25] 47 82 82 5f 82 82 5f 82 83 5f 82 83 5f 59 1d 59 06 00 00 98 
[12:04:26] 47 83 82 5f 83 82 5f 82 82 5f 83 82 5f 59 12 59 1a 00 00 99 
[12:04:26] 47 83 81 5f 83 82 5f 82 83 5f 82 83 5f 59 23 59 26 00 00 9a 
[12:04:26] 47 82 82 5f 82 81 5f 83 81 5f 83 82 5f 59 31 59 43 00 00 9b 
[12:04:26] 47 82 83 5f 82 83 5f 82 83 5f 82 83 5f 59 3f 59 24 00 00 9c 
[12:04:26] 47 82 82 5f 83 81 5f 83 81 5f 82 81 5f 59 18 59 02 00 00 9d 
[12:04:26] 47 82 82 5f 82 82 5f 82 82 5f 82 82 5f 58 ff 58 f7 00 00 9e 
[12:04:26] 47 82 82 5f 82 81 5f 82 81 5f 82 82 5f 59 00 59 35 00 00 9f 
[12:04:26] 47 82 82 5f 82 82 5f 82 82 5f 82 81 5f 59 2b 59 24 00 00 a0 
[12:04:26] 47 83 82 5f 83 82 5f 82 82 5f 82 82 5f 59 1b 59 09 00 00 a1 
[12:04:26] 47 82 82 5f 82 82 5f 82 82 5f 83 82 5f 59 06 59 11 00 00 a2 
[12:04:26] 47 82 82 5f 82 82 5f 82 81 5f 82 81 5f 59 18 59 2a 00 00 a3 
[12:04:26] 47 82 81 5f 82 81 5f 82 82 5f 82 82 5f 59 31 59 33 00 00 a4 
[12:04:27] 47 82 82 5f 82 81 5f 82 81 5f 82 81 5f 59 36 59 3d 00 00 a5 
[12:04:27] 47 82 81 5f 83 82 5f 83 81 5f 82 80 5f 59 3e 59 20 00 00 a6 
[12:04:27] 47 82 81 5f 82 82 5f 82 82 5f 82 81 5f 59 02 58 f0 00 00 a7 
[12:04:27] 47 82 81 5f 82 82 5f 82 82 5f 82 82 5f 58 dc 58 de 00 00 a8 
[12:04:27] 47 82 82 5f 82 82 5f 82 82 5f 82 82 5f 59 06 59 03 00 00 a9 
[12:04:27] 47 82 82 5f 82 82 5f 82 82 5f 82 82 5f 58 fb 58 ef 00 00 aa 
[12:04:27] 47 82 82 5f 82 82 5f 82 82 5f 82 82 5f 58 d5 58 d3 00 00 ab 
[12:04:27] 47 82 81 5f 82 81 5f 82 81 5f 82 81 5f 58 df 58 dc 00 00 ac 
[12:04:27] 47 82 82 5f 82 82 5f 82 81 5f 82 81 5f 58 e8 58 e9 00 00 ad 
[12:04:27] 47 82 82 5f 82 82 5f 82 82 5f 82 82 5f 58 fa 58 fc 00 00 ae 
[12:04:27] 47 82 82 5f 82 82 5f 82 82 5f 82 81 5f 59 28 59 40 00 00 af 
[12:04:27] 47 82 82 5f 82 82 5f 82 82 5f 82 82 5f 59 49 59 33 00 00 b0 
[12:04:27] 47 82 82 5f 82 82 5f 82 82 5f 82 82 5f 58 e7 58 cd 00 00 b1 
[12:04:27] 47 82 82 5f 82 82 5f 83 82 5f 83 82 5f 58 bd 58 b0 00 00 b2 
[12:04:28] 48 83 82 5f 83 82 5f 83 82 5f 83 82 5f 58 92 58 95 00 00 b3 
[12:04:28] 48 82 81 5f 82 81 5f 82 81 5f 82 81 5f 58 90 58 90 00 00 b4 
[12:04:28] 48 82 81 5f 82 82 5f 82 82 5f 82 82 5f 58 7f 58 81 00 00 b5 
[12:04:28] 48 82 82 5f 82 81 5f 82 81 5f 82 81 5f 58 7e 58 7a 00 00 b6 
[12:04:28] 48 82 82 5f 82 82 5f 82 82 5f 82 82 5f 58 81 58 7d 00 00 b7 
[12:04:28] 48 83 82 5f 83 81 5f 82 81 5f 82 82 5f 58 89 58 96 00 00 b8 
[12:04:28] 48 82 82 5f 83 82 5f 82 82 5f 82 82 5f 58 94 58 cc 00 00 b9 
[12:04:28] 48 82 82 5f 82 82 5f 82 82 5f 82 82 5f 58 d9 58 e3 00 00 ba 
[12:04:28] 48 82 82 5f 82 82 5f 82 82 5f 82 82 5f 58 dc 58 bb 00 00 bb 
[12:04:28] 48 82 82 5f 82 82 5f 82 82 5f 82 82 5f 58 95 58 6d 00 00 bc 
[12:04:28] 48 82 82 5f 82 82 5f 82 82 5f 82 81 5f 58 68 58 66 00 00 bd 
[12:04:28] 48 82 82 5f 82 82 5f 83 82 5f 83 82 5f 58 6c 58 63 00 00 be 
[12:04:29] 48 83 81 5f 82 81 5f 82 81 5f 83 81 5f 58 86 58 84 00 00 bf 
[12:04:29] 48 82 81 5f 82 82 5f 82 82 5f 82 82 5f 58 84 58 65 00 00 c0 
[12:04:29] 48 82 82 5f 83 82 5f 83 82 5f 82 81 5f 58 5e 58 54 00 00 c1 
[12:04:29] 48 82 82 5f 82 82 5f 82 82 5f 82 82 5f 58 5f 58 69 00 00 c2 
[12:04:29] 48 82 82 5f 82 82 5f 83 82 5f 82 82 5f 58 6f 58 7e 00 00 c3 
[12:04:29] 48 82 82 5f 82 82 5f 82 81 5f 82 82 5f 58 81 58 8f 00 00 c4 
[12:04:29] 48 82 82 5f 82 82 5f 82 82 5f 82 82 5f 58 9d 58 a1 00 00 c5 
[12:04:29] 48 82 82 5f 82 82 5f 83 81 5f 83 81 5f 58 89 58 62 00 00 c6 
[12:04:29] 48 83 81 5f 83 82 5f 83 82 5f 83 82 5f 58 3f 58 2f 00 00 c7 
[12:04:29] 48 83 82 5f 82 82 5f 82 82 5f 82 82 5f 58 28 58 22 00 00 c8 
[12:04:29] 48 82 82 5f 82 82 5f 82 82 5f 82 82 5f 58 1f 58 17 00 00 c9 
[12:04:29] 48 82 82 5f 82 82 5f 82 82 5f 82 82 5f 58 1a 58 0d 00 00 ca 
[12:04:29] 48 82 82 5f 82 82 5f 82 82 5f 82 82 5f 58 13 58 24 00 00 cb 
[12:04:30] 48 82 82 5f 82 82 5f 82 82 5f 82 82 5f 58 1f 58 5e 00 00 cc 
[12:04:30] 48 82 82 5f 82 82 5f 82 82 5f 82 82 5f 58 53 58 67 00 00 cd 
[12:04:30] 48 82 82 5f 82 82 5f 82 82 5f 82 82 5f 58 5e 58 4b 00 00 ce 
[12:04:30] 48 82 82 5f 82 82 5f 82 81 5f 82 82 5f 58 5a 58 69 00 00 cf 
[12:04:30] 48 82 82 5f 82 82 5f 82 82 5f 82 82 5f 58 6c 58 51 00 00 d0 
[12:04:30] 48 82 82 5f 82 82 5f 82 82 5f 82 82 5f 58 62 58 3b 00 00 d1 
[12:04:30] 48 82 82 5f 82 82 5f 83 82 5f 82 81 5f 58 1c 57 f4 00 00 d2 
[12:04:30] 48 82 81 5f 82 81 5f 82 81 5f 82 82 5f 57 ca 57 b6 00 00 d3 
[12:04:30] 48 82 82 5f 82 82 5f 82 82 5f 82 82 5f 57 b0 57 b6 00 00 d4 
[12:04:30] 48 82 82 5f 82 82 5f 82 82 5f 82 82 5f 57 b7 57 b5 00 00 d5 
[12:04:30] 48 82 82 5f 82 82 5f 82 82 5f 82 82 5f 57 bb 57 b9 00 00 d6 
[12:04:30] 48 82 82 5f 82 82 5f 82 82 5f 82 82 5f 57 c6 57 d3 00 00 d7 
[12:04:31] 48 82 82 5f 82 82 5f 82 82 5f 82 82 5f 57 e4 57 ec 00 00 d8 
[12:04:31] 48 82 82 5f 82 82 5f 82 82 5f 82 82 5f 57 f5 58 09 00 00 d9 
[12:04:31] 48 82 82 5f 82 82 5f 82 82 5f 82 82 5f 58 0e 58 0d 00 00 da 
[12:04:31] 48 82 82 5f 82 82 5f 82 82 5f 82 82 5f 58 03 57 dc 00 00 db 
[12:04:31] 48 82 82 5f 82 82 5f 82 82 5f 82 82 5f 57 c5 57 dc 00 00 dc 
[12:04:31] 48 82 81 5f 83 81 5f 83 81 60 83 81 5f 57 cc 57 cb 00 00 dd 
[12:04:31] 48 83 82 5f 82 82 5f 82 82 5f 82 82 5f 57 a4 57 84 00 00 de 
[12:04:31] 48 82 82 5f 82 82 5f 82 82 5f 82 82 5f 57 7f 57 7b 00 00 df 
[12:04:31] 48 83 82 5f 83 82 5f 82 82 5f 82 82 5f 57 7d 57 76 00 00 e0 
[12:04:31] 48 82 82 5f 83 82 5f 83 82 5f 83 82 5f 57 82 57 8f 00 00 e1 
[12:04:31] 48 82 82 5f 82 82 5f 83 82 5f 83 82 5f 57 c7 57 d1 00 00 e2 
[12:04:31] 48 82 82 5f 82 82 5f 82 82 5f 82 82 5f 57 e6 57 d3 00 00 e3 
[12:04:31] 48 82 81 5f 82 81 5f 82 82 5f 82 82 5f 57 ce 57 dc 00 00 e4 
[12:04:32] 48 82 82 5f 82 82 5f 82 82 5f 83 82 5f 57 e8 57 cb 00 00 e5 
[12:04:32] 48 82 82 5f 82 82 5f 82 82 5f 82 82 5f 57 a7 57 84 00 00 e6 
[12:04:32] 48 82 82 5f 82 82 5f 82 82 5f 82 82 5f 57 7f 57 73 00 00 e7 
[12:04:32] 48 82 82 5f 82 82 5f 82 82 5f 83 82 5f 57 78 57 71 00 00 e8 
[12:04:32] 48 83 82 5f 83 82 5f 83 82 5f 83 82 5f 57 77 57 7f 00 00 e9 
[12:04:32] 48 82 82 5f 82 82 5f 82 82 5f 82 82 5f 57 89 57 8a 00 00 ea 
[12:04:32] 48 82 81 5f 82 81 5f 82 82 5f 82 82 5f 57 9d 57 a9 00 00 eb 
[12:04:32] 48 82 81 5f 82 81 5f 82 81 5f 82 82 5f 57 be 57 c0 00 00 ec 
[12:04:32] 48 82 82 5f 82 82 5f 82 82 5f 82 82 5f 57 d6 57 e4 00 00 ed 
[12:04:32] 48 82 82 5f 82 82 5f 82 82 5f 82 82 5f 58 24 58 3b 00 00 ee 
[12:04:32] 49 82 82 5f 82 82 5f 82 82 5f 83 82 5f 58 37 58 2a 00 00 ef 
[12:04:32] 49 83 82 5f 82 82 5f 82 82 5f 82 82 5f 58 0d 58 1c 00 00 f0 
[12:04:33] 49 82 82 5f 82 82 5f 82 82 5f 82 82 5f 58 3d 58 61 00 00 f1 
[12:04:33] 49 82 82 5f 82 82 5f 82 82 5f 82 82 5f 58 9d 58 d8 00 00 f2 
[12:04:33] 49 82 82 5f 82 82 5f 82 82 5f 82 82 5f 59 14 59 50 00 00 f3 
[12:04:33] 49 82 82 5f 82 82 5f 82 82 5f 82 82 5f 59 88 59 c1 00 00 f4 
[12:04:33] 49 82 82 5f 82 82 5f 82 82 5f 83 82 5f 5a 14 5a 3e 00 00 f5 
[12:04:33] 49 82 81 5f 82 81 5f 82 81 5f 82 82 5f 5a 6e 5a 6e 00 00 f6 
[12:04:33] 49 82 81 5f 82 82 5f 83 82 5f 83 82 5f 5a 70 5a 9c 00 00 f7 
[12:04:33] 49 83 82 5f 83 81 5f 83 81 5f 82 81 5f 5a ae 5a c0 00 00 f8 
[12:04:33] 49 82 81 5f 82 81 5f 82 81 5f 82 81 5f 5a e5 5a f6 00 00 f9 
[12:04:33] 49 82 81 5f 82 82 5f 82 82 5f 82 82 5f 5b 12 5b 18 00 00 fa 
[12:04:33] 49 82 82 5f 82 82 5f 82 82 5f 82 82 5f 5b 22 5b 30 00 00 fb 
[12:04:33] 49 82 82 5f 82 82 5f 82 82 5f 82 82 5f 5b 3c 5b 44 00 00 fc 
[12:04:33] 49 82 82 5f 82 81 5f 82 81 5f 82 81 5f 5b 4c 5b 5d 00 00 fd 
[12:04:34] 49 82 81 5f 82 81 5f 82 81 5f 82 81 5f 5b 9b 5b be 00 00 fe 
[12:04:34] 49 82 81 5f 82 81 5f 82 81 5f 82 82 5f 5b c6 5b b8 00 00 ff 
[12:04:34] 49 82 82 5f 82 82 5f 82 82 5f 82 81 5f 5b ab 5b b7 00 00 00 
[12:04:34] 49 82 81 5f 82 81 5f 82 81 5f 82 81 5f 5b c1 5b d5 00 00 01 
[12:04:34] 49 83 81 5f 82 81 5f 82 81 5f 82 81 5f 5b cc 5b d0 00 00 02 
[12:04:34] 49 82 81 5f 82 81 5f 82 81 5f 82 81 5f 5b c7 5b b9 00 00 03 
[12:04:34] 49 82 81 5f 82 82 5f 82 82 5f 82 83 5f 5b a9 5b af 00 00 04 
[12:04:34] 49 82 84 5f 82 85 5f 82 86 60 82 87 60 5b a7 5b b3 00 00 05 
[12:04:34] 49 82 87 5f 82 88 5f 83 88 60 83 88 61 5b fb 5c 08 00 00 06 
[12:04:34] 49 83 89 61 83 89 61 82 8a 61 82 8a 61 5c 10 5b a8 00 00 07 
[12:04:34] 49 83 8a 61 83 8b 61 82 8b 61 82 8b 61 5b b3 5b af 00 00 08 
[12:04:34] 49 82 8b 61 83 8b 61 83 8b 61 83 8b 61 5b 9d 5b 9d 00 00 09 
[12:04:35] 49 82 8b 61 82 8b 61 83 8b 61 83 8b 61 5b a4 5b ac 00 00 0a 
[12:04:35] 49 83 8a 61 82 8a 61 82 8b 61 82 8b 61 5b 81 5b 83 00 00 0b 
[12:04:35] 49 82 8b 61 82 8a 61 83 8a 60 83 8a 61 5b 73 5b 6e 00 00 0c 
[12:04:35] 49 83 8a 61 82 8a 61 82 8a 61 82 8a 61 5b 62 5b 58 00 00 0d 
[12:04:35] 49 82 8a 61 82 8a 60 82 89 60 82 89 60 5b 65 5b 60 00 00 0e 
[12:04:35] 49 82 8a 61 82 8a 61 82 8a 61 82 8b 61 5b 7c 5b 4f 00 00 0f 
[12:04:35] 49 82 8a 60 82 8a 60 82 8a 60 82 8a 60 5b 65 5b 5b 00 00 10 
[12:04:35] 49 83 89 60 83 8a 60 83 8a 60 83 8a 60 5b 5a 5b 5f 00 00 11 
[12:04:35] 49 83 8a 60 82 8a 61 82 8a 61 82 89 60 5b 52 5b 60 00 00 12 
[12:04:35] 49 82 89 60 82 89 60 82 89 60 82 89 60 5b 5d 5b 84 00 00 13 
[12:04:35] 49 82 89 60 82 89 60 82 89 60 83 88 60 5b 70 5b 79 00 00 14 
[12:04:35] 49 83 88 60 83 88 60 83 87 60 83 88 61 5b 68 5b 59 00 00 15 
[12:04:35] 49 83 88 60 83 89 60 82 88 60 82 87 60 5b 4a 5b 37 00 00 16 
[12:04:36] 49 83 86 60 83 86 60 82 86 60 82 87 60 5b 42 5b 38 00 00 17 
[12:04:36] 49 83 87 60 83 86 60 82 84 5b 82 84 58 5b 56 5b 38 00 00 18 
[12:04:36] 49 82 87 5c 82 87 5e 82 87 5f 82 88 60 5b 47 5b 30 00 00 19 
[12:04:36] 49 82 88 60 82 88 5f 82 88 5f 83 87 60 5b 3e 5b 33 00 00 1a 
[12:04:36] 49 83 89 60 81 8a 61 80 8a 61 80 8b 61 5b 2f 5b 43 00 00 1b 
[12:04:36] 4a 83 85 5f 84 84 5f 83 84 60 82 85 60 5b 37 5b 61 00 00 1c 
[12:04:36] 4a 82 85 5f 82 85 5f 82 85 5f 82 86 5f 5b 4a 5b 4a 00 00 1d 
[12:04:36] 4a 82 86 60 82 86 60 82 85 60 82 85 60 5b 31 5b 36 00 00 1e 
[12:04:36] 4a 82 86 60 82 87 60 82 87 60 82 87 60 5b 14 5a fd 00 00 1f 
[12:04:36] 4a 82 88 60 82 88 60 82 89 60 82 89 60 5a f4 5a fc 00 00 20 
[12:04:36] 4a 82 88 60 82 88 60 82 88 60 82 87 60 5a fa 5a ee 00 00 21 
[12:04:36] 4a 82 87 60 82 87 60 82 87 60 82 87 5f 5b 01 5a ec 00 00 22 
[12:04:37] 4a 83 87 60 82 87 60 82 87 60 82 87 5f 5b 0d 5a f6 00 00 23 
[12:04:37] 4a 82 87 60 82 87 60 82 87 60 82 87 60 5a fd 5a f4 00 00 24 
[12:04:37] 4a 82 87 60 82 87 60 82 87 60 82 87 60 5a fd 5b 07 00 00 25 
[12:04:37] 4a 82 87 60 82 87 60 82 87 60 82 87 60 5a f6 5b 09 00 00 26 
[12:04:37] 4a 82 87 60 82 87 60 82 87 60 82 87 60 5b 04 5b 19 00 00 27 
[12:04:37] 4a 82 87 60 82 87 60 82 87 60 82 87 60 5a eb 5a e8 00 00 28 
[12:04:37] 4a 82 87 5f 82 86 5f 82 86 5f 82 86 5f 5a d9 5a de 00 00 29 
[12:04:37] 4a 82 86 5f 82 86 5f 82 86 60 82 86 60 5a e2 5a e4 00 00 2a 
[12:04:37] 4a 82 86 60 82 86 60 82 86 60 82 86 60 5a fb 5a fc 00 00 2b 
[12:04:37] 4c 82 86 60 82 86 60 82 86 60 82 86 60 5b 22 5b 03 00 00 2c 
[12:04:37] 4c 82 86 60 82 86 60 82 86 5f 82 86 5f 5b 20 5b 10 00 00 2d 
[12:04:37] 4c 82 86 5f 82 86 5f 82 86 5f 82 86 60 5b 25 5b 0d 00 00 2e 
[12:04:37] 4c 82 86 60 82 86 60 82 86 60 82 86 60 5b 0c 5b 2d 00 00 2f 
[12:04:38] 4c 82 86 60 82 86 5f 82 86 5f 82 86 5f 5b 41 5b 4b 00 00 30 
[12:04:38] 4c 82 86 60 82 86 60 82 86 5f 82 86 5f 5b 3b 5b 4b 00 00 31 
[12:04:38] 4c 82 86 5f 82 86 5f 82 86 5f 82 86 5f 5b 29 5b 47 00 00 32 
[12:04:38] 4c 82 86 5f 82 86 60 82 86 60 82 86 60 5b 1f 5b 2a 00 00 33 
[12:04:38] 4c 82 86 60 82 86 60 82 86 60 82 86 5f 5b 19 5b 14 00 00 34 
[12:04:38] 4c 82 86 5f 82 86 60 82 86 60 82 86 5f 5b 15 5b 0b 00 00 35 
[12:04:38] 4c 82 86 5f 82 86 60 82 86 60 82 86 60 5b 19 5b 1c 00 00 36 
[12:04:38] 4c 82 86 60 82 86 5f 82 86 5f 82 86 5f 5b 30 5b 19 00 00 37 
[12:04:38] 4c 82 86 5f 82 86 5f 82 86 5f 82 86 5f 5b 2e 5b 2a 00 00 38 
[12:04:38] 4c 82 86 5f 82 86 5f 82 86 60 82 86 60 5b 39 5b 22 00 00 39 
[12:04:38] 4c 82 86 5f 82 86 5f 82 86 5f 82 86 5f 5b 1d 5b 35 00 00 3a 
[12:04:38] 4d 82 86 5f 82 86 60 82 86 60 82 86 60 5b 28 5b 6c 00 00 3b 
[12:04:38] 4d 82 86 60 82 86 60 82 86 60 82 86 5f 5b 81 5b 7e 00 00 3c 
[12:04:39] 4d 82 86 5f 82 86 60 82 86 60 82 86 60 5b 7a 5b 67 00 00 3d 
[12:04:39] 4d 82 86 60 82 86 60 82 86 5f 82 86 5f 5b 5e 5b 5c 00 00 3e 
[12:04:39] 4d 82 86 5f 82 86 5f 82 86 5f 82 86 60 5b 50 5b 43 00 00 3f 
[12:04:39] 4d 82 86 60 82 86 5f 82 86 5f 82 86 5f 5b 70 5b 77 00 00 40 
[12:04:39] 4d 82 86 5f 82 86 5f 82 86 5f 82 86 5f 5b 63 5b 54 00 00 41 
[12:04:39] 4d 82 86 60 82 86 5f 82 86 5f 82 86 5f 5b 30 5b 3f 00 00 42 
[12:04:39] 4d 82 86 5f 82 86 5f 82 86 60 82 86 60 5b 34 5b 44 00 00 43 
[12:04:39] 4d 82 86 60 82 86 60 82 86 5f 82 86 5f 5b 47 5b 37 00 00 44 
[12:04:39] 4d 82 86 5f 82 86 5f 82 86 5f 82 86 60 5b 15 5b 23 00 00 45 
[12:04:39] 4d 82 86 60 82 86 60 82 86 5f 82 86 5f 5a fa 5a f0 00 00 46 
[12:04:39] 4d 82 86 60 82 86 60 82 86 60 82 86 5f 5a c8 5a a8 00 00 47 
[12:04:39] 4d 82 86 5f 82 86 5f 82 86 5f 82 86 5f 5a 9a 5a 94 00 00 48 
[12:04:40] 4d 82 86 60 82 86 60 82 86 60 82 86 60 5a 88 5a 84 00 00 49 
[12:04:40] 4e 82 86 60 82 86 5f 82 86 5f 82 86 5f 5a 80 5a 7f 00 00 4a 
[12:04:40] 4e 82 86 5f 82 86 5f 82 86 60 82 86 60 5a 80 5a 7b 00 00 4b 
[12:04:40] 4e 82 86 60 82 86 60 82 86 60 82 86 5f 5a 79 5a b9 00 00 4c 
[12:04:40] 4e 82 86 5f 82 86 5f 82 86 5f 82 86 5f 5a be 5a c1 00 00 4d 
[12:04:40] 4e 82 86 5f 82 86 60 82 86 60 83 86 60 5a b4 5a b3 00 00 4e 
[12:04:40] 4e 82 86 60 82 85 60 82 85 5f 82 84 5f 5a 7e 5a 63 00 00 4f 
[12:04:40] 4e 82 84 5f 83 84 5f 82 85 60 82 87 61 5a 2a 59 fd 00 00 50 
[12:04:40] 4e 82 89 60 81 89 60 82 87 60 82 86 60 59 f2 59 e6 00 00 51 
[12:04:40] 4e 83 85 5f 83 84 5f 83 83 5f 83 83 5f 59 de 59 d1 00 00 52 
[12:04:40] 4e 83 84 5f 83 84 5f 83 85 5f 82 85 5f 59 d0 59 cd 00 00 53 
[12:04:40] 4e 82 85 5f 82 85 5f 82 85 5f 82 84 5f 59 c5 59 d4 00 00 54 
[12:04:40] 4e 82 84 5f 83 85 5f 83 85 5f 83 85 5f 59 ce 59 db 00 00 55 
[12:04:41] 4e 83 86 5f 82 86 5f 82 86 5f 82 86 5f 59 d5 5a 11 00 00 56 
[12:04:41] 4e 82 85 5f 82 85 5f 82 85 5f 83 85 5f 5a 16 5a 26 00 00 57 
[12:04:41] 4e 83 85 5f 83 85 5f 83 85 5f 82 85 5f 5a 1d 5a 01 00 00 58 
[12:04:41] 4e 82 85 5f 83 85 5f 83 85 5f 83 85 5f 59 dd 59 bd 00 00 59 
[12:04:41] 4e 82 85 5f 82 85 5f 82 85 5f 82 85 5f 59 9f 59 86 00 00 5a 
[12:04:41] 4e 83 85 5f 83 85 5f 82 85 5f 82 85 5f 59 87 59 7b 00 00 5b 
[12:04:41] 4e 82 85 5f 82 85 5f 83 85 5f 83 85 60 59 82 59 70 00 00 5c 
[12:04:41] 4e 82 85 60 82 85 5f 82 85 5f 82 85 5f 59 72 59 6f 00 00 5d 
[12:04:41] 4e 83 85 5f 82 85 5f 82 85 5f 82 85 5f 59 6f 59 7a 00 00 5e 
[12:04:41] 4e 82 85 5f 82 85 5f 82 85 5f 82 85 5f 59 8a 59 91 00 00 5f 
[12:04:41] 4e 82 85 5f 82 85 5f 82 85 5f 82 85 5f 59 c3 59 c5 00 00 60 
[12:04:41] 4e 83 85 5f 83 85 5f 83 85 5f 83 85 60 59 cc 59 d4 00 00 61 
[12:04:42] 4e 83 85 60 82 85 5f 82 85 5f 82 85 5f 59 b6 59 b0 00 00 62 
[12:04:42] 4e 82 85 5f 82 85 5f 82 85 5f 82 85 5f 59 88 59 62 00 00 63 
[12:04:42] 4e 82 84 5f 82 84 5f 82 84 5f 82 85 5f 59 4d 59 33 00 00 64 
[12:04:42] 4e 82 85 5f 82 85 5f 82 85 5f 82 84 5f 59 27 59 1c 00 00 65 
[12:04:42] 4e 82 84 5f 82 85 5f 82 85 5f 82 85 5f 59 24 59 12 00 00 66 
[12:04:42] 4e 82 85 5f 82 85 5f 82 84 5f 82 84 5f 59 1d 59 11 00 00 67 
[12:04:42] 4d 83 84 5f 83 85 5f 83 84 5f 83 84 5f 59 12 59 14 00 00 68 
[12:04:42] 4d 83 85 5f 83 85 5f 82 84 60 82 84 5f 59 15 59 25 00 00 69 
[12:04:42] 4d 82 84 5f 82 84 5f 82 84 5f 82 84 5f 59 21 59 5c 00 00 6a 
[12:04:42] 4d 82 85 5f 82 84 5f 82 84 5f 82 84 5f 59 5e 59 6b 00 00 6b 
[12:04:42] 4d 82 84 5f 82 84 5f 82 84 5f 82 84 5f 59 69 59 4a 00 00 6c 
[12:04:42] 4d 83 84 60 83 85 5f 83 85 5f 82 84 5f 59 3c 59 21 00 00 6d 
[12:04:42] 4d 82 84 5f 82 84 5f 82 84 5f 82 84 5f 58 ea 58 d5 00 00 6e 
[12:04:43] 4d 82 84 5f 82 84 5f 82 84 5f 82 84 60 58 c1 58 a8 00 00 6f 
[12:04:43] 4d 82 84 5f 83 84 5f 83 84 5f 83 84 5f 58 a8 58 99 00 00 70 
[12:04:43] 4d 83 84 5f 83 84 5f 83 84 5f 82 84 5f 58 8e 58 95 00 00 71 
[12:04:43] 4d 82 84 5f 82 84 5f 82 84 5f 82 84 5f 58 8b 58 8d 00 00 72 
[12:04:43] 4d 82 84 5f 82 84 5f 82 84 5f 82 84 5f 58 98 58 90 00 00 73 
[12:04:43] 4d 82 84 5f 82 85 60 82 85 5f 82 85 5f 58 9e 58 a0 00 00 74 
[12:04:43] 4d 83 85 5f 82 85 5f 83 85 5f 83 85 60 58 da 58 e8 00 00 75 
[12:04:43] 4d 82 84 5f 82 84 5f 82 85 5f 82 84 5f 58 f0 58 e3 00 00 76 
[12:04:43] 4c 82 85 5f 82 85 5f 82 85 5f 82 85 5f 58 d7 58 dc 00 00 77 
[12:04:43] 4c 82 85 5f 82 85 5f 82 85 5f 82 84 5f 58 de 58 b6 00 00 78 
[12:04:43] 4c 82 84 5f 82 85 5f 82 85 5f 82 85 5f 58 8c 58 72 00 00 79 
[12:04:43] 4c 82 85 60 82 84 5f 82 85 5f 82 85 5f 58 52 58 4d 00 00 7a 
[12:04:43] 4c 83 85 5f 83 85 5f 83 85 5f 82 85 5f 58 40 58 63 00 00 7b 
[12:04:44] 4c 82 85 5f 82 85 60 82 85 5f 82 85 5f 58 5b 58 63 00 00 7c 
[12:04:44] 4c 82 85 5f 83 85 5f 83 85 5f 83 85 5f 58 4b 58 2b 00 00 7d 
[12:04:44] 4c 83 85 5f 83 85 5f 82 85 5f 82 85 5f 58 3a 58 37 00 00 7e 
[12:04:44] 4c 82 85 5f 82 85 5f 83 85 5f 82 85 5f 58 42 58 42 00 00 7f 
[12:04:44] 4c 82 85 5f 82 85 5f 82 85 5f 82 85 5f 58 5f 58 55 00 00 80 
[12:04:44] 4c 83 85 5f 82 85 5f 82 84 5f 82 85 5f 58 6a 58 6b 00 00 81 
[12:04:44] 4c 82 85 5f 83 85 5f 82 85 5f 82 85 5f 58 7e 58 8d 00 00 82 
[12:04:44] 4c 82 85 5f 82 85 5f 82 85 5f 82 85 5f 58 90 58 9a 00 00 83 
[12:04:44] 4c 82 85 5f 82 85 5f 83 85 5f 83 85 5f 58 7e 58 63 00 00 84 
[12:04:44] 4c 82 85 5f 82 85 5f 82 85 5f 82 85 5f 58 6e 58 54 00 00 85 
[12:04:44] 4b 83 84 5f 82 85 5f 82 85 5f 82 85 5f 58 4c 58 37 00 00 86 
[12:04:44] 4b 82 85 5f 82 85 5f 82 85 5f 82 85 5f 58 17 58 12 00 00 87 
[12:04:45] 4b 82 85 5f 82 85 5f 82 85 5f 82 85 5f 58 09 58 14 00 00 88 
[12:04:45] 4b 82 85 5f 82 85 5f 82 85 60 82 85 60 58 14 58 16 00 00 89 
[12:04:45] 4b 83 85 60 83 85 5f 83 85 5f 83 85 5f 58 15 58 25 00 00 8a 
[12:04:45] 4b 83 85 5f 82 85 5f 82 85 5f 83 85 5f 58 2b 58 3e 00 00 8b 
[12:04:45] 4b 82 85 5f 82 85 5f 82 85 5f 83 85 5f 58 45 58 79 00 00 8c 
[12:04:45] 4b 83 85 5f 83 85 5f 83 85 60 82 85 5f 58 91 58 9d 00 00 8d 
[12:04:45] 4b 82 85 5f 82 85 5f 82 85 5f 82 85 5f 58 9c 58 97 00 00 8e 
[12:04:45] 4b 82 85 5f 82 85 5f 83 85 5f 83 85 5f 58 93 58 81 00 00 8f 
[12:04:45] 4b 83 85 5f 82 85 5f 82 85 5f 82 85 60 58 59 58 4e 00 00 90 
[12:04:45] 4b 82 85 60 82 85 5f 82 85 5f 82 85 60 58 3d 58 4a 00 00 91 
[12:04:45] 4b 82 84 5f 82 84 5f 82 85 5f 82 85 5f 58 48 58 49 00 00 92 
[12:04:45] 4b 82 85 60 82 85 60 82 85 5f 83 85 5f 58 41 58 4a 00 00 93 
[12:04:46] 4b 83 85 5f 83 85 5f 83 85 5f 82 85 5f 58 47 58 5e 00 00 94 
[12:04:46] 49 82 85 5f 83 85 5f 82 85 5f 82 85 5f 58 61 58 69 00 00 95 
[12:04:46] 49 82 85 5f 82 85 5f 82 85 5f 82 85 5f 58 6f 58 7f 00 00 96 
[12:04:46] 49 82 85 5f 82 85 5f 82 85 5f 82 84 5f 58 8d 58 97 00 00 97 
[12:04:46] 49 82 84 5f 82 85 5f 83 85 5f 83 85 60 58 aa 58 ba 00 00 98 
[12:04:46] 49 82 84 60 82 85 5f 82 85 5f 82 85 5f 58 c9 58 f4 00 00 99 
[12:04:46] 49 82 85 5f 82 85 5f 82 85 5f 82 85 5f 59 01 59 15 00 00 9a 
[12:04:46] 49 82 84 5f 82 84 5f 82 84 5f 82 84 5f 58 e4 58 af 00 00 9b 
[12:04:46] 49 82 85 5f 82 85 60 82 84 60 82 84 5f 58 9d 58 9b 00 00 9c 
[12:04:46] 49 82 85 5f 82 85 5f 82 85 5f 82 85 5f 58 a0 58 94 00 00 9d 
[12:04:46] 49 83 85 5f 83 85 5f 82 85 5f 82 84 5f 58 8d 58 8e 00 00 9e 
[12:04:46] 49 83 84 5f 83 84 5f 82 84 5f 82 84 5f 58 9b 58 a0 00 00 9f 
[12:04:46] 49 82 85 5f 82 84 5f 82 84 5f 82 85 5f 58 d6 58 d6 00 00 a0 
[12:04:47] 49 82 85 5f 83 85 5f 83 85 5f 83 85 5f 58 d9 58 db 00 00 a1 
[12:04:47] 49 82 85 5f 82 84 5f 82 84 5f 83 84 5f 58 c9 58 d4 00 00 a2 
[12:04:47] 49 83 84 5f 82 84 60 82 84 5f 82 84 5f 58 e6 58 f4 00 00 a3 
[12:04:47] 47 82 85 5f 82 85 5f 82 85 5f 83 84 5f 58 fe 59 0c 00 00 a4 
[12:04:47] 47 83 84 5f 82 85 5f 83 85 5f 83 85 5f 59 19 59 2b 00 00 a5 
[12:04:47] 47 82 85 5f 82 85 5f 82 85 5f 82 85 5f 59 2a 59 1a 00 00 a6 
[12:04:47] 47 82 85 5f 82 85 5f 83 85 5f 83 85 5f 59 00 58 e3 00 00 a7 
[12:04:47] 47 83 85 5f 82 85 5f 82 85 5f 82 85 5f 58 ed 58 e3 00 00 a8 
[12:04:47] 47 83 85 5f 83 85 60 82 85 5f 82 85 5f 58 de 58 da 00 00 a9 
[12:04:47] 47 82 85 5f 82 85 5f 82 85 5f 82 84 5f 58 e1 58 e7 00 00 aa 
[12:04:47] 47 82 84 5f 82 84 5f 82 85 60 82 85 60 59 14 59 19 00 00 ab 
[12:04:47] 47 82 85 60 82 85 5f 82 85 5f 82 85 5f 59 26 59 14 00 00 ac 
[12:04:47] 47 82 85 5f 82 85 5f 82 84 5f 82 85 5f 59 05 59 0c 00 00 ad 
[12:04:48] 47 82 85 5f 82 85 5f 82 85 5f 82 85 5f 59 13 59 1f 00 00 ae 
[12:04:48] 47 82 85 5f 82 85 5f 82 85 5f 82 85 5f 59 27 59 34 00 00 af 
[12:04:48] 47 82 85 5f 82 85 5f 82 85 5f 82 85 5f 59 43 59 4c 00 00 b0 
[12:04:48] 47 82 85 5f 82 85 5f 82 84 5f 83 84 5f 59 60 59 85 00 00 b1 
[12:04:48] 47 82 85 5f 82 85 5f 82 85 5f 82 85 5f 59 69 59 50 00 00 b2 
[12:04:48] 47 82 85 5f 82 84 60 82 84 5f 82 85 5f 59 3c 59 15 00 00 b3 
[12:04:48] 44 82 84 5f 82 85 5f 82 85 5f 82 85 5f 59 1d 59 16 00 00 b4 
[12:04:48] 44 82 85 5f 82 85 5f 83 85 5f 83 85 5f 59 0a 59 1e 00 00 b5 
[12:04:48] 44 82 85 5f 83 85 5f 83 85 5f 82 85 5f 59 1c 59 22 00 00 b6 
[12:04:48] 44 82 84 5f 82 84 5f 82 84 5f 82 84 5f 59 23 59 27 00 00 b7 
[12:04:48] 44 82 85 5f 82 85 5f 82 85 5f 82 85 5f 59 37 59 36 00 00 b8 
[12:04:48] 44 82 85 5f 82 85 5f 82 85 5f 82 84 5f 59 40 59 48 00 00 b9 
[12:04:49] 44 82 84 5f 82 85 5f 82 85 5f 82 85 60 59 55 59 6d 00 00 ba 
[12:04:49] 44 83 85 5f 82 84 5f 82 84 5f 82 85 5f 59 6d 59 82 00 00 bb 
[12:04:49] 44 82 85 5f 82 85 5f 82 85 5f 82 85 5f 59 84 59 74 00 00 bc 
[12:04:49] 44 83 85 5f 83 85 5f 83 85 5f 83 85 5f 59 5d 59 4c 00 00 bd 
[12:04:49] 44 83 84 5f 83 84 5f 83 84 5f 82 85 5f 59 76 59 6e 00 00 be 
[12:04:49] 44 82 85 5f 83 85 60 82 85 60 82 85 5f 59 78 59 5b 00 00 bf 
[12:04:49] 44 82 85 5f 82 85 5f 82 85 5f 82 85 5f 59 46 59 48 00 00 c0 
[12:04:49] 44 82 85 5f 83 84 5f 83 84 5f 82 85 5f 59 4e 59 53 00 00 c1 
[12:04:49] 44 82 85 5f 82 85 5f 82 85 5f 82 85 5f 59 5c 59 5e 00 00 c2 
[12:04:49] 44 82 85 5f 82 84 5f 82 84 5f 83 85 5f 59 68 59 6b 00 00 c3 
[12:04:49] 44 83 85 60 83 84 5f 83 84 5f 82 84 5f 59 73 59 7a 00 00 c4 
[12:04:49] 44 82 85 5f 82 85 5f 82 85 5f 82 85 5f 59 8c 59 9d 00 00 c5 
[12:04:49] 44 82 85 5f 83 85 5f 83 84 5f 83 85 5f 59 a0 59 af 00 00 c6 
[12:04:50] 44 82 84 5f 82 84 5f 82 84 5f 82 84 5f 59 a9 59 8c 00 00 c7 
[12:04:50] 44 82 84 5f 82 84 5f 83 84 5f 83 85 5f 59 7e 59 6c 00 00 c8 
[12:04:50] 44 83 85 5f 83 85 5f 82 85 5f 82 85 5f 59 61 59 5e 00 00 c9 
[12:04:50] 44 82 85 5f 82 85 5f 82 84 5f 82 84 5f 59 57 59 60 00 00 ca 
[12:04:50] 44 82 84 5f 82 84 5f 82 84 5f 83 84 5f 59 59 59 55 00 00 cb 
[12:04:50] 44 83 84 5f 82 84 5f 82 84 5f 82 84 5f 59 5b 59 5e 00 00 cc 
[12:04:50] 44 82 84 5f 82 84 5f 82 84 5f 82 85 5f 59 6a 59 64 00 00 cd 
[12:04:50] 44 82 85 5f 82 85 5f 83 84 5f 83 84 5f 59 72 59 77 00 00 ce 
[12:04:50] 44 83 84 5f 82 84 5f 83 84 5f 83 84 5f 59 84 59 8b 00 00 cf 
[12:04:50] 44 83 84 5f 82 85 5f 82 85 5f 82 84 5f 59 98 59 a7 00 00 d0 
[12:04:50] 44 82 85 5f 83 85 5f 82 85 5f 82 85 5f 59 df 59 d1 00 00 d1 
[12:04:50] 43 82 85 5f 82 85 5f 82 85 5f 82 85 5f 59 c2 59 99 00 00 d2 
[12:04:50] 43 83 85 5f 83 85 5f 82 84 5f 82 85 5f 59 6f 59 62 00 00 d3 
[12:04:51] 43 82 85 5f 82 85 5f 82 85 5f 82 85 5f 59 55 59 4c 00 00 d4 
[12:04:51] 43 82 84 5f 82 85 5f 82 85 5f 82 84 5f 59 4e 59 4b 00 00 d5 
[12:04:51] 43 82 85 5f 82 85 5f 83 85 5f 83 85 5f 59 4c 59 46 00 00 d6 
[12:04:51] 43 83 85 5f 82 84 5f 82 84 5f 82 84 5f 59 42 59 47 00 00 d7 
[12:04:51] 43 82 84 5f 82 84 5f 82 84 5f 82 85 5f 59 58 59 57 00 00 d8 
[12:04:51] 43 83 84 5f 82 85 5f 82 85 5f 82 85 5f 59 61 59 6c 00 00 d9 
[12:04:51] 43 82 85 5f 83 85 5f 83 84 60 82 85 60 59 9a 59 ac 00 00 da 
[12:04:51] 43 82 85 60 83 84 5f 83 85 5f 83 85 5f 59 ad 59 a9 00 00 db 
[12:04:51] 43 83 85 60 83 84 5f 83 84 5f 83 84 5f 59 a5 59 8f 00 00 dc 
[12:04:51] 43 83 85 5f 83 85 60 83 84 60 83 84 60 59 6d 59 58 00 00 dd 
[12:04:51] 43 83 84 60 83 84 60 83 84 60 82 85 5f 59 38 59 3b 00 00 de 
[12:04:51] 43 82 85 5f 82 84 5f 82 84 5f 82 84 5f 59 2a 59 27 00 00 df 
[12:04:52] 43 82 84 5f 82 84 60 82 84 60 82 84 60 59 1f 59 45 00 00 e0 
[12:04:52] 43 82 85 5f 82 85 5f 82 84 5f 82 84 5f 59 46 59 41 00 00 e1 
[12:04:52] 43 82 85 5f 82 85 5f 82 85 5f 82 85 5f 59 38 59 1d 00 00 e2 
[12:04:52] 43 82 85 5f 82 85 5f 82 85 5f 82 85 5f 59 2d 59 2b 00 00 e3 
[12:04:52] 43 82 85 5f 82 85 5f 82 85 5f 82 85 5f 59 2a 59 48 00 00 e4 
[12:04:52] 43 82 85 5f 82 85 5f 83 84 5f 83 84 5f 59 4c 59 4f 00 00 e5 
[12:04:52] 43 83 84 5f 83 84 5f 83 85 5f 83 85 5f 59 52 59 62 00 00 e6 
[12:04:52] 43 83 85 60 82 85 5f 82 85 5f 82 85 5f 59 56 59 4a 00 00 e7 
[12:04:52] 43 82 84 60 82 85 60 82 85 60 82 85 5f 59 25 59 20 00 00 e8 
[12:04:52] 43 82 85 5f 82 85 5f 82 85 5f 82 85 5f 59 05 59 01 00 00 e9 
[12:04:52] 43 82 85 5f 82 85 5f 82 85 5f 82 85 5f 59 07 58 fd 00 00 ea 
[12:04:52] 43 82 85 5f 82 85 5f 82 85 5f 82 85 5f 59 08 59 09 00 00 eb 
[12:04:52] 43 82 85 5f 82 85 5f 82 85 5f 82 85 5f 59 04 59 34 00 00 ec 
[12:04:53] 43 82 85 5f 82 85 5f 82 85 5f 82 85 5f 59 38 59 48 00 00 ed 
[12:04:53] 43 82 84 5f 82 84 5f 82 84 5f 82 84 5f 59 36 59 24 00 00 ee 
[12:04:53] 43 82 84 5f 82 85 5f 82 85 5f 82 85 5f 59 31 59 32 00 00 ef 
[12:04:53] 43 82 85 5f 82 84 5f 82 84 5f 82 85 5f 59 44 59 55 00 00 f0 
[12:04:53] 43 83 85 60 83 85 60 83 84 60 82 84 5f 59 5a 59 52 00 00 f1 
[12:04:53] 43 83 84 5f 82 85 5f 82 85 5f 82 85 5f 59 24 59 07 00 00 f2 
[12:04:53] 43 82 85 5f 82 84 5f 82 84 5f 82 84 5f 58 fa 58 e0 00 00 f3 
[12:04:53] 43 82 84 5f 82 84 5f 82 84 5f 82 84 5f 58 da 58 d2 00 00 f4 
[12:04:53] 43 82 85 5f 82 85 5f 82 85 5f 82 84 5f 58 c9 58 f8 00 00 f5 
[12:04:53] 43 82 85 60 82 85 5f 82 85 5f 82 85 5f 58 e8 58 fc 00 00 f6 
[12:04:53] 43 82 85 5f 82 84 5f 82 84 5f 82 84 5f 58 da 58 c6 00 00 f7 
[12:04:53] 43 82 85 5f 82 85 5f 82 85 5f 82 85 5f 58 c7 58 dc 00 00 f8 
[12:04:54] 43 82 85 5f 82 85 5f 82 85 60 83 85 5f 58 d8 58 e3 00 00 f9 
[12:04:54] 43 83 85 5f 83 85 5f 83 85 5f 82 85 5f 58 ee 58 f1 00 00 fa 
[12:04:54] 43 82 85 5f 83 85 5f 82 84 5f 82 85 5f 59 0d 59 10 00 00 fb 
[12:04:54] 43 83 85 5f 83 85 5f 82 85 5f 82 85 5f 58 f8 58 d8 00 00 fc 
[12:04:54] 43 82 85 5f 83 84 60 83 84 5f 83 84 5f 58 b9 58 a3 00 00 fd 
[12:04:54] 43 82 84 5f 82 84 5f 82 84 5f 82 84 60 58 94 58 83 00 00 fe 
[12:04:54] 44 82 85 5f 83 85 5f 83 85 5f 82 85 5f 58 85 58 70 00 00 ff 
[12:04:54] 44 82 84 5f 82 84 5f 82 84 5f 82 84 5f 58 72 58 6a 00 00 00 
[12:04:54] 44 83 84 5f 83 85 5f 83 85 5f 82 85 5f 58 6a 58 6f 00 00 01 
[12:04:54] 44 82 85 5f 82 85 5f 82 85 5f 82 85 5f 58 9f 58 a8 00 00 02 
[12:04:54] 44 82 85 5f 82 85 5f 82 85 60 82 84 5f 58 a7 58 a0 00 00 03 
[12:04:54] 44 83 84 5f 83 84 5f 82 85 5f 82 85 5f 58 88 58 97 00 00 04 
[12:04:54] 44 82 85 5f 82 85 5f 82 85 5f 82 85 5f 58 ad 58 aa 00 00 05 
[12:04:55] 44 82 85 5f 82 85 5f 82 84 5f 82 84 5f 58 b7 58 b7 00 00 06 
[12:04:55] 44 82 84 5f 82 85 5f 82 85 5f 83 85 5f 58 a2 58 78 00 00 07 
[12:04:55] 44 83 84 5f 83 84 60 82 85 60 82 85 5f 58 5f 58 55 00 00 08 
[12:04:55] 44 82 85 5f 83 84 5f 82 84 5f 82 85 60 58 47 58 4e 00 00 09 
[12:04:55] 44 82 85 60 82 85 5f 82 84 60 82 84 5f 58 49 58 4b 00 00 0a 
[12:04:55] 44 83 85 5f 82 85 5f 82 85 60 82 85 5f 58 40 58 4a 00 00 0b 
[12:04:55] 44 82 85 5f 82 85 5f 82 85 5f 82 85 5f 58 4f 58 50 00 00 0c 
[12:04:55] 44 82 85 5f 82 85 5f 82 85 5f 82 85 5f 58 5b 58 5f 00 00 0d 
[12:04:55] 45 82 85 5f 82 85 5f 82 85 5f 82 85 5f 58 98 58 9d 00 00 0e 
[12:04:55] 45 82 85 5f 82 85 5f 82 85 5f 83 85 5f 58 b7 58 a7 00 00 0f 
[12:04:55] 45 82 85 5f 82 85 5f 82 85 5f 82 85 5f 58 a0 58 a9 00 00 10 
[12:04:55] 45 82 85 5f 83 84 5f 83 84 5f 82 84 5f 58 b8 58 9b 00 00 11 
[12:04:55] 45 82 84 60 82 84 5f 82 84 60 83 84 5f 58 7e 58 57 00 00 12 
[12:04:56] 45 82 84 5f 82 85 5f 83 85 5f 83 85 5f 58 45 58 40 00 00 13 
[12:04:56] 45 82 85 5f 82 85 5f 82 84 5f 82 84 5f 58 2d 58 37 00 00 14 
[12:04:56] 45 82 85 5f 82 85 60 82 85 60 82 85 60 58 2f 58 25 00 00 15 
[12:04:56] 45 82 84 5f 82 85 5f 82 85 5f 82 85 5f 58 2f 58 40 00 00 16 
[12:04:56] 45 82 85 5f 82 85 5f 82 85 5f 82 85 5f 58 3a 58 41 00 00 17 
[12:04:56] 45 82 85 5f 82 85 5f 83 85 5f 82 85 5f 58 41 58 54 00 00 18 
[12:04:56] 45 82 84 5f 82 84 5f 82 85 5f 82 85 5f 58 5d 58 64 00 00 19 
[12:04:56] 45 82 85 5f 82 85 5f 83 85 5f 83 84 5f 58 a9 58 b0 00 00 1a 
[12:04:56] 45 82 84 5f 82 85 5f 83 85 5f 82 85 5f 58 c1 58 bd 00 00 1b 
[12:04:56] 45 82 85 5f 82 84 5f 82 84 5f 83 84 5f 58 ae 58 99 00 00 1c 
[12:04:56] 46 82 85 5f 83 85 5f 83 85 5f 82 85 5f 58 65 58 48 00 00 1d 
[12:04:56] 46 82 85 5f 82 85 5f 82 85 5f 82 85 5f 58 40 58 2f 00 00 1e 
[12:04:57] 46 82 85 5f 82 85 5f 82 85 5f 82 84 5f 58 31 58 28 00 00 1f 
[12:04:57] 46 82 84 5f 82 85 5f 82 85 5f 82 85 5f 58 21 58 1b 00 00 20 
[12:04:57] 46 82 85 5f 82 85 5f 82 84 5f 82 85 5f 58 21 58 11 00 00 21 
[12:04:57] 46 82 84 5f 82 85 5f 82 85 5f 82 85 5f 58 1d 58 2a 00 00 22 
[12:04:57] 46 82 85 5f 82 85 5f 82 85 60 82 84 5f 58 5c 58 60 00 00 23 
[12:04:57] 46 82 84 5f 82 84 5f 82 84 5f 83 84 5f 58 7c 58 7f 00 00 24 
[12:04:57] 46 83 85 5f 82 85 5f 82 85 5f 82 85 5f 58 72 58 83 00 00 25 
[12:04:57] 46 82 85 5f 82 84 5f 82 84 5f 82 84 5f 58 93 58 a7 00 00 26 
[12:04:57] 46 82 85 5f 82 85 5f 82 85 5f 83 85 5f 58 b4 58 b7 00 00 27 
[12:04:57] 46 83 84 5f 82 84 5f 83 85 5f 83 85 5f 58 a0 58 8a 00 00 28 
[12:04:57] 46 82 85 5f 82 85 5f 82 85 5f 82 85 5f 58 6a 58 57 00 00 29 
[12:04:57] 46 82 85 5f 82 85 5f 82 85 5f 82 85 5f 58 43 58 47 00 00 2a 
[12:04:57] 46 82 85 5f 82 85 5f 82 85 5f 82 85 5f 58 46 58 3a 00 00 2b 
[12:04:58] 47 83 85 5f 83 85 5f 83 84 5f 82 84 5f 58 39 58 3a 00 00 2c 
[12:04:58] 47 82 85 5f 82 85 5f 82 85 5f 82 85 5f 58 40 58 48 00 00 2d 
[12:04:58] 47 82 85 5f 82 85 5f 82 85 5f 82 84 5f 58 4d 58 59 00 00 2e 
[12:04:58] 47 82 85 5f 82 85 5f 82 85 60 82 85 5f 58 96 58 a3 00 00 2f 
[12:04:58] 47 83 85 5f 83 85 5f 82 85 5f 83 85 5f 58 9e 58 a8 00 00 30 
[12:04:58] 47 83 85 5f 82 85 5f 82 85 5f 82 85 5f 58 90 58 a4 00 00 31 
[12:04:58] 47 82 85 5f 82 85 5f 82 85 5f 82 85 5f 58 b0 58 b6 00 00 32 
[12:04:58] 47 82 85 5f 82 85 5f 83 85 5f 83 85 5f 58 c0 58 a8 00 00 33 
[12:04:58] 47 82 85 60 82 85 5f 83 85 60 83 85 60 58 87 58 83 00 00 34 
[12:04:58] 47 83 85 5f 82 85 5f 82 84 5f 82 85 5f 58 86 58 7c 00 00 35 
[12:04:58] 47 82 84 5f 83 84 5f 83 84 5f 83 84 5f 58 7d 58 84 00 00 36 
[12:04:58] 47 82 84 5f 82 84 5f 82 84 5f 82 84 5f 58 82 58 8e 00 00 37 
[12:04:59] 47 82 85 5f 82 85 5f 82 85 5f 82 85 5f 58 99 58 9b 00 00 38 
[12:04:59] 47 83 85 5f 83 85 5f 83 85 5f 83 85 60 58 ad 58 b0 00 00 39 
[12:04:59] 47 82 85 5f 82 85 5f 82 85 5f 82 85 5f 58 bc 58 c3 00 00 3a 
[12:04:59] 46 82 84 5f 82 85 5f 82 85 5f 82 85 5f 59 0a 59 0f 00 00 3b 
[12:04:59] 46 82 85 60 82 85 60 82 85 5f 82 84 5f 59 26 59 1e 00 00 3c 
[12:04:59] 46 82 84 5f 82 84 5f 82 85 5f 82 85 5f 59 15 59 1f 00 00 3d 
[12:04:59] 46 83 85 5f 83 84 5f 83 84 5f 82 85 5f 59 24 59 00 00 00 3e 
[12:04:59] 46 82 85 5f 82 84 5f 82 84 5f 82 84 5f 58 ed 58 d2 00 00 3f 
[12:04:59] 46 82 84 5f 82 84 5f 82 84 5f 82 84 5f 58 d1 58 ce 00 00 40 
[12:04:59] 46 82 85 5f 82 84 5f 82 85 5f 82 84 5f 58 cd 58 c5 00 00 41 
[12:04:59] 46 82 84 5f 82 84 5f 82 84 5f 82 84 5f 58 d5 58 c8 00 00 42 
[12:04:59] 46 82 84 5f 82 85 5f 82 85 5f 82 85 5f 58 d7 58 db 00 00 43 
[12:04:59] 46 82 84 5f 82 84 5f 82 84 5f 82 84 5f 58 ea 58 fa 00 00 44 
[12:05:00] 46 82 84 5f 82 84 5f 83 84 5f 83 84 5f 59 2d 59 37 00 00 45 
[12:05:00] 46 83 84 5f 83 84 5f 82 85 5f 82 85 5f 59 49 59 3a 00 00 46 
[12:05:00] 46 82 85 5f 83 85 5f 83 85 5f 82 85 5f 59 32 59 41 00 00 47 
[12:05:00] 46 82 85 5f 82 84 5f 82 84 5f 82 84 5f 59 55 59 60 00 00 48 
[12:05:00] 46 82 84 5f 82 84 5f 83 84 60 83 84 60 59 5d 59 44 00 00 49 
[12:05:00] 46 83 84 5f 82 85 5f 82 85 5f 82 85 5f 59 2a 59 15 00 00 4a 
[12:05:00] 46 83 85 5f 83 85 5f 82 85 5f 82 85 5f 59 08 59 09 00 00 4b 
[12:05:00] 46 82 85 5f 82 85 5f 82 85 5f 82 85 5f 59 04 59 02 00 00 4c 
[12:05:00] 46 82 85 5f 82 85 5f 82 85 5f 82 84 5f 59 07 59 0a 00 00 4d 
[12:05:00] 46 82 84 5f 82 84 5f 82 85 5f 83 85 5f 59 09 59 0c 00 00 4e 
[12:05:00] 46 83 85 5f 82 84 5f 82 84 5f 82 84 5f 59 19 59 53 00 00 4f 
[12:05:00] 46 82 84 5f 82 84 5f 83 85 5f 83 85 5f 59 56 59 6a 00 00 50 
[12:05:00] 46 83 85 5f 82 85 5f 82 85 5f 82 85 5f 59 63 59 5a 00 00 51 
[12:05:01] 46 82 85 5f 83 85 5f 83 85 5f 83 85 5f 59 58 59 70 00 00 52 
[12:05:01] 46 82 85 5f 82 85 5f 82 85 5f 82 85 5f 59 85 59 8f 00 00 53 
[12:05:01] 46 82 85 5f 82 85 5f 82 85 5f 82 85 5f 59 92 59 7b 00 00 54 
[12:05:01] 46 82 85 5f 82 85 5f 82 85 5f 82 85 5f 59 5b 59 4e 00 00 55 
[12:05:01] 46 82 85 5f 82 85 5f 82 85 5f 82 85 5f 59 72 59 67 00 00 56 
[12:05:01] 46 82 84 5f 82 85 5f 82 85 5f 82 85 5f 59 5b 59 5f 00 00 57 
[12:05:01] 46 83 85 5f 83 85 5f 83 85 5f 83 85 5f 59 3e 59 3a 00 00 58 
[12:05:01] 46 83 85 5f 83 85 5f 83 85 5f 82 85 5f 59 34 59 3e 00 00 59 
[12:05:01] 45 82 85 5f 82 84 5f 82 84 5f 82 84 5f 59 4d 59 47 00 00 5a 
[12:05:01] 45 82 84 5f 82 85 5f 83 85 5f 83 84 5f 59 60 59 5c 00 00 5b 
[12:05:01] 45 83 85 5f 83 85 5f 83 85 5f 83 84 5f 59 6a 59 79 00 00 5c 
[12:05:01] 45 82 84 5f 82 84 5f 82 84 5f 82 85 5f 59 87 59 94 00 00 5d 
[12:05:02] 45 82 85 5f 82 85 5f 82 85 5f 82 85 5f 59 97 59 a7 00 00 5e 
[12:05:02] 45 82 85 5f 82 85 5f 82 85 5f 82 85 5f 59 ae 59 9b 00 00 5f 
[12:05:02] 45 82 85 5f 82 85 5f 82 85 5f 82 85 5f 59 87 59 6d 00 00 60 
[12:05:02] 45 82 85 5f 82 85 5f 82 84 5f 82 84 5f 59 64 59 5a 00 00 61 
[12:05:02] 45 82 84 5f 82 85 5f 82 85 5f 82 85 5f 59 53 59 55 00 00 62 
[12:05:02] 45 82 85 5f 82 85 5f 82 85 5f 82 85 5f 59 53 59 53 00 00 63 
[12:05:02] 45 82 84 5f 82 84 5f 82 84 5f 83 85 5f 59 51 59 4d 00 00 64 
[12:05:02] 45 82 85 5f 82 85 5f 82 85 5f 82 84 5f 59 5c 59 62 00 00 65 
[12:05:02] 45 82 84 5f 83 84 5f 82 84 5f 82 85 5f 59 9b 59 9b 00 00 66 
[12:05:02] 45 82 84 5f 83 85 5f 82 85 5f 82 84 5f 59 ae 59 9d 00 00 67 
[12:05:02] 45 82 84 5f 82 85 5f 82 85 5f 82 85 5f 59 9c 59 af 00 00 68 
[12:05:02] 44 82 85 5f 82 85 5f 83 85 5f 82 85 5f 59 b5 59 bc 00 00 69 
[12:05:02] 44 82 85 5f 82 84 5f 82 84 5f 82 84 5f 59 a2 59 8a 00 00 6a 
[12:05:03] 44 82 85 5f 82 85 5f 82 84 5f 82 84 5f 59 8a 59 7f 00 00 6b 
[12:05:03] 44 82 85 5f 82 85 5f 82 84 5f 82 84 5f 59 73 59 82 00 00 6c 
[12:05:03] 44 82 84 5f 82 84 5f 82 85 5f 82 85 5f 59 85 59 83 00 00 6d 
[12:05:03] 44 82 85 5f 82 85 5f 83 84 5f 83 84 5f 59 82 59 8a 00 00 6e 
[12:05:03] 44 82 85 5f 82 85 5f 82 85 5f 82 85 5f 59 94 59 c1 00 00 6f 
[12:05:03] 44 82 84 5f 82 84 5f 83 84 5f 83 84 5f 59 d3 59 dc 00 00 70 
[12:05:03] 44 83 85 5f 82 85 5f 82 84 5f 82 85 5f 59 d8 59 d6 00 00 71 
[12:05:03] 44 82 85 5f 82 85 5f 83 85 5f 83 85 5f 5a 10 5a 61 00 00 72 
[12:05:03] 44 82 85 5f 82 85 5f 82 85 5f 82 85 5f 5a b9 5b 21 00 00 73 
[12:05:03] 44 82 84 5f 82 84 60 82 84 60 82 85 60 5b 70 5b 9a 00 00 74 
[12:05:03] 44 82 85 5f 82 85 5f 82 85 5f 82 85 5f 5b a7 5b b0 00 00 75 
[12:05:03] 44 83 85 5f 83 85 5f 83 85 5f 82 85 60 5b b0 5b cb 00 00 76 
[12:05:04] 44 82 85 5f 82 85 5f 82 84 5f 82 84 5f 5b cf 5b df 00 00 77 
[12:05:04] 44 82 84 5f 82 85 5f 82 85 5f 82 85 5f 5b f4 5b e9 00 00 78 
[12:05:04] 44 82 85 5f 82 85 5f 82 85 5f 82 85 5f 5b e5 5b f1 00 00 79 
[12:05:04] 44 82 85 5f 82 85 5f 82 85 5f 82 85 5f 5b ee 5b f3 00 00 7a 
[12:05:04] 44 82 85 5f 82 85 5f 82 85 5f 82 85 5f 5b f5 5b f8 00 00 7b 
[12:05:04] 44 82 85 5f 82 85 5f 82 85 5f 82 85 5f 5b ec 5b e3 00 00 7c 
[12:05:04] 44 83 85 5f 82 85 5f 82 85 5f 82 85 5f 5c 17 5c 07 00 00 7d 
[12:05:04] 44 82 85 5f 82 85 5f 82 85 5f 82 85 5f 5c 01 5b ee 00 00 7e 
[12:05:04] 44 82 85 5f 82 85 5f 82 85 5f 82 85 5f 5b 80 5b 5e 00 00 7f 
[12:05:04] 44 82 85 5f 82 86 5f 82 86 5f 82 86 5f 5b 37 5b 31 00 00 80 
[12:05:04] 44 83 86 5f 83 86 5f 82 85 5f 82 85 5f 5b 19 5b 30 00 00 81 
[12:05:04] 44 82 85 5f 82 85 5f 82 85 5f 82 85 5f 5b 18 5b 0f 00 00 82 
[12:05:04] 44 82 85 5f 82 85 5f 83 85 5f 82 85 5f 5a fc 5b 09 00 00 83 
[12:05:05] 44 82 85 60 82 85 60 82 85 60 82 85 60 5a f5 5a ec 00 00 84 
[12:05:05] 44 82 85 5f 83 85 5f 83 85 5f 83 85 5f 5a ee 5a ea 00 00 85 
[12:05:05] 44 83 85 5f 82 86 5f 82 86 5f 82 86 60 5b 10 5a f0 00 00 86 
[12:05:05] 43 82 87 60 82 87 60 82 87 60 82 86 60 5a f6 5a e2 00 00 87 
[12:05:05] 43 81 85 5f 82 85 5f 82 85 5f 82 85 5f 5a dd 5a bf 00 00 88 
[12:05:05] 43 83 85 5f 83 85 5f 83 86 60 83 87 5f 5a 9c 5a 92 00 00 89 
[12:05:05] 43 82 87 5f 82 88 5f 82 88 60 82 88 60 5a 83 5a a6 00 00 8a 
[12:05:05] 43 82 88 60 82 88 5f 82 87 5f 82 87 60 5a 81 5a 7d 00 00 8b 
[12:05:05] 43 82 87 60 82 86 60 82 85 5f 82 86 5f 5a 74 5a 70 00 00 8c 
[12:05:05] 43 82 86 5f 82 86 60 82 87 5f 82 86 5f 5a 6f 5a 65 00 00 8d 
[12:05:05] 43 82 86 5f 82 86 5f 82 86 60 82 86 60 5a 65 5a 68 00 00 8e 
[12:05:05] 43 7f 89 61 7d 8a 61 80 88 60 81 86 60 5a 90 5a 72 00 00 8f 
[12:05:06] 43 82 85 5f 82 85 60 82 85 60 82 85 60 5a 82 5a 7a 00 00 90 
[12:05:06] 43 82 86 5f 82 87 5f 82 88 60 82 88 60 5a 85 5a 7c 00 00 91 
[12:05:06] 43 81 88 60 82 87 60 82 87 60 82 87 60 5a 52 5a 3d 00 00 92 
[12:05:06] 43 82 87 5f 82 87 60 82 88 60 82 87 60 5a 20 5a 28 00 00 93 
[12:05:06] 43 82 86 60 82 86 60 82 87 60 82 87 60 59 f8 59 f9 00 00 94 
[12:05:06] 43 82 87 60 82 87 5f 82 87 60 82 87 60 59 e4 59 dd 00 00 95 
[12:05:06] 44 82 87 5f 82 87 60 82 87 60 82 87 60 59 da 59 d2 00 00 96 
[12:05:06] 44 82 87 60 82 87 60 82 87 60 82 87 60 59 e2 59 d4 00 00 97 
[12:05:06] 44 82 87 60 82 87 60 82 87 60 82 87 60 59 f7 59 e5 00 00 98 
[12:05:06] 44 82 87 60 82 87 60 82 87 60 82 87 60 59 f5 59 e7 00 00 99 
[12:05:06] 44 82 87 60 82 87 60 81 87 5f 81 87 60 59 f7 59 fb 00 00 9a 
[12:05:06] 44 82 87 5f 82 87 5f 82 87 5f 81 87 5f 5a 06 59 f5 00 00 9b 
[12:05:06] 44 81 87 5f 81 87 60 82 87 60 82 87 60 59 c4 59 c1 00 00 9c 
[12:05:06] 44 82 87 60 82 87 60 82 87 60 82 87 60 59 87 59 80 00 00 9d 
[12:05:07] 44 82 87 60 82 87 60 82 87 60 82 87 60 59 74 59 6e 00 00 9e 
[12:05:07] 44 82 87 60 81 87 60 82 87 60 82 87 60 59 66 59 55 00 00 9f 
[12:05:07] 44 81 87 60 82 87 60 82 87 60 82 87 60 59 5c 59 58 00 00 a0 
[12:05:07] 44 82 87 60 82 87 5f 82 87 5f 82 87 5f 59 7c 59 5c 00 00 a1 
[12:05:07] 44 82 87 5f 82 87 60 82 87 60 81 87 60 59 5f 59 6c 00 00 a2 
[12:05:07] 44 82 87 60 82 87 60 81 87 60 81 87 60 59 6e 59 77 00 00 a3 
[12:05:07] 44 82 87 60 82 87 60 82 87 60 82 87 60 59 78 59 84 00 00 a4 
[12:05:07] 46 82 87 60 82 87 60 82 87 60 82 87 60 59 91 59 ab 00 00 a5 
[12:05:07] 46 82 87 60 82 87 60 82 87 60 82 86 60 59 7e 59 6f 00 00 a6 
[12:05:07] 46 82 86 60 82 87 60 81 87 5f 81 86 5f 59 41 59 2e 00 00 a7 
[12:05:07] 46 82 86 5f 82 87 60 82 87 5f 81 87 5f 59 1f 59 0f 00 00 a8 
[12:05:07] 46 81 87 60 81 87 60 81 87 60 82 87 60 59 20 59 1c 00 00 a9 
[12:05:08] 46 82 87 60 82 87 60 82 87 60 82 87 60 59 3a 59 1d 00 00 aa 
[12:05:08] 46 81 87 5f 81 87 5f 82 86 60 82 87 60 59 1d 59 21 00 00 ab 
[12:05:08] 46 82 87 60 82 87 60 82 87 60 82 87 60 59 30 59 4f 00 00 ac 
[12:05:08] 46 82 87 60 82 87 60 82 87 60 82 87 60 59 5a 59 84 00 00 ad 
[12:05:08] 46 81 86 60 81 86 60 81 87 60 81 87 60 59 9c 59 cf 00 00 ae 
[12:05:08] 46 81 87 5f 81 86 60 81 86 60 81 86 60 59 b9 59 da 00 00 af 
[12:05:08] 46 82 86 60 82 87 60 82 87 60 82 87 60 59 d8 59 c4 00 00 b0 
[12:05:08] 46 81 87 60 81 87 60 81 87 5f 81 87 5f 59 8b 59 4a 00 00 b1 
[12:05:08] 46 81 87 5f 81 86 5f 81 87 5f 82 87 60 59 31 59 14 00 00 b2 
[12:05:08] 46 82 87 60 82 86 60 82 86 60 82 86 5f 59 29 59 13 00 00 b3 
[12:05:08] 46 82 86 60 82 86 60 82 87 60 82 87 60 59 28 59 0b 00 00 b4 
[12:05:08] 48 82 86 60 82 86 60 82 87 60 81 87 60 59 2a 59 5a 00 00 b5 
[12:05:08] 48 81 87 5f 81 86 5f 81 86 5f 81 86 5f 59 61 59 68 00 00 b6 
[12:05:09] 48 81 86 60 81 87 60 81 86 60 81 86 60 59 77 59 8f 00 00 b7 
[12:05:09] 48 81 86 60 81 86 60 82 86 60 81 87 5f 59 9b 59 ac 00 00 b8 
[12:05:09] 48 81 87 60 81 87 60 82 87 5f 82 87 5f 59 bb 59 d4 00 00 b9 
[12:05:09] 48 82 87 60 82 86 60 81 86 60 81 86 60 59 ed 59 e6 00 00 ba 
[12:05:09] 48 82 86 60 82 86 60 82 86 60 82 86 60 59 e5 59 b7 00 00 bb 
[12:05:09] 48 81 87 5f 81 86 5f 81 86 5f 81 86 5f 59 8f 59 7e 00 00 bc 
[12:05:09] 48 81 86 5f 82 86 60 82 86 60 82 85 60 59 69 59 64 00 00 bd 
[12:05:09] 48 82 86 5f 82 86 60 82 87 60 81 87 60 59 5b 59 5e 00 00 be 
[12:05:09] 48 81 86 5f 82 86 60 82 86 60 82 86 5f 59 5e 59 62 00 00 bf 
[12:05:09] 48 82 86 5f 82 86 5f 82 86 5f 82 86 5f 59 65 59 76 00 00 c0 
[12:05:09] 48 82 87 60 82 87 60 82 87 60 82 86 5f 59 89 59 91 00 00 c1 
[12:05:09] 48 82 86 5f 82 86 60 82 86 60 82 86 60 59 a2 59 b1 00 00 c2 
[12:05:10] 48 82 86 5f 82 86 60 82 86 60 83 86 60 59 c2 59 c9 00 00 c3 
[12:05:10] 49 83 86 5f 83 86 5f 83 86 60 83 86 60 59 d6 59 d7 00 00 c4 
[12:05:10] 49 83 86 60 82 86 5f 81 86 5f 81 85 60 59 f5 59 ef 00 00 c5 
[12:05:10] 49 81 85 60 81 85 60 81 86 5f 82 86 5f 59 df 59 bb 00 00 c6 
[12:05:10] 49 82 87 60 83 87 60 83 87 60 83 87 5f 59 aa 59 99 00 00 c7 
[12:05:10] 49 83 87 5f 82 86 5f 82 86 5f 82 85 5f 59 8c 59 88 00 00 c8 
[12:05:10] 49 82 85 5f 82 85 60 82 86 60 82 86 60 59 84 59 8b 00 00 c9 
[12:05:10] 49 82 86 60 82 86 5f 82 86 5f 82 86 60 59 7f 59 84 00 00 ca 
[12:05:10] 49 82 86 60 82 86 5f 82 86 5f 82 86 5f 59 8b 59 9e 00 00 cb 
[12:05:10] 49 82 86 5f 82 86 60 82 86 5f 82 86 5f 59 ad 59 c1 00 00 cc 
[12:05:10] 49 82 86 5f 82 86 5f 82 86 5f 82 86 5f 59 ce 59 e5 00 00 cd 
[12:05:10] 49 82 86 5f 81 86 5f 82 86 5f 82 85 60 59 f3 5a 13 00 00 ce 
[12:05:10] 49 82 85 60 82 85 5f 82 85 5f 82 85 5f 5a 1d 5a 25 00 00 cf 
[12:05:11] 49 82 85 5f 82 86 5f 82 86 5f 82 86 5f 5a 2a 5a 1c 00 00 d0 
[12:05:11] 49 82 86 5f 82 86 5f 82 86 5f 82 86 5f 5a 16 5a 15 00 00 d1 
[12:05:11] 49 82 86 60 82 86 60 82 86 60 82 86 60 5a 09 59 fe 00 00 d2 
[12:05:11] 4a 82 86 60 82 86 60 82 86 5f 82 86 5f 59 fb 5a 02 00 00 d3 
[12:05:11] 4a 82 86 5f 82 85 5f 82 85 5f 82 85 60 59 fc 59 f3 00 00 d4 
[12:05:11] 4a 82 85 5f 83 85 5f 83 85 5f 82 85 5f 5a 01 5a 0e 00 00 d5 
[12:05:11] 4a 82 85 5f 83 85 5f 82 86 5f 82 85 5f 5a 15 5a 23 00 00 d6 
[12:05:11] 4a 82 85 5f 82 85 60 82 85 60 82 85 5f 5a 36 5a 3f 00 00 d7 
[12:05:11] 4a 82 85 5f 82 85 5f 82 85 5f 82 85 5f 5a 5a 5a 5e 00 00 d8 
[12:05:11] 4a 82 85 5f 82 86 5f 82 86 5f 82 85 5f 5a 6f 5a 87 00 00 d9 
[12:05:11] 4a 82 85 5f 82 86 5f 82 86 5f 82 86 5f 5a 8b 5a 89 00 00 da 
[12:05:11] 4a 82 86 5f 82 85 5f 82 85 60 82 85 60 5a 6c 5a 57 00 00 db 
[12:05:12] 4a 82 85 5f 82 85 5f 82 85 5f 82 85 5f 5a 55 5a 8b 00 00 dc 
[12:05:12] 4a 82 85 5f 82 85 5f 82 85 5f 82 85 60 5a 90 5a 95 00 00 dd 
[12:05:12] 4a 82 85 60 82 85 5f 82 85 5f 82 86 5f 5a 82 5a 7b 00 00 de 
[12:05:12] 4a 82 85 5f 82 85 5f 82 85 5f 82 85 5f 5a 78 5a 86 00 00 df 
[12:05:12] 4a 82 85 5f 82 86 5f 82 85 5f 82 85 5f 5a 91 5a ac 00 00 e0 
[12:05:12] 4a 82 85 5f 82 85 5f 82 85 5f 82 85 5f 5a a6 5a bc 00 00 e1 
[12:05:12] 4a 82 86 5f 82 86 5f 82 86 5f 82 86 5f 5a cc 5a ce 00 00 e2 
[12:05:12] 4a 82 85 5f 82 85 5f 82 85 5f 82 85 5f 5a df 5a fb 00 00 e3 
[12:05:12] 4a 82 85 5f 82 85 5f 82 85 5f 82 85 60 5b 00 5b 0a 00 00 e4 
[12:05:12] 4a 82 85 5f 82 85 5f 82 85 60 82 85 60 5a fa 5a ea 00 00 e5 
[12:05:12] 4a 82 85 60 82 85 5f 82 86 5f 82 85 5f 5a ec 5a e9 00 00 e6 
[12:05:12] 4a 82 85 5f 82 85 60 82 85 60 82 85 60 5a f8 5a ff 00 00 e7 
[12:05:12] 4a 82 85 60 82 85 60 82 86 60 82 85 5f 5b 10 5b 13 00 00 e8 
[12:05:13] 4a 82 85 5f 82 85 5f 82 85 5f 82 86 5f 5b 51 5b 70 00 00 e9 
[12:05:13] 4a 82 85 5f 82 86 5f 82 86 5f 82 85 5f 5b 7c 5b 84 00 00 ea 
[12:05:13] 4a 82 85 5f 82 85 5f 82 85 5f 82 85 5f 5b 81 5b 96 00 00 eb 
[12:05:13] 4a 82 85 5f 82 85 60 82 85 5f 82 85 5f 5b a3 5b b4 00 00 ec 
[12:05:13] 4a 82 85 5f 82 85 5f 82 85 5f 82 85 5f 5b cf 5b e4 00 00 ed 
[12:05:13] 4a 82 85 5f 82 85 5f 82 85 5f 82 85 5f 5b f0 5b ed 00 00 ee 
[12:05:13] 4a 82 85 5f 82 85 5f 82 85 5f 82 85 5f 5b ef 5b ec 00 00 ef 
[12:05:13] 4a 82 85 5f 82 85 5f 82 85 5f 82 85 5f 5b fa 5c 0a 00 00 f0 
[12:05:13] 4a 82 85 5f 82 85 5f 82 85 5f 82 85 5f 5c 30 5c 34 00 00 f1 
[12:05:13] 4a 82 85 5f 82 85 5f 82 85 5f 82 85 5f 5c 48 5c 60 00 00 f2 
[12:05:13] 4a 82 85 5f 82 85 5f 82 85 5f 82 85 5f 5c 77 5c 84 00 00 f3 
[12:05:13] 4a 82 85 5f 82 85 5f 82 85 5f 82 85 5f 5c 8c 5c c6 00 00 f4 
[12:05:14] 4a 82 85 5f 82 85 5f 82 85 5f 82 85 5f 5c e1 5c f8 00 00 f5 
[12:05:14] 4a 82 85 5f 82 85 5f 82 85 5f 82 85 5f 5c f0 5c e3 00 00 f6 
[12:05:14] 4a 82 85 5f 82 85 5f 82 85 5f 82 85 5f 5c e9 5c ff 00 00 f7 
[12:05:14] 4a 82 85 5f 82 85 5f 82 85 5f 82 85 5f 5d 12 5d 10 00 00 f8 
[12:05:14] 4a 82 85 5f 82 85 60 82 85 60 82 85 60 5d 1e 5d 05 00 00 f9 
[12:05:14] 4a 82 85 60 82 85 60 82 85 60 82 85 60 5d 17 5d 16 00 00 fa 
[12:05:14] 4a 82 85 60 82 85 5f 82 85 5f 82 85 5f 5d 29 5d 2c 00 00 fb 
[12:05:14] 4a 82 85 5f 82 85 5f 82 85 5f 82 85 5f 5d 31 5d 36 00 00 fc 
[12:05:14] 4a 82 85 5f 82 85 5f 83 85 5f 83 85 5f 5d 3c 5d 49 00 00 fd 
[12:05:14] 4a 82 85 5f 82 85 5f 82 85 5f 82 85 5f 5d 53 5d 65 00 00 fe 
[12:05:14] 4a 82 85 5f 82 85 5f 82 85 5f 82 85 5f 5d 58 5d 76 00 00 ff 
[12:05:14] 4a 82 85 5f 82 85 5f 82 85 5f 82 85 5f 5d 7c 5d 85 00 00 00 
[12:05:14] 49 82 85 5f 82 85 5f 82 85 5f 82 85 5f 5d 90 5d 98 00 00 01 
[12:05:14] 49 82 85 5f 82 85 5f 82 85 5f 82 85 5f 5d a2 5d c6 00 00 02 
[12:05:15] 49 82 85 5f 82 85 5f 82 85 5f 82 85 5f 5d b0 5d a9 00 00 03 
[12:05:15] 49 82 85 5f 82 85 5f 82 85 5f 83 85 5f 5d 88 5d 63 00 00 04 
[12:05:15] 49 82 85 5f 82 85 5f 82 85 5f 83 85 5f 5d 62 5d 5b 00 00 05 
[12:05:15] 49 83 85 5f 83 85 5f 82 85 5f 82 85 5f 5d 54 5d 5b 00 00 06 
[12:05:15] 49 82 85 5f 82 85 5f 82 85 5f 82 85 5f 5d 5d 5d 55 00 00 07 
[12:05:15] 49 82 85 5f 82 85 5f 82 85 5f 82 85 5f 5d 60 5d 63 00 00 08 
[12:05:15] 49 82 85 5f 83 85 5f 83 85 5f 82 85 5f 5d 6e 5d 72 00 00 09 
[12:05:15] 49 82 85 5f 82 85 5f 82 85 60 82 85 60 5d 7b 5d 79 00 00 0a 
[12:05:15] 49 83 85 5f 82 85 5f 82 85 5f 82 85 5f 5d 82 5d 92 00 00 0b 
[12:05:15] 49 82 85 5f 83 85 5f 83 85 5f 83 85 5f 5d 9a 5d 95 00 00 0c 
[12:05:15] 49 83 85 5f 83 85 5f 83 85 5f 82 85 5f 5d 88 5d 74 00 00 0d 
[12:05:15] 49 82 85 5f 82 85 5f 82 85 5f 82 85 5f 5d 70 5d 68 00 00 0e 
[12:05:16] 49 83 85 5f 82 85 5f 82 85 5f 82 85 5f 5d 5d 5d 67 00 00 0f 
[12:05:16] 49 82 85 5f 82 85 5f 82 85 5f 82 85 5f 5d 67 5d 5d 00 00 10 
[12:05:16] 49 83 85 5f 83 85 5f 82 85 5f 82 85 5f 5d 71 5d 77 00 00 11 
[12:05:16] 49 82 85 5f 82 85 5f 82 85 5f 82 85 5f 5d 79 5d 7b 00 00 12 
[12:05:16] 49 82 85 5f 83 85 5f 83 85 5f 83 85 5f 5d 7c 5d 8f 00 00 13 
[12:05:16] 49 83 85 5f 83 85 5f 82 85 5f 82 85 5f 5d a0 5d a7 00 00 14 
[12:05:16] 49 82 85 5f 83 85 5f 83 85 5f 82 85 5f 5d b8 5d b5 00 00 15 
[12:05:16] 49 83 85 5f 83 85 5f 83 85 60 83 85 60 5d bc 5d b0 00 00 16 
[12:05:16] 49 82 85 60 82 85 5f 82 85 5f 83 85 5f 5d 9a 5d 94 00 00 17 
[12:05:16] 49 83 85 5f 83 85 60 82 85 5f 82 85 5f 5d 8f 5d 85 00 00 18 
[12:05:16] 49 82 85 5f 82 85 5f 82 85 5f 82 85 60 5d 94 5d b6 00 00 19 
[12:05:16] 49 82 85 5f 82 85 5f 82 85 5f 82 85 5f 5d c0 5d bd 00 00 1a 
[12:05:16] 49 82 85 5f 82 85 5f 82 85 5f 82 85 5f 5d a1 5d 8b 00 00 1b 
[12:05:17] 49 82 85 5f 82 85 5f 82 85 5f 82 85 5f 5d 90 5d 98 00 00 1c 
[12:05:17] 49 82 85 5f 82 85 5f 82 85 5f 82 85 5f 5d 9d 5d ae 00 00 1d 
[12:05:17] 49 82 85 5f 82 85 5f 82 85 5f 82 85 5f 5d b0 5d bd 00 00 1e 
[12:05:17] 49 82 85 5f 82 85 5f 82 85 5f 82 85 5f 5d cd 5d ca 00 00 1f 
[12:05:17] 49 82 85 5f 82 85 5f 82 85 5f 82 85 5f 5d cd 5d af 00 00 20 
[12:05:17] 49 82 85 5f 82 85 5f 82 85 5f 82 85 5f 5d d4 5d c0 00 00 21 
[12:05:17] 49 82 85 5f 82 85 5f 82 85 5f 82 85 5f 5d b2 5d 92 00 00 22 
[12:05:17] 49 82 85 5f 82 85 5f 82 85 5f 82 85 5f 5d 7c 5d 6f 00 00 23 
[12:05:17] 49 82 85 5f 82 85 5f 82 85 5f 82 85 5f 5d 77 5d 77 00 00 24 
[12:05:17] 49 82 85 5f 83 85 5f 82 85 5f 82 85 5f 5d 74 5d 6c 00 00 25 
[12:05:17] 49 82 85 5f 82 85 5f 82 85 60 82 85 5f 5d 78 5d 6f 00 00 26 
[12:05:17] 49 82 85 5f 82 85 5f 82 85 5f 82 85 5f 5d 74 5d 85 00 00 27 
[12:05:18] 49 82 85 5f 82 85 5f 82 85 5f 82 85 5f 5d 87 5d 88 00 00 28 
[12:05:18] 49 82 85 5f 82 85 5f 82 85 5f 82 85 5f 5d 96 5d 98 00 00 29 
[12:05:18] 49 82 85 5f 82 85 5f 82 85 5f 82 85 5f 5d 9b 5d 84 00 00 2a 
[12:05:18] 49 82 85 5f 82 85 5f 82 85 5f 82 85 5f 5d 64 5d 56 00 00 2b 
[12:05:18] 49 82 85 5f 82 85 5f 82 85 5f 82 85 60 5d 43 5d 34 00 00 2c 
[12:05:18] 49 82 85 5f 82 85 5f 82 85 5f 82 85 5f 5d 23 5d 29 00 00 2d 
[12:05:18] 4a 82 85 5f 82 85 5f 82 85 5f 82 85 5f 5d 1c 5d 1c 00 00 2e 
[12:05:18] 4a 82 85 5f 82 85 5f 82 85 5f 82 85 5f 5d 23 5d 27 00 00 2f 
[12:05:18] 4a 82 85 5f 82 85 5f 82 85 5f 82 85 5f 5d 2b 5d 3b 00 00 30 
[12:05:18] 4a 82 85 5f 82 85 5f 82 85 5f 82 85 5f 5d 3d 5d 47 00 00 31 
[12:05:18] 4a 82 85 5f 82 85 5f 82 85 5f 82 85 5f 5d 80 5d 82 00 00 32 
[12:05:18] 4a 82 85 5f 82 85 5f 82 85 5f 82 85 5f 5d 8e 5d 82 00 00 33 
[12:05:18] 4a 82 85 5f 82 85 5f 82 85 5f 82 85 5f 5d 6a 5d 66 00 00 34 
[12:05:19] 4a 82 85 5f 82 85 5f 82 85 5f 82 85 5f 5d 58 5d 40 00 00 35 
[12:05:19] 4a 82 85 5f 82 85 5f 82 85 5f 82 85 5f 5d 2e 5d 21 00 00 36 
[12:05:19] 4a 82 85 5f 82 85 5f 82 85 5f 82 85 5f 5d 23 5d 1a 00 00 37 
[12:05:19] 4a 82 85 5f 82 85 5f 82 85 5f 82 85 5f 5d 14 5d 1e 00 00 38 
[12:05:19] 4a 82 85 5f 82 85 5f 82 85 60 82 85 60 5d 1d 5d 17 00 00 39 
[12:05:19] 4a 82 85 5f 82 85 5f 82 85 5f 82 85 5f 5d 16 5d 1d 00 00 3a 
[12:05:19] 4a 82 85 5f 82 85 5f 82 85 5f 82 85 5f 5d 24 5d 2d 00 00 3b 
[12:05:19] 4a 82 85 5f 82 85 5f 82 85 5f 82 85 5f 5d 38 5d 6f 00 00 3c 
[12:05:19] 4a 82 85 60 82 85 60 82 85 5f 82 85 5f 5d 79 5d 87 00 00 3d 
[12:05:19] 4a 82 85 5f 82 85 5f 82 85 5f 82 85 5f 5d 81 5d 72 00 00 3e 
[12:05:19] 4a 82 85 5f 82 85 5f 82 85 5f 82 85 5f 5d 5f 5d 3c 00 00 3f 
[12:05:19] 4a 82 85 5f 82 85 5f 82 85 5f 82 85 5f 5d 27 5d 0d 00 00 40 
[12:05:20] 4a 82 85 5f 82 85 5f 82 85 5f 82 85 5f 5c ff 5d 04 00 00 41 
[12:05:20] 4a 82 85 5f 82 85 5f 82 85 5f 82 85 5f 5c f5 5c f8 00 00 42 
[12:05:20] 4a 82 85 5f 82 85 5f 82 85 5f 82 85 60 5c f8 5c f7 00 00 43 
[12:05:20] 4a 82 85 5f 82 85 5f 82 85 5f 82 85 5f 5c f3 5c fe 00 00 44 
[12:05:20] 4a 82 85 5f 82 85 5f 82 85 5f 82 85 5f 5d 0e 5d 19 00 00 45 
[12:05:20] 4a 82 85 5f 82 85 5f 82 85 5f 82 85 5f 5d 23 5d 29 00 00 46 
[12:05:20] 4a 82 85 5f 82 85 5f 83 85 5f 82 85 5f 5d 2e 5d 38 00 00 47 
[12:05:20] 4a 82 85 5f 82 85 5f 82 85 5f 82 85 5f 5d 45 5d 54 00 00 48 
[12:05:20] 4a 82 85 5f 82 85 5f 82 85 5f 82 85 5f 5d 56 5d 54 00 00 49 
[12:05:20] 4a 82 85 5f 82 85 5f 82 85 5f 82 85 60 5d 6c 5d 5b 00 00 4a 
[12:05:20] 4a 82 85 60 82 85 5f 82 85 5f 82 85 5f 5d 45 5d 31 00 00 4b 
[12:05:20] 4b 82 85 5f 82 85 5f 82 85 5f 82 85 5f 5d 12 5d 07 00 00 4c 
[12:05:20] 4b 82 85 5f 82 85 5f 82 85 5f 82 85 5f 5d 11 5d 04 00 00 4d 
[12:05:21] 4b 82 85 5f 82 85 5f 82 85 5f 82 85 5f 5d 0c 5d 0f 00 00 4e 
[12:05:21] 4b 82 85 5f 82 85 5f 82 85 5f 82 85 5f 5d 14 5d 23 00 00 4f 
[12:05:21] 4b 82 85 5f 82 85 5f 82 85 5f 82 85 5f 5d 29 5d 31 00 00 50 
[12:05:21] 4b 82 85 60 82 85 60 82 85 5f 82 85 5f 5d 37 5d 45 00 00 51 
[12:05:21] 4b 82 85 5f 82 85 5f 82 85 5f 82 85 5f 5d 50 5d 64 00 00 52 
[12:05:21] 4b 82 85 5f 82 85 5f 82 85 5f 82 85 5f 5d 65 5d 70 00 00 53 
[12:05:21] 4b 82 85 5f 82 85 5f 82 85 60 82 85 60 5d 6d 5d 92 00 00 54 
[12:05:21] 4b 82 85 5f 82 85 5f 82 85 5f 82 85 5f 5d 75 5d 6f 00 00 55 
[12:05:21] 4b 82 85 5f 82 85 5f 82 85 5f 82 85 5f 5d 5a 5d 3b 00 00 56 
[12:05:21] 4b 82 85 5f 82 85 5f 82 85 5f 82 85 5f 5d 3c 5d 40 00 00 57 
[12:05:21] 4b 82 85 5f 82 85 5f 82 85 5f 82 85 5f 5d 4a 5d 53 00 00 58 
[12:05:21] 4b 82 85 5f 82 85 5f 82 85 5f 82 85 5f 5d 50 5d 56 00 00 59 
[12:05:22] 4b 82 85 5f 82 85 5f 82 85 5f 82 85 5f 5d 57 5d 6e 00 00 5a 
[12:05:22] 4a 82 85 5f 82 85 5f 83 85 5f 82 85 5f 5d 7b 5d 88 00 00 5b 
[12:05:22] 4a 82 85 5f 82 85 5f 82 85 5f 82 85 5f 5d 8b 5d 97 00 00 5c 
[12:05:22] 4a 82 85 5f 82 85 5f 82 85 5f 82 85 5f 5d ab 5d a8 00 00 5d 
[12:05:22] 4a 82 85 5f 82 85 5f 82 85 5f 82 85 5f 5d bc 5d a8 00 00 5e 
[12:05:22] 4a 82 85 5f 82 85 5f 82 85 5f 82 85 5f 5d 9e 5d 8a 00 00 5f 
[12:05:22] 4a 82 85 5f 82 85 5f 82 85 5f 82 85 5f 5d 7b 5d 71 00 00 60 
[12:05:22] 4a 82 85 5f 82 85 5f 82 85 5f 82 85 5f 5d 6d 5d 6d 00 00 61 
[12:05:22] 4a 82 85 5f 82 85 5f 82 85 5f 82 85 5f 5d 5f 5d 62 00 00 62 
[12:05:22] 4a 82 85 5f 82 85 5f 82 85 5f 82 85 60 5d 63 5d 64 00 00 63 
[12:05:22] 4a 82 85 60 82 85 5f 82 85 5f 82 85 5f 5d 6d 5d 73 00 00 64 
[12:05:22] 4a 82 85 5f 82 85 5f 82 85 5f 82 85 5f 5d b3 5d bd 00 00 65 
[12:05:22] 4a 82 85 5f 82 85 5f 82 85 5f 82 85 5f 5d c0 5d b5 00 00 66 
[12:05:23] 4a 82 85 5f 82 85 5f 82 85 5f 82 85 5f 5d a1 5d a8 00 00 67 
[12:05:23] 4a 82 85 5f 82 85 5f 82 85 5f 82 85 5f 5d b2 5d bd 00 00 68 
[12:05:23] 4a 82 85 5f 82 85 5f 82 85 5f 82 85 5f 5d b2 5d a4 00 00 69 
[12:05:23] 4a 82 85 60 82 85 60 82 85 5f 82 85 5f 5d 7d 5d 78 00 00 6a 
[12:05:23] 49 82 85 5f 82 85 5f 82 85 60 82 85 5f 5d 6a 5d 6d 00 00 6b 
[12:05:23] 49 82 85 5f 82 85 5f 82 85 5f 82 85 5f 5d 66 5d 6a 00 00 6c 
[12:05:23] 49 82 85 5f 82 85 5f 82 85 5f 82 85 5f 5d 6c 5d 6c 00 00 6d 
[12:05:23] 49 82 85 5f 82 85 5f 82 85 5f 82 85 5f 5d 6c 5d ac 00 00 6e 
[12:05:23] 49 82 85 5f 82 85 5f 82 85 5f 82 85 5f 5d a7 5d b4 00 00 6f 
[12:05:23] 49 82 85 5f 82 85 60 82 85 60 82 85 60 5d 9f 5d 94 00 00 70 
[12:05:23] 49 82 85 5f 82 85 5f 82 85 5f 82 85 5f 5d 96 5d a0 00 00 71 
[12:05:23] 49 82 85 5f 82 85 5f 82 85 5f 82 85 5f 5d a7 5d b9 00 00 72 
[12:05:24] 49 82 85 5f 82 85 5f 82 85 5f 82 85 5f 5d c0 5d b8 00 00 73 
[12:05:24] 49 82 85 5f 82 85 5f 82 85 60 82 85 60 5d a4 5d 87 00 00 74 
[12:05:24] 49 82 85 5f 82 85 5f 82 85 5f 82 85 5f 5d 7c 5d 79 00 00 75 
[12:05:24] 49 82 85 5f 82 85 5f 82 85 5f 82 85 5f 5d 78 5d 6f 00 00 76 
[12:05:24] 49 82 85 60 82 85 5f 82 85 5f 82 85 5f 5d 6d 5d 6f 00 00 77 
[12:05:24] 49 82 85 60 82 85 60 82 85 5f 82 85 5f 5d 6d 5d 6e 00 00 78 
[12:05:24] 49 82 85 5f 82 85 5f 82 85 5f 82 85 5f 5d 7a 5d 76 00 00 79 
[12:05:24] 49 82 85 5f 82 85 5f 82 85 5f 82 85 5f 5d 80 5d 8b 00 00 7a 
[12:05:24] 49 82 85 5f 82 85 5f 82 85 5f 82 85 5f 5d 9d 5d a2 00 00 7b 
[12:05:24] 49 82 85 5f 82 85 5f 82 85 5f 82 85 5f 5d aa 5d b5 00 00 7c 
[12:05:24] 49 82 85 5f 82 85 5f 82 85 5f 82 85 60 5d bf 5d be 00 00 7d 
[12:05:24] 49 82 85 5f 82 85 5f 82 85 5f 82 85 5f 5d af 5d 91 00 00 7e 
[12:05:24] 49 82 85 60 82 85 5f 82 85 5f 82 85 5f 5d bd 5d b6 00 00 7f 
[12:05:24] 49 82 85 5f 82 85 5f 82 85 5f 82 85 60 5d b1 5d a3 00 00 80 
[12:05:25] 49 82 85 60 82 85 60 82 85 60 82 85 5f 5d 78 5d 7c 00 00 81 
[12:05:25] 49 82 85 5f 82 85 5f 82 85 5f 82 85 5f 5d 87 5d 85 00 00 82 
[12:05:25] 49 82 85 5f 82 85 5f 82 85 5f 82 85 5f 5d 92 5d 94 00 00 83 
[12:05:25] 49 82 85 5f 82 85 5f 82 85 5f 82 85 5f 5d 96 5d ab 00 00 84 
[12:05:25] 49 82 85 60 82 85 5f 82 85 5f 82 85 5f 5d bb 5d cb 00 00 85 
[12:05:25] 49 82 85 5f 82 85 5f 82 85 5f 82 85 5f 5d d0 5d e1 00 00 86 
[12:05:25] 49 82 85 5f 82 85 5f 82 85 5f 82 85 5f 5d df 5e 15 00 00 87 
[12:05:25] 49 82 85 5f 82 85 5f 82 85 5f 82 85 5f 5e 1e 5e 0a 00 00 88 
[12:05:25] 48 82 85 5f 82 85 5f 82 85 5f 82 85 5f 5d f0 5d b6 00 00 89 
[12:05:25] 48 82 85 5f 82 85 5f 82 85 5f 82 85 5f 5d ab 5d ac 00 00 8a 
[12:05:25] 48 82 85 5f 82 85 5f 82 85 5f 82 85 5f 5d 95 5d 95 00 00 8b 
[12:05:25] 48 82 85 5f 82 85 5f 82 85 5f 82 85 5f 5d 8d 5d 83 00 00 8c 
[12:05:26] 48 82 85 5f 82 85 5f 82 85 5f 82 85 5f 5d 93 5d 99 00 00 8d 
[12:05:26] 48 82 85 5f 82 85 5f 82 85 5f 82 85 5f 5d a2 5d 9a 00 00 8e 
[12:05:26] 48 82 85 5f 82 85 5f 82 85 5f 82 85 5f 5d ad 5d b2 00 00 8f 
[12:05:26] 48 82 85 5f 82 85 5f 82 85 5f 82 85 60 5d c1 5d cb 00 00 90 
[12:05:26] 48 82 85 5f 82 85 5f 82 85 5f 82 85 5f 5d d5 5d e7 00 00 91 
[12:05:26] 48 82 85 5f 82 85 5f 82 85 5f 82 85 5f 5e 1e 5e 22 00 00 92 
[12:05:26] 48 82 85 5f 82 85 5f 82 85 5f 82 85 5f 5e 15 5d e6 00 00 93 
[12:05:26] 48 82 85 5f 82 85 5f 82 85 5f 82 85 5f 5d b6 5d 98 00 00 94 
[12:05:26] 48 82 85 5f 82 85 5f 82 85 5f 82 85 5f 5d 8e 5d 88 00 00 95 
[12:05:26] 48 82 85 5f 82 85 5f 82 85 5f 82 85 5f 5d 81 5d 73 00 00 96 
[12:05:26] 48 82 85 5f 82 85 5f 82 85 5f 82 85 60 5d 77 5d 80 00 00 97 
[12:05:26] 48 82 85 5f 82 85 60 82 85 5f 82 85 5f 5d 6f 5d 77 00 00 98 
[12:05:26] 48 82 85 5f 82 85 5f 82 85 5f 82 85 5f 5d 7e 5d 83 00 00 99 
[12:05:27] 48 82 85 5f 82 85 60 82 85 60 82 85 5f 5d 92 5d 9d 00 00 9a 
[12:05:27] 48 82 85 5f 82 85 5f 82 85 5f 82 85 5f 5d 9f 5d b5 00 00 9b 
[12:05:27] 48 82 85 5f 82 85 5f 82 85 60 82 85 60 5d b4 5d c6 00 00 9c 
[12:05:27] 48 82 85 5f 82 85 5f 82 85 5f 82 85 5f 5d d0 5d c1 00 00 9d 
[12:05:27] 48 82 85 5f 82 85 5f 82 85 5f 82 85 5f 5d b5 5d 9e 00 00 9e 
[12:05:27] 48 82 85 5f 82 85 5f 82 85 5f 82 85 5f 5d 82 5d 84 00 00 9f 
[12:05:27] 48 82 85 5f 82 85 5f 82 85 5f 82 85 5f 5d 8a 5d ba 00 00 a0 
[12:05:27] 48 82 85 5f 82 85 5f 82 85 5f 82 85 5f 5d bb 5d bd 00 00 a1 
[12:05:27] 48 82 85 5f 82 85 5f 82 85 5f 82 85 5f 5d b2 5d 97 00 00 a2 
[12:05:27] 48 82 85 5f 82 85 5f 82 85 5f 82 85 5f 5d a0 5d ad 00 00 a3 
[12:05:27] 48 82 85 5f 82 85 5f 82 85 5f 82 85 5f 5d b1 5d b6 00 00 a4 
[12:05:27] 48 82 85 60 82 85 60 82 85 5f 82 85 5f 5d bd 5d cb 00 00 a5 
[12:05:28] 48 82 85 5f 82 85 5f 82 85 5f 82 85 5f 5d d5 5d dd 00 00 a6 
[12:05:28] 47 82 85 5f 82 85 60 82 85 5f 82 85 5f 5d f3 5d f2 00 00 a7 
[12:05:28] 47 82 85 5f 82 85 5f 82 85 5f 82 85 5f 5d e8 5d da 00 00 a8 
[12:05:28] 47 82 85 5f 82 85 5f 82 85 5f 82 85 5f 5d ca 5d af 00 00 a9 
[12:05:28] 47 82 85 5f 82 85 5f 82 85 5f 82 85 5f 5d 9c 5d 9b 00 00 aa 
[12:05:28] 47 82 85 5f 82 85 5f 82 85 5f 82 85 5f 5d 94 5d 9c 00 00 ab 
[12:05:28] 47 82 85 5f 82 85 5f 82 85 5f 82 85 5f 5d c0 5d c0 00 00 ac 
[12:05:28] 47 82 85 5f 82 85 5f 82 85 5f 82 85 5f 5d c3 5d ba 00 00 ad 
[12:05:28] 47 82 85 5f 82 85 5f 82 85 5f 82 85 5f 5d 9d 5d af 00 00 ae 
[12:05:28] 47 82 85 5f 82 85 5f 82 85 5f 82 85 5f 5d b1 5d b1 00 00 af 
[12:05:28] 47 82 85 5f 82 85 5f 82 85 60 82 85 60 5d c0 5d cf 00 00 b0 
[12:05:28] 47 82 85 60 82 85 60 82 85 60 82 85 60 5d db 5d df 00 00 b1 
[12:05:29] 47 82 85 60 82 85 5f 82 85 5f 82 85 60 5d f3 5d eb 00 00 b2 
[12:05:29] 47 82 85 5f 82 85 5f 82 85 60 82 85 60 5d cf 5d ba 00 00 b3 
[12:05:29] 47 82 85 60 82 85 60 82 85 60 82 85 5f 5d a2 5d 8a 00 00 b4 
[12:05:29] 47 82 85 5f 82 85 5f 82 85 5f 82 85 5f 5d 8a 5d 7a 00 00 b5 
[12:05:29] 47 82 85 5f 82 85 5f 82 85 5f 82 85 5f 5d 79 5d 79 00 00 b6 
[12:05:29] 47 82 85 5f 82 85 5f 82 85 60 82 85 5f 5d 78 5d a9 00 00 b7 
[12:05:29] 47 82 85 5f 82 85 5f 82 85 5f 82 85 5f 5d ab 5d ad 00 00 b8 
[12:05:29] 47 82 85 5f 82 85 5f 82 85 5f 82 85 5f 5d a7 5d 91 00 00 b9 
[12:05:29] 47 82 85 5f 82 85 60 83 85 60 83 85 60 5d a1 5d 9c 00 00 ba 
[12:05:29] 47 82 85 60 82 85 5f 82 85 5f 82 85 5f 5d a2 5d ad 00 00 bb 
[12:05:29] 47 82 85 5f 83 85 5f 82 85 5f 82 85 5f 5d bf 5d bf 00 00 bc 
[12:05:29] 47 82 85 5f 82 85 5f 82 85 5f 82 85 5f 5d b6 5d 9b 00 00 bd 
[12:05:29] 47 82 85 5f 82 85 5f 82 85 5f 82 85 5f 5d 89 5d 7f 00 00 be 
[12:05:30] 47 82 85 5f 82 85 5f 82 85 5f 82 85 5f 5d 76 5d 75 00 00 bf 
[12:05:30] 47 82 85 5f 82 85 5f 82 85 5f 82 85 5f 5d 64 5d a6 00 00 c0 
[12:05:30] 47 82 85 5f 82 85 5f 82 85 5f 82 85 5f 5d a8 5d a3 00 00 c1 
[12:05:30] 47 82 85 5f 82 85 5f 82 85 60 82 85 60 5d 97 5d 82 00 00 c2 
[12:05:30] 47 82 85 5f 82 85 5f 82 85 5f 82 85 60 5d 98 5d 95 00 00 c3 
[12:05:30] 47 82 85 60 82 85 60 82 85 60 82 85 5f 5d a7 5d af 00 00 c4 
[12:05:30] 48 82 85 5f 82 85 5f 82 85 5f 82 85 5f 5d b7 5d ca 00 00 c5 
[12:05:30] 48 82 85 5f 82 85 5f 82 85 5f 82 85 5f 5d d0 5d e4 00 00 c6 
[12:05:30] 48 82 85 60 82 85 60 82 85 5f 82 85 5f 5d e8 5d db 00 00 c7 
[12:05:30] 48 82 85 5f 82 85 5f 82 85 5f 82 85 5f 5d cd 5d b1 00 00 c8 
[12:05:30] 48 82 85 5f 82 85 5f 82 85 5f 82 85 5f 5d 97 5d 97 00 00 c9 
[12:05:30] 48 82 85 5f 82 85 5f 82 85 5f 82 85 5f 5d 95 5d 8e 00 00 ca 
[12:05:30] 48 82 85 5f 82 85 5f 82 85 5f 83 85 5f 5d 7d 5d 83 00 00 cb 
[12:05:31] 48 83 85 5f 83 85 5f 82 85 5f 82 85 5f 5d 8a 5d 7e 00 00 cc 
[12:05:31] 48 82 85 5f 82 85 5f 82 85 5f 82 85 5f 5d 92 5d a1 00 00 cd 
[12:05:31] 48 82 85 5f 82 85 5f 82 85 5f 82 85 5f 5d 9f 5d ae 00 00 ce 
[12:05:31] 48 82 85 5f 82 85 5f 82 85 5f 82 85 5f 5d bf 5d f8 00 00 cf 
[12:05:31] 48 82 85 5f 82 85 60 82 85 5f 82 85 5f 5e 00 5e 04 00 00 d0 
[12:05:31] 48 82 85 5f 82 85 5f 82 85 5f 82 85 5f 5e 01 5d fd 00 00 d1 
[12:05:31] 48 82 85 5f 82 85 5f 82 85 5f 82 85 5f 5e 00 5d ee 00 00 d2 
[12:05:31] 48 82 85 5f 82 85 5f 82 85 5f 82 85 5f 5d ed 5d d2 00 00 d3 
[12:05:31] 47 82 85 5f 82 85 5f 82 85 5f 82 85 5f 5d c8 5d b6 00 00 d4 
[12:05:31] 47 82 85 5f 82 85 5f 82 85 5f 82 85 5f 5d af 5d bc 00 00 d5 
[12:05:31] 47 82 85 5f 82 85 5f 82 85 5f 82 85 5f 5d b8 5d c0 00 00 d6 
[12:05:31] 47 82 85 5f 82 85 5f 82 85 5f 82 85 5f 5d ba 5d ec 00 00 d7 
[12:05:32] 47 82 85 5f 82 85 5f 82 85 5f 82 85 5f 5d f3 5d ee 00 00 d8 
[12:05:32] 47 82 85 5f 82 85 5f 82 85 5f 82 85 5f 5d e8 5d de 00 00 d9 
[12:05:32] 47 82 85 5f 82 85 5f 82 85 5f 82 85 5f 5d df 5d e7 00 00 da 
[12:05:32] 47 82 85 5f 82 85 5f 82 85 5f 82 85 5f 5d f7 5d fb 00 00 db 
[12:05:32] 47 82 85 5f 82 85 5f 82 85 60 82 85 5f 5e 0e 5e 17 00 00 dc 
[12:05:32] 47 82 85 5f 82 85 5f 82 85 5f 82 85 5f 5e 2c 5e 22 00 00 dd 
[12:05:32] 47 82 85 5f 82 85 5f 82 85 5f 82 85 5f 5e 08 5e 0c 00 00 de 
[12:05:32] 47 82 85 5f 82 85 5f 82 85 5f 82 85 5f 5e 07 5e 00 00 00 df 
[12:05:32] 47 82 85 5f 82 85 5f 82 85 5f 82 85 5f 5d f7 5e 00 00 00 e0 
[12:05:32] 47 82 85 5f 82 85 5f 82 85 5f 82 85 5f 5e 02 5e 0e 00 00 e1 
[12:05:32] 47 82 85 5f 82 85 5f 82 85 5f 82 85 5f 5e 05 5e 11 00 00 e2 
[12:05:32] 47 82 85 5f 82 85 5f 82 85 60 82 85 60 5e 1c 5e 19 00 00 e3 
[12:05:32] 47 82 85 60 82 85 5f 82 85 5f 82 85 5f 5e 29 5e 43 00 00 e4 
[12:05:33] 47 82 85 5f 82 85 5f 82 85 5f 82 85 5f 5e 33 5e 3c 00 00 e5 
[12:05:33] 47 82 85 5f 82 85 5f 82 85 5f 82 85 5f 5e 44 5e 5a 00 00 e6 
[12:05:33] 47 82 85 5f 82 85 5f 82 85 5f 82 85 5f 5e 59 5e 6a 00 00 e7 
[12:05:33] 47 82 85 5f 82 85 5f 82 85 5f 82 85 5f 5e 6c 5e 57 00 00 e8 
[12:05:33] 47 82 85 5f 82 85 5f 82 85 5f 82 85 5f 5e 81 5e 79 00 00 e9 
[12:05:33] 47 82 85 5f 82 85 5f 82 85 5f 82 85 5f 5e 68 5e 53 00 00 ea 
[12:05:33] 47 82 85 5f 82 85 5f 82 85 5f 82 85 5f 5e 38 5e 32 00 00 eb 
[12:05:33] 47 82 85 5f 82 85 5f 82 85 5f 82 85 5f 5e 37 5e 32 00 00 ec 
[12:05:33] 47 82 85 5f 82 85 5f 82 85 5f 82 85 5f 5e 42 5e 41 00 00 ed 
[12:05:33] 47 82 85 5f 82 85 5f 82 85 5f 82 85 5f 5e 52 5e 4b 00 00 ee 
[12:05:33] 47 82 85 5f 82 85 5f 82 85 5f 82 85 5f 5e 8e 5e 90 00 00 ef 
[12:05:33] 47 82 85 5f 82 85 5f 82 85 5f 82 85 5f 5e 99 5e 88 00 00 f0 
[12:05:34] 47 82 85 5f 82 85 5f 82 85 5f 82 85 5f 5e 74 5e 85 00 00 f1 
[12:05:34] 47 82 85 5f 82 85 5f 82 85 5f 82 85 60 5e 9f 5e a1 00 00 f2 
[12:05:34] 47 82 85 60 82 85 5f 82 85 5f 82 85 5f 5e 95 5e 86 00 00 f3 
[12:05:34] 47 82 85 60 82 85 60 82 85 60 82 85 5f 5e 84 5e 71 00 00 f4 
[12:05:34] 47 82 85 5f 82 85 5f 82 85 5f 82 85 5f 5e 71 5e 70 00 00 f5 
[12:05:34] 47 82 85 5f 82 85 5f 82 85 5f 82 85 5f 5e 76 5e 79 00 00 f6 
[12:05:34] 47 82 85 5f 82 85 5f 82 85 5f 82 85 5f 5e 7c 5e 85 00 00 f7 
[12:05:34] 47 82 85 5f 82 85 5f 83 85 5f 82 85 5f 5e 8e 5e 8d 00 00 f8 
[12:05:34] 47 82 85 5f 82 85 5f 82 85 5f 82 85 5f 5e 9f 5e a1 00 00 f9 
[12:05:34] 47 82 85 5f 82 85 5f 82 85 5f 82 85 5f 5e aa 5e b6 00 00 fa 
[12:05:34] 47 82 85 5f 82 85 5f 82 85 5f 82 85 5f 5e c3 5e c5 00 00 fb 
[12:05:34] 47 82 85 60 82 85 60 82 85 5f 82 85 5f 5e e5 5e e9 00 00 fc 
[12:05:34] 47 82 85 5f 82 85 5f 82 85 5f 82 85 5f 5e f2 5f 2b 00 00 fd 
[12:05:35] 47 82 85 5f 82 85 5f 82 85 5f 82 85 5f 5f 1f 5f 20 00 00 fe 
[12:05:35] 47 83 85 5f 82 85 5f 82 85 5f 82 85 5f 5e fc 5e e2 00 00 ff 
[12:05:35] 47 82 85 5f 82 85 5f 82 85 5f 82 85 5f 5e e9 5e e5 00 00 00 
[12:05:35] 47 82 85 5f 82 85 5f 82 85 5f 82 85 5f 5e f1 5e f2 00 00 01 
[12:05:35] 47 82 85 5f 82 85 5f 82 85 5f 82 85 5f 5e e9 5e ea 00 00 02 
[12:05:35] 47 82 85 5f 82 85 5f 82 85 5f 82 85 5f 5e ee 5e fa 00 00 03 
[12:05:35] 47 82 85 5f 82 85 5f 82 85 60 82 85 60 5e ee 5f 24 00 00 04 
[12:05:35] 47 82 85 5f 82 85 5f 82 85 5f 82 85 5f 5f 35 5f 2b 00 00 05 
[12:05:35] 47 82 85 60 82 85 60 82 85 5f 82 85 5f 5f 1c 5f 17 00 00 06 
[12:05:35] 47 82 85 5f 82 85 5f 82 85 5f 82 85 60 5f 0e 5f 1f 00 00 07 
[12:05:35] 47 82 85 60 82 85 60 82 85 5f 82 85 5f 5f 12 5f 07 00 00 08 
[12:05:35] 47 82 85 5f 82 85 5f 82 85 5f 82 85 5f 5f 09 5f 05 00 00 09 
[12:05:36] 47 82 85 5f 82 85 5f 82 85 5f 82 85 5f 5f 02 5f 03 00 00 0a 
[12:05:36] 47 82 85 5f 82 85 5f 82 85 5f 82 85 5f 5e fe 5f 01 00 00 0b 
[12:05:36] 47 82 85 5f 82 85 5f 82 85 5f 82 85 5f 5f 0a 5f 10 00 00 0c 
[12:05:36] 47 82 85 5f 82 85 5f 82 85 5f 82 85 5f 5f 15 5f 4d 00 00 0d 
[12:05:36] 47 82 85 5f 82 85 5f 82 85 5f 82 85 5f 5f 4e 5f 54 00 00 0e 
[12:05:36] 47 82 85 5f 82 85 5f 82 85 5f 82 85 5f 5f 4e 5f 37 00 00 0f 
[12:05:36] 47 82 85 5f 82 85 5f 82 85 5f 82 85 5f 5f 3e 5f 45 00 00 10 
[12:05:36] 46 82 85 5f 82 85 5f 82 85 5f 82 85 5f 5f 52 5f 59 00 00 11 
[12:05:36] 46 82 85 5f 82 85 5f 82 85 5f 82 85 5f 5f 4e 5f 51 00 00 12 
[12:05:36] 46 82 85 5f 82 85 5f 82 85 5f 82 85 5f 5f 3f 5f 3e 00 00 13 
[12:05:36] 46 82 85 5f 82 85 5f 82 85 5f 82 85 5f 5f 35 5f 3a 00 00 14 
[12:05:36] 46 82 85 5f 82 85 5f 82 85 5f 82 85 5f 5f 3b 5f 36 00 00 15 
[12:05:36] 46 82 85 5f 82 85 5f 82 85 5f 82 85 5f 5f 45 5f 3f 00 00 16 
[12:05:36] 46 82 85 5f 82 85 5f 82 85 5f 82 85 5f 5f 3a 5f 3d 00 00 17 
[12:05:37] 46 83 85 60 82 85 60 82 85 5f 82 85 60 5f 4c 5f 5f 00 00 18 
[12:05:37] 46 82 85 60 82 85 5f 82 85 5f 82 85 5f 5f 67 5f 65 00 00 19 
[12:05:37] 46 82 85 5f 82 85 5f 82 85 5f 82 85 5f 5f 6f 5f 6f 00 00 1a 
[12:05:37] 46 82 85 5f 82 85 5f 82 85 5f 82 85 5f 5f 88 5f 90 00 00 1b 
[12:05:37] 46 82 85 5f 82 85 5f 82 85 5f 82 85 5f 5f c2 5f c6 00 00 1c 
[12:05:37] 46 82 85 5f 82 85 5f 82 85 5f 82 85 5f 5f ab 5f 86 00 00 1d 
[12:05:37] 46 82 85 5f 82 85 5f 82 85 5f 82 85 5f 5f 53 5f 48 00 00 1e 
[12:05:37] 46 82 85 5f 82 85 5f 82 85 5f 82 85 5f 5f 3e 5f 2f 00 00 1f 
[12:05:37] 47 82 85 5f 82 85 5f 82 85 5f 82 85 5f 5f 27 5f 31 00 00 20 
[12:05:37] 47 82 85 5f 82 85 5f 82 85 5f 82 85 5f 5f 26 5f 39 00 00 21 
[12:05:37] 47 82 85 5f 82 85 5f 82 85 5f 82 85 5f 5f 40 5f 4d 00 00 22 
[12:05:37] 47 83 85 5f 82 85 5f 82 85 5f 82 85 5f 5f 5d 5f 65 00 00 23 
[12:05:38] 47 82 85 5f 82 85 5f 82 85 5f 82 85 5f 5f 6e 5f 6f 00 00 24 
[12:05:38] 47 82 85 5f 82 85 5f 82 85 5f 82 85 5f 5f 73 5f 85 00 00 25 
[12:05:38] 47 82 85 5f 82 85 5f 82 85 5f 82 85 5f 5f 82 5f 76 00 00 26 
[12:05:38] 47 82 85 5f 82 85 5f 82 85 5f 82 85 5f 5f 61 5f 50 00 00 27 
[12:05:38] 47 82 85 5f 82 85 5f 82 85 5f 82 85 5f 5f 43 5f 2b 00 00 28 
[12:05:38] 47 82 85 5f 82 85 5f 82 85 5f 82 85 5f 5f 35 5f 27 00 00 29 
[12:05:38] 47 82 85 5f 82 85 5f 82 85 5f 82 85 5f 5f 14 5f 0c 00 00 2a 
[12:05:38] 47 82 85 5f 82 85 5f 82 85 5f 82 85 5f 5f 0c 5f 0c 00 00 2b 
[12:05:38] 47 82 85 5f 82 85 5f 82 86 5f 83 85 60 5f 0c 5e fc 00 00 2c 
[12:05:38] 47 83 85 5f 82 84 5f 82 82 5f 82 82 5f 5e fc 5f 40 00 00 2d 
[12:05:38] 47 82 83 5f 82 84 5f 83 85 5f 83 86 5f 5f 41 5f 50 00 00 2e 
[12:05:38] 47 82 86 5f 82 85 5f 82 84 5f 82 84 60 5f 42 5f 1f 00 00 2f 
[12:05:39] 47 82 84 5f 83 85 5f 82 86 5f 82 86 5f 5f 13 5e fa 00 00 30 
[12:05:39] 47 82 85 5f 82 85 5f 82 84 5f 82 84 5f 5e e3 5e d2 00 00 31 
[12:05:39] 47 82 85 5f 82 85 5f 82 85 5f 82 85 5f 5e d2 5e c8 00 00 32 
[12:05:39] 47 82 85 5f 82 85 5f 82 85 5f 82 85 5f 5e d0 5e d5 00 00 33 
[12:05:39] 47 82 85 5f 82 85 5f 82 85 5f 82 85 5f 5e c9 5e d0 00 00 34 
[12:05:39] 47 82 85 5f 82 85 5f 82 85 5f 82 85 5f 5f 00 5f 06 00 00 35 
[12:05:39] 47 82 84 5f 82 84 5f 82 84 5f 82 84 5f 5f 14 5f 05 00 00 36 
[12:05:39] 47 82 84 5f 82 85 5f 82 84 5f 82 84 5f 5e e7 5e f4 00 00 37 
[12:05:39] 47 82 84 5f 82 84 5f 82 84 5f 82 84 5f 5e fd 5e fd 00 00 38 
[12:05:39] 47 82 84 5f 82 84 5f 82 84 5f 82 84 5f 5e f8 5e d4 00 00 39 
[12:05:39] 47 82 83 5f 82 83 5f 82 83 5f 82 84 5f 5e bd 5e a2 00 00 3a 
[12:05:39] 47 83 84 5f 83 85 5f 82 85 5f 82 84 5f 5e 9b 5e 82 00 00 3b 
[12:05:39] 47 82 84 5f 82 83 5f 82 83 5f 82 83 5f 5e 7c 5e 6d 00 00 3c 
[12:05:40] 47 82 83 5f 82 84 5f 83 84 5f 83 85 5f 5e 77 5e 6a 00 00 3d 
[12:05:40] 48 83 85 5f 83 86 5f 82 86 5f 82 85 5f 5e 6c 5e 69 00 00 3e 
[12:05:40] 48 82 85 5f 82 85 5f 82 85 5f 82 85 5f 5e 70 5e 72 00 00 3f 
[12:05:40] 48 82 85 5f 82 86 5f 82 86 5f 82 86 5f 5e 7a 5e 7f 00 00 40 
[12:05:40] 48 82 86 5f 82 86 5f 82 85 60 82 85 60 5e 87 5e 95 00 00 41 
[12:05:40] 48 82 85 60 82 86 5f 82 86 5f 82 86 5f 5e 89 5e 6c 00 00 42 
[12:05:40] 48 82 86 5f 82 86 5f 82 86 5f 82 86 5f 5e 41 5e 15 00 00 43 
[12:05:40] 48 82 85 5f 82 85 5f 82 85 5f 82 85 60 5d f2 5d dc 00 00 44 
[12:05:40] 48 82 86 60 82 86 60 82 86 5f 82 85 5f 5d cf 5d cf 00 00 45 
[12:05:40] 48 82 85 5f 82 85 60 82 86 60 82 86 5f 5d cd 5d ce 00 00 46 
[12:05:40] 48 82 86 5f 82 86 5f 82 86 5f 82 85 5f 5e 03 5e 0b 00 00 47 
[12:05:40] 48 82 85 5f 82 86 60 82 86 5f 82 86 5f 5e 14 5e 0c 00 00 48 
[12:05:41] 48 82 86 5f 82 86 5f 82 86 5f 82 85 5f 5d f7 5d f4 00 00 49 
[12:05:41] 48 82 85 5f 82 85 5f 82 85 5f 82 85 5f 5e 03 5e 13 00 00 4a 
[12:05:41] 48 82 85 5f 82 85 5f 82 85 60 82 85 60 5e 07 5d e0 00 00 4b 
[12:05:41] 48 82 85 5f 82 86 5f 82 86 60 82 86 60 5d a4 5d 89 00 00 4c 
[12:05:41] 49 82 85 60 82 85 60 82 86 60 82 86 5f 5d 60 5d 44 00 00 4d 
[12:05:41] 49 82 86 5f 82 86 5f 82 86 5f 82 85 5f 5d 40 5d 35 00 00 4e 
[12:05:41] 49 82 85 5f 82 86 5f 82 86 60 82 86 60 5d 2c 5d 1f 00 00 4f 
[12:05:41] 49 82 86 5f 82 86 5f 82 86 60 82 86 60 5d 1f 5d 1f 00 00 50 
[12:05:41] 49 82 86 60 82 86 60 82 86 60 82 85 5f 5d 19 5d 21 00 00 51 
[12:05:41] 49 82 86 5f 82 86 5f 82 85 5f 82 85 5f 5d 1c 5d 20 00 00 52 
[12:05:41] 49 82 86 5f 82 86 5f 82 86 5f 82 86 5f 5d 38 5d 39 00 00 53 
[12:05:41] 49 82 86 5f 82 86 5f 82 86 5f 82 86 5f 5d 52 5d 50 00 00 54 
[12:05:41] 49 82 86 60 82 86 60 82 86 60 82 86 5f 5d 49 5d 30 00 00 55 
[12:05:41] 49 82 86 5f 82 86 5f 82 86 5f 82 86 5f 5c f7 5c d8 00 00 56 
[12:05:42] 49 82 86 60 82 86 60 82 86 60 82 86 5f 5c c2 5c b1 00 00 57 
[12:05:42] 49 82 86 5f 82 85 5f 82 85 5f 82 85 5f 5c a3 5c a1 00 00 58 
[12:05:42] 49 82 85 5f 82 85 5f 82 85 5f 82 86 5f 5c 99 5c 99 00 00 59 
[12:05:42] 49 82 86 5f 82 86 5f 82 86 5f 82 86 5f 5c 8f 5c 91 00 00 5a 
[12:05:42] 49 82 85 5f 82 85 5f 82 85 5f 82 85 5f 5c 8d 5c 99 00 00 5b 
[12:05:42] 4c 82 86 5f 82 86 60 82 86 60 82 85 60 5c 9d 5c 96 00 00 5c 
[12:05:42] 4c 82 85 5f 82 85 5f 82 85 60 82 86 60 5c a7 5c ad 00 00 5d 
[12:05:42] 4c 82 86 60 82 86 60 82 86 60 82 86 60 5c bd 5c cc 00 00 5e 
[12:05:42] 4c 82 85 60 82 85 60 82 85 60 82 86 5f 5c d7 5c ae 00 00 5f 
[12:05:42] 4c 82 86 5f 82 86 5f 82 86 5f 82 86 5f 5c 88 5c 94 00 00 60 
[12:05:42] 4c 82 86 5f 82 85 5f 82 85 5f 82 86 5f 5c 77 5c 66 00 00 61 
[12:05:42] 4c 82 86 5f 82 85 60 82 86 60 82 85 60 5c 59 5c 2f 00 00 62 
[12:05:43] 4c 82 85 60 82 85 60 82 86 60 82 86 60 5c 29 5c 35 00 00 63 
[12:05:43] 4c 82 86 60 82 86 60 82 86 5f 82 85 5f 5c 28 5c 35 00 00 64 
[12:05:43] 4c 82 85 5f 82 85 5f 82 85 5f 82 85 5f 5c 3a 5c 43 00 00 65 
[12:05:43] 4c 82 85 5f 82 86 5f 82 85 5f 82 86 5f 5c 49 5c 5a 00 00 66 
[12:05:43] 4c 82 86 60 82 85 60 82 85 5f 82 86 5f 5c 9a 5c aa 00 00 67 
[12:05:43] 4c 82 86 5f 82 86 5f 82 86 5f 82 85 5f 5c ad 5c b1 00 00 68 
[12:05:43] 4c 82 85 5f 82 85 5f 82 85 5f 82 85 5f 5c a4 5c a5 00 00 69 
[12:05:43] 4c 82 85 5f 82 85 5f 82 85 5f 82 85 5f 5c a0 5c 78 00 00 6a 
[12:05:43] 4d 82 85 5f 82 86 5f 82 86 5f 82 85 5f 5c 59 5c 39 00 00 6b 
[12:05:43] 4d 82 85 5f 82 85 5f 82 85 5f 82 85 5f 5c 30 5c 27 00 00 6c 
[12:05:43] 4d 82 85 5f 82 85 5f 82 85 5f 82 85 5f 5c 27 5c 2b 00 00 6d 
[12:05:43] 4d 82 85 5f 82 85 5f 82 85 5f 82 85 5f 5c 27 5c 2e 00 00 6e 
[12:05:43] 4d 82 85 5f 82 85 5f 82 85 5f 82 85 5f 5c 35 5c 39 00 00 6f 
[12:05:44] 4d 82 85 5f 82 85 5f 82 85 5f 82 85 5f 5c 5f 5c 6f 00 00 70 
[12:05:44] 4d 82 85 5f 82 85 60 82 85 60 82 85 5f 5c a4 5c bf 00 00 71 
[12:05:44] 4d 82 85 5f 82 85 5f 82 85 5f 82 85 5f 5c b4 5c b7 00 00 72 
[12:05:44] 4d 82 85 5f 82 85 5f 82 85 5f 82 85 5f 5c b3 5c c1 00 00 73 
