[12:26:16]设备[ID107Plus HR]C5:F7:76:AF:E2:E0连接了.....
[12:26:28] 10 11 01 00 01 22 01 
[12:26:29] 00 6b 08 21 21 6b 1a 22 22 6a 9d 23 22 6b 2f 21 20 00 00 06 
[12:26:29] 00 6b 3a 21 21 6b 41 21 21 6b 5a 21 21 6b 59 22 22 00 00 07 
[12:26:29] 00 6b 65 22 22 6b 6c 22 22 6b 69 22 22 66 ba 22 22 00 00 08 
[12:26:29] 00 66 ea 22 22 67 09 22 22 67 1a 22 22 67 1b 22 22 00 00 09 
[12:26:29] 00 67 28 22 22 67 3e 22 22 67 5a 22 22 67 68 21 21 00 00 0a 
[12:26:29] 00 67 63 21 20 67 70 21 22 67 85 21 21 67 85 22 21 00 00 0b 
[12:26:29] 00 67 46 21 21 66 fd 21 20 66 dd 21 21 66 e0 21 21 00 00 0c 
[12:26:30] 00 66 dd 22 22 66 ce 22 23 66 e8 23 23 66 fd 23 23 00 00 0d 
[12:26:30] 00 67 0c 22 22 67 20 21 21 67 1e 22 22 67 32 22 22 00 00 0e 
[12:26:30] 00 67 46 22 23 67 42 23 23 67 46 22 22 67 47 22 22 00 00 0f 
[12:26:30] 00 67 52 22 21 67 78 22 22 67 93 21 20 67 59 20 20 00 00 10 
[12:26:30] 00 67 23 21 20 67 1c 20 20 67 20 20 20 67 3e 21 21 00 00 11 
[12:26:30] 00 67 59 21 21 67 81 22 22 67 b0 22 21 67 ee 21 21 00 00 12 
[12:26:30] 10 11 01 00 01 22 01 
[12:26:31] 00 67 eb 21 22 67 ea 20 20 67 f3 22 24 67 e6 24 24 00 00 13 
[12:26:31] 00 67 d1 22 22 67 dc 22 22 67 da 22 23 67 cc 23 22 00 00 14 
[12:26:31] 00 67 d6 22 22 67 d8 22 22 67 d5 22 21 67 d9 22 21 00 00 15 
[12:26:31] 00 67 93 21 23 67 46 23 22 67 0d 23 23 66 f1 23 23 00 00 16 
[12:26:31] 00 66 e0 23 23 66 da 23 22 66 e2 22 22 66 e8 22 22 00 00 17 
[12:26:31] 00 66 fb 21 21 67 02 21 21 66 f6 22 22 67 00 22 21 00 00 18 
[12:26:31] 00 67 09 21 22 67 03 22 23 67 0a 23 23 67 05 23 23 00 00 19 
[12:26:32] 10 11 01 00 01 22 01 
[12:26:32] 00 67 13 22 21 66 fb 21 22 66 f7 22 21 66 e7 21 21 00 00 1a 
[12:26:32] 00 66 d7 23 23 66 83 23 22 66 45 21 21 66 25 22 23 00 00 1b 
[12:26:32] 00 66 1b 23 22 66 13 22 22 66 20 22 22 66 2d 22 22 00 00 1c 
[12:26:32] 00 66 36 22 22 66 34 23 23 66 39 22 21 66 43 21 22 00 00 1d 
[12:26:32] 00 66 47 22 22 66 4b 22 22 66 48 22 22 66 45 22 22 00 00 1e 
[12:26:32] 00 66 3c 22 22 66 49 22 22 66 52 23 22 66 47 22 22 00 00 1f 
[12:26:33] 00 66 13 22 22 65 d5 22 22 65 be 21 22 65 b9 22 22 00 00 20 
[12:26:34] 00 65 ad 22 22 65 c9 22 22 65 d2 22 22 65 cd 22 22 00 00 21 
[12:26:34] 00 65 dc 22 22 65 e5 23 23 65 e4 22 22 65 f5 22 22 00 00 22 
[12:26:34] 00 66 00 22 22 66 0f 22 22 66 12 22 22 66 11 22 22 00 00 23 
[12:26:34] 00 66 22 22 22 66 20 22 22 66 18 22 22 65 f8 22 22 00 00 24 
[12:26:34] 00 65 6b 22 22 65 2f 22 22 65 0e 22 22 64 eb 22 22 00 00 25 
[12:26:34] 00 64 ea 22 22 64 dc 22 22 64 d0 22 22 64 de 22 22 00 00 26 
[12:26:34] 00 64 cf 22 22 64 df 22 22 64 e0 22 22 64 ef 22 22 00 00 27 
[12:26:34] 00 64 f9 22 22 65 10 22 22 65 0e 22 22 65 1e 22 22 00 00 28 
[12:26:34] 10 11 01 00 01 22 01 
[12:26:35] 00 65 31 22 22 65 3c 23 22 65 45 22 22 65 55 22 22 00 00 29 
[12:26:35] 00 65 24 22 22 64 c8 22 23 64 84 22 21 64 6c 21 21 00 00 2a 
[12:26:35] 00 64 49 21 22 64 3f 22 22 64 3e 22 22 64 42 22 22 00 00 2b 
[12:26:35] 00 64 3f 22 22 64 3d 21 21 64 3c 21 22 64 4e 22 22 00 00 2c 
[12:26:35] 00 64 58 22 22 64 6d 22 22 64 76 22 22 64 82 21 21 00 00 2d 
[12:26:35] 00 64 8c 22 22 64 96 23 22 64 b8 21 22 64 c8 22 22 00 00 2e 
[12:26:35] 00 64 ca 23 22 64 63 22 21 64 21 21 21 63 f6 21 21 00 00 2f 
[12:26:36] 00 63 e2 22 22 63 ce 22 22 63 bd 22 22 63 c2 22 22 00 00 30 
[12:26:36] 00 63 c2 22 22 63 bb 22 22 63 c4 22 22 63 c2 22 22 00 00 31 
[12:26:36] 00 63 c2 22 22 63 d8 22 22 63 e2 22 22 63 e7 22 22 00 00 32 
[12:26:36] 00 63 f0 22 22 63 f8 22 22 63 f6 22 22 64 0c 22 22 00 00 33 
[12:26:36] 00 64 17 22 22 64 2b 22 22 63 d5 22 22 63 8f 22 22 00 00 34 
[12:26:36] 00 63 62 22 22 63 48 22 22 63 35 22 22 63 1a 22 22 00 00 35 
[12:26:36] 00 63 21 21 21 63 16 21 21 63 16 22 22 63 13 22 22 00 00 36 
[12:26:36] 00 63 16 22 22 63 14 22 22 63 21 22 22 63 20 21 21 00 00 37 
[12:26:36] 10 11 01 00 01 22 01 
[12:26:37] 46 63 25 21 22 63 3f 22 22 63 3f 22 22 63 4d 22 22 00 00 38 
[12:26:37] 46 63 5c 22 22 63 59 22 22 63 60 21 21 63 4b 22 22 00 00 39 
[12:26:37] 46 62 e5 22 22 62 c4 22 22 62 a6 21 21 62 8b 21 22 00 00 3a 
[12:26:37] 46 62 78 22 22 62 78 22 22 62 76 22 21 62 73 21 21 00 00 3b 
[12:26:37] 46 62 73 22 22 62 7b 21 22 62 6f 22 21 62 7a 21 22 00 00 3c 
[12:26:37] 46 62 91 22 21 62 9e 21 22 62 a6 22 22 62 b2 22 22 00 00 3d 
[12:26:37] 46 62 b6 22 22 62 b5 21 21 62 cf 22 22 62 c6 22 22 00 00 3e 
[12:26:37] 46 62 ce 22 21 62 87 22 22 62 4a 22 22 62 22 22 22 00 00 3f 
[12:26:38] 47 62 13 21 21 61 fe 21 22 61 e9 22 22 61 e9 22 22 00 00 40 
[12:26:38] 47 61 ec 22 22 61 ee 22 21 61 f2 21 22 61 f7 22 22 00 00 41 
[12:26:38] 47 61 f3 22 21 62 07 22 22 62 10 22 22 62 2b 22 22 00 00 42 
[12:26:38] 47 62 37 22 21 62 41 22 22 62 4e 22 22 62 61 22 22 00 00 43 
[12:26:38] 47 62 64 21 21 62 1e 21 22 61 de 22 22 61 b6 22 22 00 00 44 
[12:26:38] 47 61 a9 22 22 61 91 22 21 61 91 21 22 61 94 21 21 00 00 45 
[12:26:38] 47 61 96 22 22 61 97 22 22 61 98 22 22 61 a1 22 22 00 00 46 
[12:26:39] 47 61 b4 22 21 61 b7 21 22 61 bf 22 22 61 d7 22 22 00 00 47 
[12:26:40] 47 61 df 22 22 61 e4 22 23 61 f6 21 22 62 08 22 22 00 00 48 
[12:26:40] 47 62 11 22 22 62 18 22 22 61 c2 22 22 61 7c 22 22 00 00 49 
[12:26:40] 47 61 56 22 21 61 3d 21 21 61 22 22 22 61 1e 21 21 00 00 4a 
[12:26:40] 47 61 15 22 22 61 10 22 21 61 15 21 22 61 15 21 21 00 00 4b 
[12:26:40] 47 61 0d 22 22 61 14 22 22 61 29 22 22 61 32 22 22 00 00 4c 
[12:26:40] 47 61 42 22 22 61 55 22 22 61 5a 22 21 61 68 22 22 00 00 4d 
[12:26:40] 47 61 75 22 22 61 87 22 22 61 89 22 22 61 9f 22 21 00 00 4e 
[12:26:41] 46 61 4e 21 21 60 fe 21 21 60 ec 21 22 60 cd 22 22 00 00 4f 
[12:26:41] 46 60 b1 22 22 60 a5 22 21 60 ac 21 21 60 b1 21 21 00 00 50 
[12:26:41] 46 60 af 21 21 60 ad 22 22 60 b6 22 22 60 bd 22 22 00 00 51 
[12:26:41] 46 60 ca 22 21 60 dd 21 22 60 e4 22 21 60 fc 22 22 00 00 52 
[12:26:41] 46 61 0a 22 22 61 17 22 22 61 39 22 22 61 48 21 22 00 00 53 
[12:26:41] 46 61 66 23 23 61 75 23 23 61 7c 22 23 61 26 23 22 00 00 54 
[12:26:41] 46 61 18 22 23 61 16 23 22 61 08 22 22 60 fc 22 22 00 00 55 
[12:26:42] 46 60 f3 22 23 60 f0 22 22 60 f3 22 23 60 e2 23 22 00 00 56 
[12:26:42] 46 60 e8 23 23 60 f0 23 22 61 08 22 22 61 1a 22 22 00 00 57 
[12:26:42] 46 61 2d 22 22 61 2c 22 22 61 44 22 22 61 4e 22 21 00 00 58 
[12:26:42] 46 61 5f 20 21 61 7a 22 22 61 95 22 22 61 b3 22 22 00 00 59 
[12:26:42] 46 61 6f 22 22 61 40 22 22 61 35 22 22 61 08 21 22 00 00 5a 
[12:26:42] 46 61 09 23 23 61 17 23 23 61 11 23 23 61 0b 23 22 00 00 5b 
[12:26:42] 46 61 14 23 23 61 1c 23 23 61 30 23 23 61 3a 23 23 00 00 5c 
[12:26:42] 46 61 4c 23 23 61 5b 22 23 61 6b 23 22 61 7f 22 23 00 00 5d 
[12:26:43] 46 61 7d 22 22 61 8e 22 22 61 9b 22 23 61 a8 22 22 00 00 5e 
[12:26:43] 46 61 bb 23 23 61 84 23 22 61 24 22 23 61 11 23 22 00 00 5f 
[12:26:43] 46 60 fd 22 22 60 ef 22 22 60 ed 22 21 60 e9 21 21 00 00 60 
[12:26:43] 46 60 e3 21 21 60 e1 21 22 60 eb 22 22 60 f5 22 22 00 00 61 
[12:26:43] 46 60 f6 22 22 61 0f 22 22 61 21 23 25 61 30 26 26 00 00 62 
[12:26:43] 46 61 47 26 26 61 82 26 26 61 b8 26 26 62 29 25 22 00 00 63 
[12:26:43] 46 62 95 21 25 62 cd 29 2b 63 0c 2c 2c 62 e8 2c 2d 00 00 64 
[12:26:44] 46 62 c9 2d 2c 62 cd 2a 2a 62 db 24 26 62 e2 27 26 00 00 65 
[12:26:44] 46 62 e4 25 25 62 fe 24 22 63 1d 20 20 63 52 20 20 00 00 66 
[12:26:44] 46 63 46 20 20 63 5f 1d 1b 63 60 20 31 63 7f 49 60 00 00 67 
[12:26:44] 46 63 92 6d 6c 63 69 5e 4f 62 dc 43 36 62 87 2a 21 00 00 68 
[12:26:44] 46 62 42 1a 17 62 4a 16 15 62 49 14 18 62 42 1d 29 00 00 69 
[12:26:44] 46 62 18 35 3e 61 ee 45 48 61 f8 48 45 62 3b 3f 39 00 00 6a 
[12:26:44] 46 62 5a 36 33 62 85 2d 26 62 bc 20 1d 62 df 1c 21 00 00 6b 
[12:26:45] 46 62 d1 31 48 62 af 5d 66 62 49 61 57 61 f8 4b 3c 00 00 6c 
[12:26:45] 45 61 c8 1f 1c 61 b1 19 19 61 b5 1b 22 61 df 2c 36 00 00 6d 
[12:26:46] 45 62 2d 3d 42 62 9a 46 46 62 e5 41 3a 62 f9 33 30 00 00 6e 
[12:26:46] 45 62 d9 2f 2e 62 f9 2c 2b 63 11 29 2a 63 29 31 3e 00 00 6f 
[12:26:46] 45 62 f9 4d 58 62 bb 5e 5c 62 38 53 47 61 97 38 2b 00 00 70 
[12:26:46] 45 61 34 20 1b 61 04 17 15 61 02 15 1a 61 10 27 34 00 00 71 
[12:26:46] 45 61 73 40 4a 61 ee 4f 4f 62 3b 4a 42 62 68 38 33 00 00 72 
[12:26:46] 45 62 60 2f 2b 62 73 28 25 62 83 23 23 62 93 28 35 00 00 73 
[12:26:47] 48 62 36 48 5c 61 94 67 65 60 d4 23 1b 60 12 18 18 00 00 74 
[12:26:47] 48 5f bc 1d 23 5f a5 2a 32 5f 94 3b 44 5f c4 4a 4d 00 00 75 
[12:26:47] 48 60 57 4e 4b 60 c1 45 3b 60 d7 31 29 60 de 23 1e 00 00 76 
[12:26:47] 48 60 eb 19 16 60 fe 18 28 61 23 48 67 61 0d 6e 63 00 00 77 
[12:26:47] 48 60 56 54 44 5f 63 35 26 5e 61 1b 13 5d c7 10 0d 00 00 78 
[12:26:47] 48 5d 8b 0e 16 5d 93 23 2d 5d d6 34 38 5e 5d 3c 3e 00 00 79 
[12:26:47] 48 5e 8e 3d 3a 5e c9 36 32 5e d9 2d 29 5e e5 26 24 00 00 7a 
[12:26:47] 48 5e ec 26 2d 5e ef 3b 4f 5f 2f 60 67 5f 2a 60 53 00 00 7b 
[12:26:48] 4a 5e 7a 1e 16 5e 45 13 12 5e 2f 15 19 5e 3d 1c 22 00 00 7c 
[12:26:48] 4a 5e 3f 29 32 5e 6a 3a 42 5e b9 49 4c 5f 08 4a 42 00 00 7d 
[12:26:48] 4a 5f 69 38 30 5f c9 29 22 60 05 1e 1c 60 1f 1d 24 00 00 7e 
[12:26:48] 4a 60 41 32 42 60 6a 53 58 60 9d 50 44 61 0c 38 2a 00 00 7f 
[12:26:48] 4a 61 25 1e 16 61 26 11 11 61 58 13 17 61 91 1d 27 00 00 80 
[12:26:48] 4a 61 ce 30 34 62 1c 39 41 62 60 46 43 62 90 3c 34 00 00 81 
[12:26:48] 4a 62 b0 2e 2b 62 a5 27 24 62 a5 20 1e 62 bf 1f 26 00 00 82 
[12:26:49] 4b 62 d8 33 46 62 fa 55 5a 63 1a 48 3b 63 37 2e 25 00 00 83 
[12:26:49] 4b 63 2a 1c 16 63 42 15 17 63 62 16 1c 63 8b 25 2e 00 00 84 
[12:26:49] 4b 63 c9 34 3d 63 f1 42 45 64 02 45 40 64 19 3a 34 00 00 85 
[12:26:49] 4b 64 18 2f 28 64 1f 21 1c 64 27 1b 21 64 42 2c 3c 00 00 86 
[12:26:49] 4b 64 87 4b 52 64 b0 4d 47 64 1b 3e 32 64 1d 28 20 00 00 87 
[12:26:49] 4b 64 38 1c 1a 64 88 1c 20 64 ab 28 2f 64 cd 35 40 00 00 88 
[12:26:49] 4b 65 03 4d 55 65 0b 55 51 65 08 4b 44 65 07 3c 36 00 00 89 
[12:26:49] 4b 65 1e 30 2b 65 38 25 21 65 44 1f 22 65 54 2d 42 00 00 8a 
[12:26:50] 4e 65 4b 5a 6d 64 53 2c 24 64 23 20 1c 64 92 17 15 00 00 8b 
[12:26:50] 4e 64 f8 17 1a 65 27 26 33 65 61 3a 46 65 81 4b 48 00 00 8c 
[12:26:50] 4e 65 be 44 3e 65 ce 38 31 65 c8 2b 26 65 d2 20 1c 00 00 8d 
[12:26:50] 4e 65 ea 1a 1a 65 fa 1e 29 65 e9 35 41 65 e6 4c 54 00 00 8e 
[12:26:50] 4e 65 52 50 46 64 ff 39 2d 64 e7 25 1d 65 0c 17 14 00 00 8f 
[12:26:50] 4e 65 85 15 1a 65 e4 24 30 66 10 3d 48 66 28 4d 4d 00 00 90 
[12:26:50] 4e 66 38 49 43 66 29 3a 31 66 19 26 1e 66 26 18 15 00 00 91 
[12:26:51] 4d 66 2b 17 1e 66 1b 2f 43 65 a1 52 55 65 2f 2a 21 00 00 92 
[12:26:52] 4d 64 e8 1c 18 64 f5 16 16 65 41 1b 24 65 94 30 3e 00 00 93 
[12:26:52] 4d 65 da 48 4a 65 f9 47 45 65 f4 42 3c 65 e0 34 2d 00 00 94 
[12:26:52] 4d 65 f9 27 24 66 0e 20 1f 66 13 20 2a 65 d6 39 4a 00 00 95 
[12:26:52] 4d 65 2a 52 52 64 90 4c 43 64 57 36 2a 64 4f 21 1a 00 00 96 
[12:26:52] 4d 64 af 14 12 64 f8 13 18 65 3a 23 33 65 73 41 46 00 00 97 
[12:26:52] 4d 65 90 46 45 65 8f 44 42 65 9e 3c 34 65 a6 2c 26 00 00 98 
[12:26:52] 4d 65 bc 21 1d 65 ba 1e 24 65 a8 31 44 64 c0 56 5f 00 00 99 
[12:26:53] 51 63 d7 5b 50 63 5f 15 11 63 85 11 12 63 f4 15 1d 00 00 9a 
[12:26:53] 51 64 43 29 32 64 70 39 40 64 ab 45 48 64 b1 44 3d 00 00 9b 
[12:26:53] 51 64 cb 35 2e 64 f2 29 22 65 01 1e 1b 65 0c 20 2e 00 00 9c 
[12:26:53] 51 64 ec 3e 4b 64 bb 52 50 64 07 4a 40 63 6a 34 27 00 00 9d 
[12:26:53] 51 63 25 1e 17 63 41 12 0f 63 b2 16 25 64 24 35 41 00 00 9e 
[12:26:53] 51 64 5e 49 4b 64 5a 49 43 64 6f 3a 31 64 83 2a 23 00 00 9f 
[12:26:53] 51 64 7e 1e 1a 64 89 19 1d 64 78 27 37 64 52 49 54 00 00 a0 
[12:26:54] 53 63 6d 53 4d 62 e3 43 34 62 ba 26 1b 62 e6 10 1e 00 00 a1 
[12:26:54] 53 63 23 2f 3c 63 83 43 4a 63 d8 4e 50 63 e3 4d 43 00 00 a2 
[12:26:54] 53 63 db 36 29 63 e9 22 20 63 f2 2b 38 64 0e 48 4f 00 00 a3 
[12:26:54] 53 64 05 4b 42 63 74 37 2c 63 34 23 20 63 79 28 36 00 00 a4 
[12:26:54] 53 63 d0 3e 3f 63 fb 41 40 64 07 3e 3b 63 fa 37 31 00 00 a5 
[12:26:54] 53 64 1b 2a 26 64 26 2a 37 64 20 47 54 63 b7 56 4c 00 00 a6 
[12:26:54] 53 63 0e 40 32 63 09 26 1f 63 82 19 17 63 bc 17 1c 00 00 a7 
[12:26:54] 53 63 e7 26 2f 64 03 34 3a 63 f2 44 48 63 f9 44 3d 00 00 a8 
[12:26:55] 52 63 f2 36 35 63 7b 4f 42 62 b7 35 28 62 2d 1f 19 00 00 a9 
[12:26:55] 52 61 fa 15 1b 62 53 24 2d 62 c5 36 3f 62 ec 45 48 00 00 aa 
[12:26:55] 52 62 d1 49 46 62 b7 3e 33 62 b1 2b 2a 62 cb 32 3c 00 00 ab 
[12:26:55] 52 62 51 45 49 61 9c 42 3a 61 06 30 25 60 c2 1d 19 00 00 ac 
[12:26:55] 52 60 c6 17 19 61 1e 1e 23 61 84 2a 32 61 b3 3f 4a 00 00 ad 
[12:26:55] 52 61 af 4e 4b 61 a4 43 38 61 a4 2d 26 61 b8 29 36 00 00 ae 
[12:26:55] 52 61 a0 46 51 60 d2 50 47 60 04 3b 30 5f 55 24 1b 00 00 af 
[12:26:56] 50 5f 1a 18 16 5f 36 15 14 5f 65 19 20 5f 9c 45 4a 00 00 b0 
[12:26:56] 50 5f d9 49 42 5f f1 39 2f 60 0a 2a 2f 60 25 38 43 00 00 b1 
[12:26:56] 50 60 24 4b 49 5f be 41 38 5f 61 30 28 5f bc 22 1d 00 00 b2 
[12:26:56] 50 60 2c 1c 1d 60 8f 22 2a 60 da 32 38 61 10 3d 3d 00 00 b3 
[12:26:56] 50 61 3b 38 33 61 6b 2c 26 61 ab 21 1e 61 e0 1c 24 00 00 b4 
[12:26:56] 50 61 fc 31 3e 62 2a 46 47 62 47 44 40 62 4b 37 2f 00 00 b5 
[12:26:56] 50 62 7d 27 1f 62 9f 1a 1d 62 c0 1e 1e 62 e1 23 2b 00 00 b6 
[12:26:57] 50 62 f6 34 3a 62 ef 3d 3c 62 f7 35 2c 63 0c 25 20 00 00 b7 
[12:26:57] 51 63 1f 20 27 63 2b 47 45 63 41 3e 36 62 aa 2d 25 00 00 b8 
[12:26:58] 51 62 c1 21 21 63 15 24 27 63 3e 28 2a 63 6b 35 44 00 00 b9 
[12:26:58] 51 63 92 4a 48 63 7c 3f 35 63 91 2d 26 63 a3 23 28 00 00 ba 
[12:26:58] 51 63 a9 35 47 63 be 55 55 63 00 4d 41 62 97 34 2b 00 00 bb 
[12:26:58] 51 62 b7 23 1b 63 28 18 1b 63 65 23 2c 63 8b 36 3e 00 00 bc 
[12:26:58] 51 63 a8 42 43 63 ad 3f 38 63 af 2e 28 63 ac 26 2c 00 00 bd 
[12:26:58] 51 63 3a 39 48 62 7b 50 4e 62 31 47 3c 62 27 30 26 00 00 be 
[12:26:59] 52 62 86 20 1c 62 ef 1b 1b 63 0f 1e 21 63 33 40 42 00 00 bf 
[12:26:59] 52 63 58 3c 32 63 55 29 23 63 55 24 2e 63 4e 3c 4d 00 00 c0 
[12:26:59] 52 63 4d 55 50 62 55 47 3a 61 ae 30 27 61 70 21 1f 00 00 c1 
[12:26:59] 52 61 b1 22 2a 62 1f 32 37 62 47 37 34 62 1e 32 30 00 00 c2 
[12:26:59] 52 62 3a 2f 2d 62 5f 2b 29 62 68 25 23 62 68 20 20 00 00 c3 
