68	0
68	0
68	0
68	0
68	0
68	0
68	0
68	0
68	0
68	0
68	0
68	0
68	0
68	0
68	0
68	0
68	0
68	0
68	0
68	0
68	0
68	0
68	0
68	0
68	0
68	0
69	0
69	0
69	0
69	0
69	0
69	0
69	0
69	0
69	0
69	0
69	0
69	0
69	0
69	0
69	0
69	0
69	0
69	0
69	0
69	0
69	0
69	0
69	0
69	61
69	61
69	61
69	61
69	61
69	61
69	61
70	69
70	69
70	69
70	69
70	69
70	69
70	69
70	69
70	70
70	70
70	70
70	70
70	70
70	70
70	70
70	68
70	68
70	68
70	68
70	68
70	68
70	68
70	68
70	71
70	71
70	71
70	71
70	71
70	71
70	71
73	74
73	74
73	74
78	74
78	74
78	74
78	74
78	74
78	77
78	77
78	77
78	77
78	77
78	77
78	77
82	80
82	80
82	80
82	80
82	80
82	80
82	80
82	80
83	76
83	76
83	76
83	76
83	76
83	76
83	76
83	79
83	79
83	79
83	79
83	79
83	79
83	79
83	79
84	82
84	82
84	82
84	82
84	82
84	82
84	82
85	86
85	86
85	86
85	86
85	86
85	86
85	86
85	86
85	86
85	86
85	86
85	86
85	86
85	86
85	86
85	86
85	85
85	85
85	85
85	85
85	85
85	85
85	85
86	85
86	85
86	85
86	85
86	85
86	85
86	85
86	85
86	86
86	86
86	86
86	86
86	86
86	86
86	86
86	89
86	89
86	89
86	89
86	89
86	89
86	89
86	89
85	86
85	86
85	86
85	86
85	86
85	86
85	86
86	85
86	85
86	85
86	85
86	85
86	85
86	85
86	85
86	83
86	83
86	83
86	83
86	83
86	83
86	83
86	87
86	87
86	87
86	87
86	87
86	87
86	87
86	87
86	88
86	88
86	88
86	88
87	88
87	88
87	88
88	90
88	90
88	90
88	90
88	90
88	90
88	90
88	90
88	88
88	88
88	88
88	88
88	88
88	88
88	88
90	90
90	90
90	90
90	90
90	90
90	90
90	90
90	90
90	92
90	92
90	92
90	92
91	92
91	92
91	92
91	92
91	93
91	93
91	93
91	93
91	93
91	93
91	93
92	91
92	91
92	91
92	91
92	91
92	91
92	91
92	91
92	90
92	90
92	90
92	90
92	90
92	90
92	90
92	90
92	90
92	90
92	90
92	90
92	90
92	90
92	90
90	88
90	88
90	88
90	88
90	88
90	88
90	88
89	87
89	87
89	87
89	87
89	87
89	87
89	87
89	87
88	85
88	85
88	85
88	85
88	85
88	85
88	85
88	84
88	84
88	84
88	84
88	84
88	84
88	84
88	84
87	83
87	83
87	83
87	83
87	83
87	83
87	83
86	83
86	83
86	83
86	83
85	83
85	83
85	83
85	83
85	83
85	83
85	83
85	83
85	83
85	83
85	83
85	83
85	83
85	83
85	83
85	83
85	83
85	83
85	83
85	84
85	84
85	84
85	84
85	84
85	84
85	84
85	84
84	84
84	84
84	84
84	84
84	84
84	84
84	84
84	84
84	84
84	84
84	84
84	84
84	84
84	84
84	84
84	84
84	84
84	84
84	84
84	84
84	84
84	84
85	84
85	84
85	84
85	84
85	84
85	84
85	84
85	84
85	83
85	83
85	83
85	83
85	83
85	83
85	83
86	83
86	83
86	83
86	83
86	83
86	83
86	83
86	83
86	83
86	83
86	83
86	83
86	83
85	83
85	83
85	84
85	84
85	84
85	84
85	84
85	84
85	84
85	84
85	84
85	84
85	84
85	84
85	84
85	84
85	84
85	86
85	86
85	86
85	86
85	86
85	86
85	86
85	86
85	87
85	87
85	87
85	87
85	87
85	87
85	87
86	88
86	88
86	88
86	88
86	88
86	88
86	88
86	88
86	89
86	89
86	89
86	89
86	89
86	89
86	89
86	89
86	90
86	90
86	90
86	90
86	90
86	90
86	90
86	91
86	91
86	91
86	91
86	91
86	91
86	91
86	91
85	90
85	90
85	90
85	90
85	90
85	90
85	90
88	90
88	90
88	90
88	90
90	90
90	90
90	90
90	90
90	89
90	89
90	89
90	89
90	89
90	89
90	89
89	89
89	89
89	89
89	89
89	89
89	89
89	89
89	89
88	88
88	88
88	88
88	88
88	88
88	88
88	88
88	87
88	87
88	87
88	87
88	87
88	87
88	87
88	87
88	87
88	87
88	87
88	87
88	87
88	87
88	87
88	87
88	87
88	87
88	87
88	87
88	87
88	87
88	87
88	87
88	87
88	87
88	87
88	87
88	87
88	87
88	87
88	87
88	87
88	87
88	87
88	87
88	87
88	87
87	87
87	87
87	87
87	87
87	87
87	87
87	87
87	87
87	86
87	86
87	86
87	86
87	86
87	86
87	86
87	86
87	86
87	86
87	86
87	86
87	86
87	86
87	86
87	86
87	86
87	86
87	86
87	86
87	86
87	86
86	85
86	85
86	85
86	85
86	85
86	85
86	85
86	85
86	85
86	85
86	85
86	85
86	85
86	85
86	85
86	85
86	85
86	85
86	85
86	85
86	85
86	85
86	85
85	86
85	86
85	86
85	86
85	86
85	86
85	86
86	86
86	86
86	86
86	86
86	86
86	86
86	86
86	86
86	87
86	87
86	87
86	87
86	87
86	87
86	87
88	89
88	89
88	89
88	89
88	89
88	89
88	89
88	89
88	88
88	88
88	88
88	88
88	88
88	88
88	88
88	87
88	87
88	87
88	87
88	87
88	87
88	87
88	87
88	87
88	87
88	87
88	87
88	87
88	87
88	87
88	87
88	86
88	86
88	86
88	86
88	86
88	86
88	86
87	85
87	85
87	85
87	85
87	85
87	85
87	85
87	85
87	85
87	85
87	85
87	85
87	85
87	85
87	85
86	84
86	84
86	84
86	84
86	84
86	84
86	84
86	84
86	84
86	84
86	84
86	84
86	84
86	84
86	84
86	84
86	84
86	84
86	84
86	84
86	84
86	84
86	84
85	85
85	85
85	85
85	85
85	85
85	85
85	85
85	86
85	86
85	86
85	86
85	86
87	86
87	86
87	86
87	87
87	87
87	87
87	87
87	87
87	87
87	87
90	87
90	87
90	87
90	87
90	87
90	87
90	87
90	87
90	87
90	87
90	87
90	87
90	87
90	87
90	87
90	87
90	87
90	87
90	87
90	87
90	87
90	87
90	87
89	87
89	87
89	87
89	87
89	87
89	87
89	87
89	87
88	87
88	87
88	87
88	87
88	87
88	87
88	87
88	90
88	90
88	90
88	90
88	90
88	90
88	90
88	90
88	88
88	88
88	88
88	88
88	88
88	88
88	88
87	86
87	86
87	86
87	86
87	86
87	86
87	86
87	86
86	85
86	85
86	85
86	85
86	85
86	85
86	85
86	85
86	85
86	85
86	85
86	85
86	85
86	85
86	85
87	85
87	85
87	85
87	85
87	85
87	85
87	85
87	85
87	85
87	85
87	85
87	85
87	85
87	85
87	85
86	86
86	86
86	86
86	86
86	86
86	86
86	86
86	87
86	87
86	87
86	87
86	87
86	87
86	87
86	87
87	87
87	87
87	87
87	87
87	87
87	87
87	87
88	88
88	88
88	88
88	88
88	88
88	88
88	88
88	88
88	88
88	88
88	88
88	88
88	88
88	88
88	88
88	88
89	88
89	88
89	88
89	88
89	88
89	88
89	88
89	89
89	89
89	89
89	89
89	89
89	89
89	89
89	89
89	87
89	87
89	87
89	87
89	87
89	87
89	87
89	87
89	87
89	87
89	87
89	87
89	87
89	87
89	87
89	86
89	86
89	86
89	86
89	86
89	86
89	86
89	85
89	85
89	85
89	85
89	85
89	85
89	85
89	85
88	86
88	86
88	86
88	86
88	86
88	86
88	86
88	87
88	87
88	87
88	87
88	87
88	87
88	87
88	87
88	87
88	87
88	87
88	87
88	87
88	87
88	87
88	88
88	88
88	88
88	88
88	88
88	88
88	88
88	88
88	88
88	88
88	88
88	88
88	88
88	88
88	88
88	88
88	88
88	88
88	88
88	88
88	88
88	88
88	88
88	89
88	89
88	89
88	89
88	89
88	89
88	89
88	89
89	88
89	88
89	88
89	88
89	88
89	88
89	88
90	89
90	89
90	89
90	89
90	89
90	89
90	89
90	89
90	88
90	88
90	88
90	88
90	88
90	88
90	88
90	88
90	88
90	88
90	88
90	88
90	88
90	88
90	88
89	87
89	87
89	87
89	87
89	87
89	87
89	87
89	86
89	86
89	86
89	86
89	86
89	86
89	86
89	86
89	86
89	86
89	86
89	86
89	86
89	86
89	86
89	86
89	86
89	86
89	86
89	86
89	86
89	86
89	86
88	87
88	87
88	87
88	87
88	87
88	87
88	87
88	87
88	87
88	87
88	87
88	87
88	87
88	87
88	87
87	89
87	89
87	89
87	89
87	89
87	89
87	89
87	88
87	88
87	88
87	88
87	88
87	88
87	88
87	88
88	88
88	88
88	88
88	88
88	88
88	88
88	88
88	88
89	90
89	90
89	90
89	90
89	90
89	90
89	90
89	88
89	88
89	88
89	88
89	88
89	88
89	88
89	88
89	90
89	90
89	90
89	90
89	90
89	90
89	90
89	90
89	90
89	90
89	90
89	90
89	90
89	90
89	90
90	91
90	91
90	91
90	91
90	91
90	91
90	91
91	92
91	92
91	92
91	92
91	92
91	92
91	92
91	92
91	94
91	94
91	94
91	94
91	94
91	94
91	94
93	97
93	97
93	97
93	97
93	97
93	97
93	97
93	97
94	98
94	98
94	98
94	98
94	98
94	98
94	98
95	97
95	97
95	97
95	97
95	97
95	97
95	97
95	97
96	96
96	96
96	96
96	96
96	96
96	96
96	96
96	96
96	96
96	96
96	96
96	96
96	96
96	96
96	96
96	95
96	95
96	95
96	95
96	95
96	95
96	95
96	95
96	93
96	93
96	93
96	93
96	93
96	93
96	93
96	92
96	92
96	92
96	92
96	92
96	92
96	92
96	92
96	91
96	91
96	91
96	91
96	91
96	91
96	91
96	92
96	92
96	92
96	92
96	92
96	92
96	92
96	92
94	90
94	90
94	90
94	90
94	90
94	90
94	90
94	89
94	89
94	89
94	89
94	89
94	89
94	89
94	89
92	89
92	89
92	89
92	89
92	89
92	89
92	89
92	87
92	87
92	87
92	87
92	87
92	87
92	87
92	87
92	88
92	88
92	88
92	88
92	88
92	88
92	88
91	87
91	87
91	87
91	87
91	87
91	87
91	87
91	87
91	87
91	87
91	87
91	87
91	87
91	87
91	87
89	87
89	87
89	87
89	87
89	87
89	87
89	87
89	87
89	88
89	88
89	88
89	88
89	88
89	88
89	88
89	88
89	88
89	88
89	88
89	88
89	88
89	88
89	88
90	88
90	88
90	88
90	88
90	88
90	88
90	88
90	88
91	89
91	89
91	89
91	89
91	89
91	89
91	89
90	89
90	89
90	89
90	89
90	89
90	89
90	89
90	89
90	89
90	89
90	89
90	89
90	89
90	89
90	89
90	88
90	88
90	88
90	88
90	88
90	88
90	88
90	88
90	87
90	87
90	87
90	87
90	87
90	87
90	87
90	86
90	86
90	86
90	86
90	86
90	86
90	86
90	86
90	85
90	85
90	85
90	85
90	85
90	85
90	85
89	86
89	86
89	86
89	86
89	86
89	86
89	86
89	86
89	86
89	86
89	86
89	86
89	86
89	86
89	86
89	87
89	87
89	87
89	87
89	87
89	87
89	87
89	87
89	87
89	87
89	87
89	87
89	87
89	87
89	87
88	89
88	89
88	89
88	89
88	89
88	89
88	89
88	89
88	89
88	89
88	89
88	89
88	89
88	89
88	89
88	89
88	90
88	90
88	90
88	90
88	90
88	90
88	90
89	90
89	90
89	90
89	90
89	90
89	90
89	90
89	90
89	91
89	91
89	91
89	91
89	91
89	91
89	91
93	90
93	90
93	90
93	90
93	90
93	90
93	90
93	90
92	89
92	89
92	89
92	89
91	89
91	89
91	89
91	88
91	88
91	88
91	88
91	88
91	88
91	88
91	88
88	87
88	87
88	87
88	87
88	87
88	87
88	87
87	87
87	87
87	87
87	87
87	87
87	87
87	87
87	87
87	87
87	87
87	87
87	87
87	87
87	87
87	87
88	89
88	89
88	89
88	89
88	89
88	89
88	89
88	89
88	88
88	88
88	88
88	88
88	88
88	88
88	88
89	89
89	89
89	89
89	89
89	89
89	89
89	89
89	89
89	88
89	88
89	88
89	88
89	88
89	88
89	88
89	88
90	87
90	87
90	87
90	87
90	87
90	87
90	87
90	87
90	87
90	87
90	87
90	87
90	87
90	87
90	87
90	85
90	85
90	85
90	85
90	85
90	85
90	85
90	88
90	88
90	88
90	88
90	88
90	88
90	88
90	88
91	86
91	86
91	86
91	86
91	86
91	86
91	86
91	84
91	84
91	84
91	84
91	84
91	84
91	84
91	84
91	84
91	84
91	84
91	84
91	84
91	84
91	84
91	84
91	84
91	84
91	84
91	84
91	84
91	84
91	84
91	85
91	85
91	85
91	85
91	85
91	85
91	85
91	83
91	83
91	83
91	83
91	83
91	83
91	83
91	83
91	82
91	82
91	82
91	82
91	82
91	82
91	82
87	81
87	81
87	81
87	81
84	81
84	81
84	81
84	81
84	80
84	80
84	80
84	80
84	80
84	80
84	80
83	80
83	80
83	80
83	80
83	80
83	80
83	80
83	80
83	76
83	76
83	76
83	76
83	76
83	76
83	76
83	76
83	80
83	80
83	80
83	80
83	80
83	80
83	80
84	81
84	81
84	81
84	81
84	81
84	81
84	81
84	81
84	83
84	83
84	83
84	83
84	83
84	83
84	83
85	86
85	86
85	86
85	86
85	86
85	86
85	86
85	86
85	89
85	89
85	89
85	89
85	89
85	89
85	89
97	87
97	87
97	87
97	87
97	87
97	87
97	87
97	87
98	90
98	90
98	90
98	90
98	90
98	90
98	90
98	88
98	88
98	88
98	88
98	88
98	88
98	88
98	88
99	91
99	91
99	91
99	91
99	91
99	91
99	91
99	94
99	94
99	94
99	94
99	94
99	94
99	94
99	94
99	91
99	91
99	91
99	91
99	91
99	91
99	91
101	89
101	89
101	89
101	89
101	89
101	89
101	89
101	89
101	92
101	92
101	92
101	92
101	92
101	92
101	92
101	92
102	97
102	97
102	97
102	97
102	97
102	97
102	97
102	95
102	95
102	95
102	95
102	95
102	95
102	95
102	95
107	97
107	97
107	97
107	97
107	97
107	97
107	97
107	100
107	100
107	100
107	100
107	100
107	100
107	100
107	100
107	103
107	103
107	103
107	103
107	103
107	103
107	103
107	107
107	107
107	107
107	107
107	107
107	107
107	107
107	107
108	110
108	110
108	110
108	110
108	110
108	110
108	110
111	113
111	113
111	113
111	113
111	113
111	113
111	113
111	113
117	116
117	116
117	116
117	116
117	116
117	116
117	116
118	119
118	119
118	119
118	119
118	119
118	119
118	119
118	119
118	119
118	119
118	119
118	119
118	119
118	119
118	119
118	121
118	121
118	121
118	121
118	121
118	121
118	121
118	121
119	122
119	122
119	122
119	122
119	122
119	122
119	122
119	122
119	122
119	122
119	122
119	122
119	122
119	122
119	122
119	122
119	122
119	122
119	122
119	122
119	122
119	122
119	122
119	122
119	122
119	122
119	122
119	122
119	122
119	122
119	122
119	122
119	122
119	122
119	122
119	122
119	122
119	122
120	121
120	121
120	121
120	121
120	121
120	121
120	121
121	120
121	120
121	120
121	120
121	120
121	120
121	120
121	120
122	121
122	121
122	121
122	121
122	121
122	121
122	121
122	122
122	122
122	122
122	122
122	122
122	122
122	122
122	122
122	125
122	125
122	125
122	125
122	125
122	125
122	125
123	124
123	124
123	124
123	124
123	124
123	124
123	124
123	124
124	126
124	126
124	126
124	126
125	126
125	126
125	126
125	126
125	126
125	126
125	126
125	126
125	126
125	126
125	126
126	125
126	125
126	125
126	125
126	125
126	125
126	125
126	125
126	125
126	125
126	125
126	125
126	125
126	125
126	125
127	126
127	126
127	126
127	126
127	126
127	126
127	126
127	129
127	129
127	129
127	129
127	129
127	129
127	129
127	129
128	127
128	127
128	127
128	127
128	127
128	127
128	127
128	127
128	125
128	125
128	125
128	125
128	125
128	125
128	125
128	123
128	123
128	123
128	123
128	123
128	123
128	123
128	123
129	121
129	121
129	121
129	121
129	121
129	121
129	121
130	119
130	119
130	119
130	119
130	119
130	119
130	119
130	119
130	122
130	122
130	122
130	122
130	122
130	122
130	122
130	125
130	125
130	125
130	125
130	125
130	125
130	125
130	125
131	128
131	128
131	128
131	128
131	128
131	128
131	128
131	132
131	132
131	132
131	132
131	132
131	132
131	132
131	132
132	132
132	132
132	132
132	132
132	132
132	132
132	132
133	134
133	134
133	134
133	134
133	134
133	134
133	134
133	134
134	135
134	135
134	135
134	135
134	135
134	135
134	135
134	135
134	135
134	135
134	135
134	135
134	135
134	135
134	135
135	136
135	136
135	136
135	136
135	136
135	136
135	136
135	136
135	136
135	136
135	136
135	136
135	136
135	136
135	136
135	137
135	137
135	137
135	137
135	137
135	137
135	137
135	137
136	137
136	137
136	137
136	137
136	137
136	137
136	137
137	137
137	137
137	137
137	137
137	137
137	137
137	137
137	137
137	138
137	138
137	138
137	138
137	138
137	138
137	138
137	138
137	138
137	138
137	138
137	138
137	138
137	138
137	138
138	136
138	136
138	136
138	136
138	136
138	136
138	136
138	137
138	137
138	137
138	137
138	137
138	137
138	137
138	137
138	136
138	136
138	136
138	136
138	136
138	136
138	136
138	134
138	134
138	134
138	134
138	134
138	134
138	134
138	134
138	132
138	132
138	132
138	132
138	132
138	132
138	132
138	137
138	137
138	137
138	137
138	137
138	137
138	137
138	137
138	138
138	138
138	138
138	138
138	138
138	138
138	138
138	139
138	139
138	139
138	139
138	139
138	139
138	139
138	139
139	138
139	138
139	138
139	138
139	138
139	138
139	138
140	139
140	139
140	139
140	139
140	139
140	139
140	139
140	139
140	138
140	138
140	138
140	138
140	138
140	138
140	138
140	138
140	139
140	139
140	139
140	139
140	139
140	139
140	139
140	138
140	138
140	138
140	138
140	138
140	138
140	138
140	138
139	138
139	138
139	138
139	138
139	138
139	138
139	138
139	138
139	138
139	138
139	138
139	138
139	138
139	138
139	138
139	138
139	138
139	138
139	138
139	138
139	138
139	138
140	139
140	139
140	139
140	139
140	139
140	139
140	139
140	139
140	140
140	140
140	140
140	140
140	140
140	140
140	140
141	141
141	141
141	141
141	141
141	141
141	141
141	141
141	141
142	142
142	142
142	142
142	142
142	142
142	142
142	142
142	143
142	143
142	143
142	143
142	143
142	143
142	143
142	143
142	143
142	143
142	143
142	143
142	143
142	143
142	143
142	144
142	144
142	144
142	144
142	144
142	144
142	144
142	144
143	144
143	144
143	144
143	144
143	144
143	144
143	144
144	142
144	142
144	142
144	142
144	142
144	142
144	142
144	142
144	144
144	144
144	144
144	144
144	144
144	144
144	144
144	144
145	144
145	144
145	144
145	144
145	144
145	144
145	144
145	145
145	145
145	145
145	145
145	145
145	145
145	145
145	145
145	146
145	146
145	146
145	146
145	146
145	146
145	146
147	146
147	146
147	146
147	146
147	146
147	146
147	146
147	146
147	147
147	147
147	147
147	147
147	147
147	147
147	147
147	145
147	145
147	145
147	145
147	145
147	145
147	145
147	145
147	143
147	143
147	143
147	143
147	143
147	143
147	143
147	147
147	147
147	147
147	147
147	147
147	147
147	147
147	147
147	147
147	147
147	147
147	147
147	147
147	147
147	147
147	147
147	147
147	147
147	147
147	147
147	147
147	147
147	147
148	147
148	147
148	147
148	147
148	147
148	147
148	147
148	145
148	145
148	145
148	145
148	145
148	145
148	145
148	145
148	147
148	147
148	147
148	147
148	147
148	147
148	147
148	148
148	148
148	148
148	148
148	148
148	148
148	148
148	148
148	147
148	147
148	147
148	147
148	147
148	147
148	147
148	147
148	145
148	145
148	145
148	145
148	145
148	145
148	145
148	147
148	147
148	147
148	147
148	147
148	147
148	147
148	147
148	146
148	146
148	146
148	146
148	146
148	146
148	146
148	144
148	144
148	144
148	144
147	144
147	144
147	144
147	144
147	145
147	145
147	145
147	145
147	145
147	145
147	145
147	143
147	143
147	143
147	143
147	143
147	143
147	143
147	143
146	145
146	145
146	145
146	145
146	145
146	145
146	145
146	143
146	143
146	143
146	143
146	143
146	143
146	143
146	143
146	146
146	146
146	146
146	146
146	146
146	146
146	146
146	146
146	146
146	146
146	146
146	146
146	146
146	146
146	146
146	146
146	146
146	146
146	146
146	146
146	146
146	146
146	146
146	146
146	146
146	146
146	146
146	146
146	146
146	146
146	144
146	144
146	144
146	144
146	144
146	144
146	144
147	147
147	147
147	147
147	147
146	147
146	147
146	147
146	147
146	146
146	146
146	146
146	146
146	146
146	146
146	146
146	146
147	146
147	146
147	146
147	146
147	146
147	146
147	146
147	146
147	146
147	146
147	146
147	146
147	146
147	146
147	146
146	144
146	144
146	144
146	144
146	144
146	144
146	144
147	147
147	147
147	147
147	147
147	147
147	147
147	147
147	147
147	147
147	147
147	147
147	147
147	147
147	147
147	147
147	147
147	147
147	147
147	147
147	147
147	147
147	147
147	147
147	147
147	147
147	147
147	147
147	147
147	147
147	147
148	147
148	147
148	147
148	147
148	147
148	147
148	147
148	147
148	147
148	147
148	147
148	147
148	147
148	147
148	147
148	147
148	147
148	147
148	147
148	147
148	147
148	147
148	147
148	150
148	150
148	150
148	150
148	150
148	150
148	150
148	147
148	147
148	147
148	147
148	147
148	147
148	147
148	147
148	147
148	147
148	147
148	147
148	147
148	147
148	147
148	147
148	147
148	147
148	147
148	147
148	147
148	147
148	147
148	147
148	147
148	147
148	147
148	147
148	147
148	147
148	147
148	146
148	146
148	146
148	146
148	146
148	146
148	146
148	146
148	146
148	146
148	146
148	146
148	146
148	146
148	146
147	146
147	146
147	146
147	146
147	146
147	146
147	146
147	144
147	144
147	144
147	144
147	144
147	144
147	144
147	144
147	146
147	146
147	146
147	146
147	146
147	146
147	146
147	144
147	144
147	144
147	144
147	144
147	144
147	144
147	144
147	146
147	146
147	146
147	146
147	146
147	146
147	146
147	144
147	144
147	144
147	144
147	144
147	144
147	144
147	144
148	147
148	147
148	147
148	147
148	147
148	147
148	147
148	145
148	145
148	145
148	145
148	145
148	145
148	145
148	145
148	147
148	147
148	147
148	147
148	147
148	147
148	147
148	148
148	148
148	148
148	148
148	148
148	148
148	148
148	148
148	148
148	148
148	148
148	148
148	148
148	148
148	148
148	146
148	146
148	146
148	146
149	146
149	146
149	146
149	146
149	144
149	144
149	144
149	144
149	144
149	144
149	144
149	144
149	142
149	142
149	142
149	142
149	142
149	142
149	142
149	147
149	147
149	147
149	147
149	147
149	147
149	147
149	147
149	147
149	147
149	147
149	147
149	147
149	147
149	147
149	146
149	146
149	146
149	146
149	146
149	146
149	146
149	146
148	144
148	144
148	144
148	144
148	144
148	144
148	144
148	147
148	147
148	147
148	147
148	147
148	147
148	147
148	147
148	150
148	150
148	150
148	150
148	150
148	150
148	150
147	149
147	149
147	149
147	149
147	149
147	149
147	149
147	149
146	149
146	149
146	149
146	149
145	149
145	149
145	149
145	153
145	153
145	153
145	153
145	153
145	153
145	153
145	153
140	151
140	151
140	151
140	151
140	151
140	151
140	151
138	149
138	149
138	149
138	149
138	149
138	149
138	149
138	149
137	147
137	147
137	147
137	147
137	147
137	147
137	147
138	151
138	151
138	151
138	151
138	151
138	151
138	151
138	151
138	151
138	151
138	151
138	151
138	151
138	151
138	151
138	151
138	151
138	151
138	151
138	151
138	151
138	151
138	151
138	149
138	149
138	149
138	149
138	149
138	149
138	149
138	149
136	149
136	149
136	149
136	149
136	149
136	149
136	149
136	154
136	154
136	154
136	154
136	154
136	154
136	154
136	154
136	152
136	152
136	152
136	152
136	152
136	152
136	152
136	149
136	149
136	149
136	149
136	149
136	149
136	149
136	149
136	153
136	153
136	153
136	153
136	153
136	153
136	153
136	151
136	151
136	151
136	151
136	151
136	151
136	151
136	151
135	149
135	149
135	149
135	149
135	149
135	149
135	149
135	147
135	147
135	147
135	147
135	147
135	147
135	147
135	147
135	148
135	148
135	148
135	148
135	148
135	148
135	148
135	148
135	148
135	148
135	148
135	148
135	148
135	148
135	148
135	146
135	146
135	146
135	146
135	146
135	146
135	146
135	144
135	144
135	144
135	144
135	144
135	144
135	144
135	144
135	142
135	142
135	142
135	142
135	142
135	142
135	142
135	142
133	143
133	143
133	143
133	143
133	143
133	143
133	143
133	141
133	141
133	141
133	141
133	141
133	141
133	141
133	141
133	144
133	144
133	144
133	144
133	144
133	144
133	144
133	141
133	141
133	141
133	141
133	141
133	141
133	141
133	141
131	140
131	140
131	140
131	140
131	140
131	140
131	140
130	145
130	145
130	145
130	145
130	145
130	145
130	145
130	145
130	145
130	145
130	145
130	145
130	145
130	145
130	145
130	150
130	150
130	150
130	150
130	150
130	150
130	150
130	150
129	148
129	148
129	148
129	148
129	148
129	148
129	148
129	146
129	146
129	146
129	146
129	146
129	146
129	146
129	146
129	144
129	144
129	144
129	144
129	144
129	144
129	144
128	142
128	142
128	142
128	142
128	142
128	142
128	142
128	142
128	147
128	147
128	147
128	147
128	147
128	147
128	147
126	145
126	145
126	145
126	145
126	145
126	145
126	145
126	145
125	143
125	143
125	143
125	143
125	143
125	143
125	143
125	143
124	143
124	143
124	143
124	143
124	143
124	143
124	143
124	141
124	141
124	141
124	141
124	141
124	141
124	141
124	141
123	139
123	139
123	139
123	139
123	139
123	139
123	139
122	142
122	142
122	142
122	142
122	142
122	142
122	142
122	142
122	140
122	140
122	140
122	140
122	140
122	140
122	140
122	138
122	138
122	138
122	138
122	138
122	138
122	138
122	138
122	141
122	141
122	141
122	141
122	141
122	141
122	141
121	139
121	139
121	139
121	139
121	139
121	139
121	139
121	139
120	137
120	137
120	137
120	137
120	137
120	137
120	137
120	135
120	135
120	135
120	135
120	135
120	135
120	135
120	135
119	138
119	138
119	138
119	138
119	138
119	138
119	138
119	136
119	136
119	136
119	136
119	136
119	136
119	136
119	136
118	134
118	134
118	134
118	134
118	134
118	134
118	134
118	132
118	132
118	132
118	132
118	132
118	132
118	132
118	132
118	135
118	135
118	135
118	135
118	135
118	135
118	135
115	132
115	132
115	132
115	132
115	132
115	132
115	132
115	132
115	130
115	130
115	130
115	130
115	130
115	130
115	130
115	130
115	130
115	130
115	130
115	130
115	130
115	130
115	130
115	131
115	131
115	131
115	131
115	131
115	131
115	131
115	131
115	131
115	131
115	131
115	131
115	131
115	131
115	131
115	129
115	129
115	129
115	129
115	129
115	129
115	129
115	129
115	131
115	131
115	131
115	131
115	131
115	131
115	131
115	131
115	131
115	131
115	131
115	131
115	131
115	131
115	131
115	129
115	129
115	129
115	129
114	129
114	129
114	129
114	129
114	129
114	129
114	129
114	129
114	129
114	129
114	129
114	127
114	127
114	127
114	127
114	127
114	127
114	127
114	125
114	125
114	125
114	125
114	125
114	125
114	125
114	125
114	123
114	123
114	123
114	123
114	123
114	123
114	123
114	121
114	121
114	121
114	121
114	121
114	121
114	121
114	121
114	119
114	119
114	119
114	119
114	119
114	119
114	119
114	122
114	122
114	122
114	122
114	122
114	122
114	122
114	122
114	120
114	120
114	120
114	120
114	120
114	120
114	120
115	124
115	124
115	124
115	124
115	124
115	124
115	124
115	124
115	127
115	127
115	127
115	127
116	127
116	127
116	127
116	127
116	125
116	125
116	125
116	125
116	125
116	125
116	125
116	128
116	128
116	128
116	128
116	128
116	128
116	128
116	128
116	125
116	125
116	125
116	125
116	125
116	125
116	125
117	128
117	128
117	128
117	128
117	128
117	128
117	128
117	128
118	131
118	131
118	131
118	131
118	131
118	131
118	131
118	131
118	131
118	131
118	131
118	131
118	131
118	131
118	131
117	134
117	134
117	134
117	134
117	134
117	134
117	134
117	132
117	132
117	132
117	132
117	132
117	132
117	132
117	132
118	131
118	131
118	131
118	131
118	131
118	131
118	131
117	129
117	129
117	129
117	129
117	129
117	129
117	129
117	129
117	127
117	127
117	127
117	127
117	127
117	127
117	127
116	132
116	132
116	132
116	132
116	132
116	132
116	132
116	132
117	135
117	135
117	135
117	135
117	135
117	135
117	135
117	132
117	132
117	132
117	132
117	132
117	132
117	132
117	132
118	133
118	133
118	133
118	133
118	133
118	133
118	133
118	133
118	135
118	135
118	135
118	135
118	135
118	135
118	135
117	132
117	132
117	132
117	132
117	132
117	132
117	132
117	132
117	130
117	130
117	130
117	130
117	130
117	130
117	130
116	134
116	134
116	134
116	134
116	134
116	134
116	134
116	134
116	131
116	131
116	131
116	131
116	131
116	131
116	131
116	129
116	129
116	129
116	129
116	129
116	129
116	129
116	129
117	127
117	127
117	127
117	127
117	127
117	127
117	127
118	125
118	125
118	125
118	125
118	125
118	125
118	125
118	125
117	130
117	130
117	130
117	130
117	130
117	130
117	130
117	128
117	128
117	128
117	128
117	128
117	128
117	128
117	128
117	125
117	125
117	125
117	125
117	125
117	125
117	125
117	123
117	123
117	123
117	123
117	123
117	123
117	123
117	123
117	121
117	121
117	121
117	121
117	121
117	121
117	121
118	118
118	118
118	118
118	118
118	118
118	118
118	118
118	118
118	119
118	119
118	119
118	119
119	119
119	119
119	119
119	120
119	120
119	120
119	120
119	120
119	120
119	120
119	120
119	120
119	120
119	120
119	120
119	120
119	120
119	120
119	120
119	121
119	121
119	121
119	121
119	121
119	121
119	121
120	122
120	122
120	122
120	122
120	122
120	122
120	122
120	122
122	124
122	124
122	124
122	124
122	124
122	124
122	124
123	125
123	125
123	125
123	125
123	125
123	125
123	125
123	125
124	127
124	127
124	127
124	127
124	127
124	127
124	127
124	129
124	129
124	129
124	129
124	129
124	129
124	129
124	129
127	131
127	131
127	131
127	131
127	131
127	131
127	131
129	134
129	134
129	134
129	134
130	134
130	134
130	134
130	134
130	135
130	135
130	135
130	135
130	135
130	135
130	135
135	137
135	137
135	137
135	137
135	137
135	137
135	137
135	137
136	140
136	140
136	140
136	140
136	140
136	140
136	140
136	142
136	142
136	142
136	142
136	142
136	142
136	142
136	142
140	143
140	143
140	143
140	143
140	143
140	143
140	143
141	144
141	144
141	144
141	144
141	144
141	144
141	144
141	144
143	145
143	145
143	145
143	145
143	145
143	145
143	145
143	145
143	145
143	145
143	145
143	145
143	145
143	145
143	145
144	146
144	146
144	146
144	146
144	146
144	146
144	146
144	146
145	147
145	147
145	147
145	147
146	147
146	147
146	147
146	148
146	148
146	148
146	148
146	148
146	148
146	148
146	148
147	150
147	150
147	150
147	150
147	150
147	150
147	150
148	151
148	151
148	151
148	151
148	151
148	151
148	151
148	151
149	152
149	152
149	152
149	152
149	152
149	152
149	152
150	153
150	153
150	153
150	153
150	153
150	153
150	153
150	153
151	153
151	153
151	153
151	153
151	153
151	153
151	153
151	154
151	154
151	154
151	154
151	154
151	154
151	154
151	154
151	153
151	153
151	153
151	153
151	153
151	153
151	153
151	154
151	154
151	154
151	154
151	154
151	154
151	154
151	154
152	155
152	155
152	155
153	155
153	155
153	155
153	155
153	155
153	155
153	155
153	155
153	155
153	155
153	155
153	155
154	155
154	155
154	155
154	155
154	155
154	155
154	155
154	155
154	155
154	155
154	155
154	155
154	155
154	155
154	155
154	154
154	154
154	154
154	154
154	154
154	154
154	154
154	154
155	154
155	154
155	154
155	154
155	154
155	154
155	154
155	154
155	154
155	154
155	154
155	154
155	154
155	154
155	154
155	154
155	154
155	154
155	154
155	154
155	154
155	154
155	154
155	154
155	154
155	154
155	154
155	154
155	154
155	154
155	155
155	155
155	155
155	155
155	155
155	155
155	155
155	155
155	155
155	155
155	155
155	155
155	155
155	155
155	155
155	155
155	155
155	155
155	155
155	155
155	155
155	155
156	155
156	155
156	155
156	155
156	155
156	155
156	155
156	155
156	156
156	156
156	156
156	156
156	156
156	156
156	156
156	157
156	157
156	157
156	157
156	157
156	157
156	157
156	157
157	157
157	157
157	157
157	157
157	157
157	157
157	157
157	157
157	158
157	158
157	158
157	158
157	158
157	158
157	158
158	159
158	159
158	159
158	159
158	159
158	159
158	159
158	159
158	160
158	160
158	160
158	160
158	160
158	160
158	160
159	160
159	160
159	160
159	160
159	160
159	160
159	160
159	160
160	161
160	161
160	161
160	161
161	161
161	161
161	161
161	161
161	161
161	161
161	161
161	161
161	161
161	161
161	161
162	162
162	162
162	162
162	162
162	162
162	162
162	162
162	161
162	161
162	161
162	161
162	161
162	161
162	161
162	161
162	162
162	162
162	162
162	162
162	162
162	162
162	162
162	161
162	161
162	161
162	161
162	161
162	161
162	161
162	161
162	161
162	161
162	161
162	161
162	161
162	161
162	161
162	161
162	161
162	161
162	161
162	161
162	161
162	161
162	161
162	161
162	161
162	161
162	161
162	161
162	161
162	161
161	161
161	161
161	161
161	161
161	161
161	161
161	161
161	161
162	161
162	161
162	161
162	161
162	161
162	161
162	161
162	161
162	161
162	161
162	161
162	161
162	161
162	161
162	161
162	162
162	162
162	162
162	162
162	162
162	162
162	162
162	162
162	162
162	162
162	162
162	162
162	162
162	162
162	162
162	162
162	162
162	162
162	162
162	162
162	162
162	162
162	162
163	163
163	163
163	163
163	163
163	163
163	163
163	163
164	163
164	163
164	163
164	163
164	163
164	163
164	163
164	163
164	164
164	164
164	164
164	164
164	164
164	164
164	164
164	164
164	164
164	164
164	164
164	164
164	164
164	164
164	164
164	166
164	166
164	166
164	166
164	166
164	166
164	166
165	166
165	166
165	166
165	166
165	166
165	166
165	166
165	166
165	166
165	166
165	166
165	166
165	166
165	166
165	166
166	167
166	167
166	167
166	167
166	167
166	167
166	167
166	167
167	167
167	167
167	167
167	167
167	167
167	167
167	167
167	168
167	168
167	168
167	168
167	168
167	168
167	168
167	168
168	168
168	168
168	168
168	168
168	168
168	168
168	168
168	168
168	168
168	168
168	168
168	168
168	168
168	168
168	168
169	169
169	169
169	169
169	169
169	169
169	169
169	169
169	169
169	169
169	169
169	169
169	169
169	169
169	169
169	169
170	169
170	169
170	169
170	169
170	169
170	169
170	169
170	169
170	169
170	169
170	169
170	169
170	169
170	169
170	169
170	170
170	170
170	170
170	170
170	170
170	170
170	170
170	170
170	170
170	170
170	170
170	170
170	170
170	170
170	170
170	170
170	170
170	170
170	170
170	170
170	170
170	170
170	170
171	170
171	170
171	170
171	170
171	170
171	170
171	170
171	170
171	170
171	170
171	170
171	170
171	170
171	170
171	170
171	170
171	170
171	170
171	170
171	170
171	170
171	170
171	171
171	171
171	171
171	171
171	171
171	171
171	171
171	171
171	171
171	171
171	171
171	171
171	171
171	171
171	171
172	171
172	171
172	171
172	171
172	171
172	171
172	171
172	171
172	172
172	172
172	172
172	172
171	172
171	172
171	172
171	172
171	171
171	171
171	171
171	171
171	171
171	171
171	171
171	172
171	172
171	172
171	172
171	172
171	172
171	172
171	172
171	172
171	172
171	172
171	172
171	172
171	172
171	172
171	173
171	173
171	173
171	173
171	173
171	173
171	173
171	173
171	173
171	173
171	173
171	173
171	173
171	173
171	173
171	173
171	173
171	173
171	173
171	173
171	173
171	173
171	173
171	171
171	171
171	171
171	171
171	171
171	171
171	171
171	173
171	173
171	173
171	173
171	173
171	173
171	173
171	173
171	172
171	172
171	172
171	172
171	172
171	172
171	172
171	172
171	172
171	172
171	172
171	172
171	172
171	172
171	172
171	172
171	172
171	172
171	172
171	172
171	172
171	172
171	172
171	172
171	172
171	172
171	172
171	172
171	172
171	172
171	172
171	172
171	172
171	172
171	172
171	172
171	172
171	175
171	175
171	175
171	175
171	175
171	175
171	175
171	175
172	173
172	173
172	173
172	173
172	173
172	173
172	173
172	173
172	171
172	171
172	171
172	171
172	171
172	171
172	171
172	171
172	171
172	171
172	171
172	171
172	171
172	171
172	171
172	171
172	171
172	171
172	171
172	171
172	171
172	171
171	171
171	171
171	171
171	171
171	171
171	171
171	171
171	171
171	171
171	171
171	171
171	171
171	171
171	171
171	171
171	171
171	171
171	171
171	171
171	171
171	171
171	171
171	171
170	171
170	171
170	171
170	171
170	171
170	171
170	171
170	171
170	171
170	171
170	171
170	171
170	171
170	171
170	171
170	170
170	170
170	170
170	170
170	170
170	170
170	170
170	170
170	170
170	170
170	170
170	170
170	170
170	170
170	170
170	170
170	170
170	170
170	170
170	170
170	170
170	170
170	170
170	170
170	170
170	170
170	170
170	170
170	170
170	170
170	170
170	170
170	170
170	170
170	170
170	170
170	170
171	170
171	170
171	170
171	170
171	170
171	170
171	170
171	170
172	170
172	170
172	170
172	170
172	170
171	170
171	170
171	170
171	170
171	170
171	170
171	170
171	170
171	170
171	170
170	170
170	170
170	170
170	170
170	170
170	170
170	170
170	170
170	168
170	168
170	168
170	168
170	168
170	168
170	168
170	169
170	169
170	169
170	169
170	169
170	169
170	169
170	169
170	169
170	169
170	169
170	169
170	169
170	169
170	169
170	169
170	169
170	169
170	169
170	169
170	169
170	169
170	169
170	169
170	169
170	169
170	169
170	169
170	169
170	169
170	169
170	169
170	169
170	169
170	169
170	169
170	169
170	169
169	168
169	168
169	168
169	168
169	168
169	168
169	168
169	168
169	168
169	168
169	168
169	168
169	168
169	168
169	168
169	168
169	168
169	168
169	168
169	168
169	168
169	168
169	169
169	169
169	169
169	169
169	169
169	169
169	169
169	169
169	167
169	167
169	167
169	167
169	167
169	167
169	167
169	171
169	171
169	171
169	171
169	171
169	171
169	171
169	171
168	172
168	172
168	172
168	172
168	172
168	172
168	172
168	172
167	172
167	172
167	172
167	172
167	172
167	172
167	172
167	171
167	171
167	171
167	171
167	171
167	171
167	171
167	171
167	169
167	169
167	169
167	169
167	169
167	169
167	169
167	167
167	167
167	167
167	167
167	167
167	167
167	167
167	167
166	168
166	168
166	168
166	168
166	168
166	168
166	168
166	168
166	168
166	168
166	168
166	168
166	168
166	168
166	168
167	167
167	167
167	167
167	167
167	167
167	167
167	167
168	167
168	167
168	167
168	167
168	167
168	167
168	167
168	167
167	167
167	167
167	167
167	167
167	167
167	167
167	167
167	166
167	166
167	166
167	166
167	166
167	166
167	166
167	166
167	165
167	165
167	165
167	165
167	165
167	165
167	165
167	163
167	163
167	163
167	163
167	163
167	163
167	163
167	163
167	164
167	164
167	164
167	164
167	164
167	164
167	164
165	164
165	164
165	164
165	164
165	164
165	164
165	164
165	164
165	164
165	164
165	164
165	164
165	164
165	164
165	164
165	165
165	165
165	165
165	165
165	165
165	165
165	165
165	165
165	165
165	165
165	165
165	165
165	165
165	165
165	165
165	165
165	164
165	164
165	164
165	164
165	164
165	164
165	164
165	163
165	163
165	163
165	163
165	163
165	163
165	163
165	163
165	163
165	163
165	163
165	163
165	163
165	163
165	163
165	163
165	163
165	163
165	163
164	163
164	163
164	163
164	163
164	163
164	163
164	163
164	163
164	163
164	163
164	163
164	163
164	163
164	163
164	163
164	163
164	163
164	163
164	163
164	165
164	165
164	165
164	165
164	165
164	165
164	165
164	163
164	163
164	163
164	163
163	163
163	163
163	163
163	163
163	161
163	161
163	161
163	161
163	161
163	161
163	161
163	162
163	162
163	162
163	162
163	162
163	162
163	162
163	162
163	161
163	161
163	161
163	161
163	161
163	161
163	161
163	159
163	159
163	159
163	159
163	159
163	159
163	159
163	159
163	157
163	157
163	157
163	157
163	157
163	157
163	157
163	157
164	155
164	155
164	155
164	155
164	155
164	155
164	155
163	153
163	153
163	153
163	153
163	153
163	153
163	153
163	153
163	156
163	156
163	156
163	156
163	156
163	156
163	156
162	159
162	159
162	159
162	159
162	159
162	159
162	159
162	159
163	157
163	157
163	157
163	157
163	157
163	157
163	157
163	155
163	155
163	155
163	155
163	155
163	155
163	155
163	155
163	158
163	158
163	158
163	158
163	158
163	158
163	158
163	162
163	162
163	162
163	162
163	162
163	162
163	162
163	162
163	162
163	162
163	162
163	162
163	162
163	162
163	162
162	162
162	162
162	162
162	162
162	162
162	162
162	162
162	162
162	161
162	161
162	161
162	161
162	161
162	161
162	161
162	162
162	162
162	162
162	162
162	162
162	162
162	162
162	162
162	162
162	162
162	162
162	162
162	162
162	162
162	162
162	162
162	162
162	162
162	162
162	162
162	162
162	162
162	162
162	161
162	161
162	161
162	161
163	161
163	161
163	161
163	161
163	162
163	162
163	162
163	162
163	162
163	162
163	162
163	161
163	161
163	161
163	161
163	161
163	161
163	161
163	161
162	161
162	161
162	161
162	161
162	161
162	161
162	161
161	161
161	161
161	161
161	161
161	161
161	161
161	161
161	161
162	159
162	159
162	159
162	159
162	159
162	159
162	159
161	161
161	161
161	161
161	161
161	161
161	161
161	161
161	161
161	161
161	161
161	161
161	161
161	161
161	161
161	161
161	159
161	159
161	159
161	159
161	159
161	159
161	159
161	159
161	160
161	160
161	160
161	160
161	160
161	160
161	160
160	161
160	161
160	161
160	161
160	161
160	161
160	161
160	161
160	160
160	160
160	160
160	160
160	160
160	160
160	160
161	160
161	160
161	160
161	160
161	160
161	160
161	160
161	160
161	159
161	159
161	159
161	159
161	159
161	159
161	159
161	162
161	162
161	162
161	162
161	162
161	162
161	162
161	162
161	165
161	165
161	165
161	165
161	165
161	165
161	165
161	165
161	163
161	163
161	163
161	163
161	163
161	163
161	163
161	161
161	161
161	161
161	161
161	161
161	161
161	161
161	161
161	157
161	157
161	157
161	157
161	157
161	157
161	157
159	155
159	155
159	155
159	155
159	155
159	155
159	155
159	155
158	157
158	157
158	157
158	157
158	157
158	157
158	157
158	156
158	156
158	156
158	156
158	156
158	156
158	156
158	156
158	156
158	156
158	156
158	156
158	156
158	156
158	156
157	156
157	156
157	156
157	156
157	156
157	156
157	156
157	156
157	156
157	156
157	156
157	156
157	156
157	156
157	156
157	155
157	155
157	155
157	155
157	155
157	155
157	155
157	155
157	155
157	155
157	155
157	155
157	155
157	155
157	155
156	154
156	154
156	154
156	154
156	154
156	154
156	154
156	154
156	153
156	153
156	153
156	153
156	153
156	153
156	153
154	153
154	153
154	153
154	153
154	153
154	153
154	153
154	153
154	156
154	156
154	156
154	156
153	156
153	156
153	156
153	156
153	154
153	154
153	154
153	154
153	154
153	154
153	154
152	159
152	159
152	159
152	159
152	159
152	159
152	159
152	159
152	157
152	157
152	157
152	157
152	157
152	157
152	157
152	158
152	158
152	158
152	158
152	158
152	158
152	158
152	158
151	156
151	156
151	156
151	156
151	156
151	156
151	156
151	154
151	154
151	154
151	154
151	154
151	154
151	154
151	154
150	157
150	157
150	157
150	157
150	157
150	157
150	157
150	155
150	155
150	155
150	155
150	155
150	155
150	155
150	155
150	153
150	153
150	153
150	153
150	153
150	153
150	153
151	156
151	156
151	156
151	156
151	156
151	156
151	156
151	156
151	154
151	154
151	154
151	154
151	154
151	154
151	154
151	159
151	159
151	159
151	159
151	159
151	159
151	159
151	159
151	157
151	157
151	157
151	157
151	157
151	157
151	157
151	157
151	155
151	155
151	155
151	155
151	155
151	155
151	155
150	158
150	158
150	158
150	158
150	158
150	158
150	158
150	158
149	162
149	162
149	162
149	162
149	162
149	162
149	162
148	160
148	160
148	160
148	160
148	160
148	160
148	160
148	160
148	160
148	160
148	160
148	160
148	160
148	160
148	160
147	158
147	158
147	158
147	158
147	158
147	158
147	158
147	158
146	156
146	156
146	156
146	156
145	156
145	156
145	156
145	156
145	156
145	156
145	156
145	156
145	156
145	156
145	156
144	154
144	154
144	154
144	154
144	154
144	154
144	154
144	157
144	157
144	157
144	157
144	157
144	157
144	157
144	157
144	155
144	155
144	155
144	155
144	155
144	155
144	155
144	153
144	153
144	153
144	153
144	153
144	153
144	153
144	153
144	151
144	151
144	151
144	151
144	151
144	151
144	151
143	149
143	149
143	149
143	149
143	149
143	149
143	149
143	149
143	153
143	153
143	153
143	153
143	153
143	153
143	153
143	153
141	153
141	153
141	153
141	153
141	153
141	153
141	153
140	151
140	151
140	151
140	151
140	151
140	151
140	151
140	151
140	152
140	152
140	152
140	152
140	152
140	152
140	152
140	151
140	151
140	151
140	151
140	151
140	151
140	151
140	151
140	149
140	149
140	149
140	149
140	149
140	149
140	149
140	147
140	147
140	147
140	147
140	147
140	147
140	147
140	147
140	150
140	150
140	150
140	150
140	150
140	150
140	150
140	151
140	151
140	151
140	151
140	151
140	151
140	151
140	151
140	149
140	149
140	149
140	149
140	149
140	149
140	149
140	147
140	147
140	147
140	147
140	147
140	147
140	147
140	147
138	150
138	150
138	150
138	150
138	150
138	150
138	150
135	148
135	148
135	148
135	148
135	148
135	148
135	148
135	148
135	146
135	146
135	146
135	146
135	146
135	146
135	146
135	146
134	144
134	144
134	144
134	144
134	144
134	144
134	144
134	142
134	142
134	142
134	142
134	142
134	142
134	142
134	142
132	140
132	140
132	140
132	140
132	140
132	140
132	140
133	143
133	143
133	143
133	143
133	143
133	143
133	143
133	143
133	141
133	141
133	141
133	141
133	141
133	141
133	141
133	142
133	142
133	142
133	142
133	142
133	142
133	142
133	142
133	140
133	140
133	140
133	140
133	140
133	140
133	140
133	139
133	139
133	139
133	139
133	139
133	139
133	139
133	139
131	139
131	139
131	139
131	139
131	139
131	139
131	139
131	137
131	137
131	137
131	137
131	137
131	137
131	137
131	137
131	138
131	138
131	138
131	138
131	138
131	138
131	138
130	139
130	139
130	139
130	139
130	139
130	139
130	139
130	139
130	142
130	142
130	142
130	142
130	142
130	142
130	142
129	140
129	140
129	140
129	140
129	140
129	140
129	140
129	140
128	138
128	138
128	138
128	138
128	138
128	138
128	138
128	138
129	137
129	137
129	137
129	137
129	137
129	137
129	137
129	135
129	135
129	135
129	135
129	135
129	135
129	135
129	135
129	139
129	139
129	139
129	139
129	139
129	139
129	139
128	136
128	136
128	136
128	136
128	136
128	136
128	136
128	136
128	134
128	134
128	134
128	134
128	134
128	134
128	134
128	138
128	138
128	138
128	138
128	138
128	138
128	138
128	138
128	139
128	139
128	139
128	139
128	139
128	139
128	139
127	138
127	138
127	138
127	138
127	138
127	138
127	138
127	138
127	136
127	136
127	136
127	136
127	136
127	136
127	136
127	136
127	136
127	136
127	136
127	136
127	136
127	136
127	136
127	139
127	139
127	139
127	139
127	139
127	139
127	139
127	139
127	139
127	139
127	139
127	139
127	139
127	139
127	139
127	137
127	137
127	137
127	137
127	137
127	137
127	137
127	137
127	135
127	135
127	135
127	135
127	135
127	135
127	135
127	139
127	139
127	139
127	139
127	139
127	139
127	139
127	139
126	139
126	139
126	139
126	139
126	139
126	139
126	139
126	137
126	137
126	137
126	137
126	137
126	137
126	137
126	137
125	135
125	135
125	135
125	135
125	135
125	135
125	135
124	138
124	138
124	138
124	138
124	138
124	138
124	138
124	138
123	136
123	136
123	136
123	136
123	136
123	136
123	136
123	134
123	134
123	134
123	134
123	134
123	134
123	134
123	134
123	132
123	132
123	132
123	132
123	132
123	132
123	132
122	130
122	130
122	130
122	130
122	130
122	130
122	130
122	130
121	128
121	128
121	128
121	128
121	128
121	128
121	128
121	131
121	131
121	131
121	131
121	131
121	131
121	131
121	131
121	129
121	129
121	129
121	129
121	129
121	129
121	129
121	127
121	127
121	127
121	127
121	127
121	127
121	127
121	127
122	125
122	125
122	125
122	125
122	125
122	125
122	125
122	125
122	122
122	122
122	122
122	122
122	122
122	122
122	122
123	123
123	123
123	123
123	123
123	123
123	123
123	123
123	123
123	123
123	123
123	123
123	123
123	123
123	123
123	123
123	123
123	123
123	123
123	123
123	123
123	123
123	123
123	123
124	124
124	124
124	124
124	124
124	124
124	124
124	124
124	124
124	124
124	124
124	124
125	124
125	124
125	124
125	124
125	124
125	124
125	124
125	124
125	124
125	124
125	124
124	123
124	123
124	123
124	123
124	123
124	123
124	123
124	123
124	123
124	123
124	123
124	123
124	123
124	123
124	123
124	123
124	123
124	123
124	123
124	123
124	123
124	123
124	123
125	123
125	123
125	123
125	123
125	123
125	123
125	123
124	123
124	123
124	123
124	123
124	123
124	123
124	123
124	123
124	123
124	123
124	123
124	123
124	123
124	123
124	123
124	123
124	122
124	122
124	122
124	122
124	122
124	122
124	122
123	122
123	122
123	122
123	122
123	122
123	122
123	122
123	122
122	122
122	122
122	122
122	122
122	122
122	122
122	122
122	121
122	121
122	121
122	121
122	121
122	121
122	121
122	121
121	122
121	122
121	122
121	122
121	122
121	122
121	122
120	120
120	120
120	120
120	120
120	120
120	120
120	120
120	120
121	122
121	122
121	122
121	122
121	122
121	122
121	122
121	122
121	122
121	122
121	122
121	122
121	122
121	122
121	122
122	122
122	122
122	122
122	122
122	122
122	122
122	122
122	122
122	122
122	122
122	122
122	122
122	122
122	122
122	122
122	123
122	123
122	123
122	123
122	123
122	123
122	123
123	122
123	122
123	122
123	122
123	122
123	122
123	122
123	122
123	120
123	120
123	120
123	120
123	120
123	120
123	120
123	120
123	123
123	123
123	123
123	123
123	123
123	123
123	123
123	122
123	122
123	122
123	122
123	122
123	122
123	122
123	122
123	122
123	122
123	122
123	122
123	122
123	122
123	122
124	122
124	122
124	122
124	122
124	122
124	122
124	122
124	122
123	123
123	123
123	123
123	123
123	123
123	123
123	123
123	123
123	123
123	123
123	123
123	123
123	123
123	123
123	123
124	124
124	124
124	124
124	124
124	124
124	124
124	124
124	125
124	125
124	125
124	125
124	125
124	125
124	125
124	125
124	125
124	125
124	125
124	125
124	125
124	125
124	125
124	126
124	126
124	126
124	126
125	126
125	126
125	126
125	126
125	127
125	127
125	127
125	127
125	127
125	127
125	127
126	128
126	128
126	128
126	128
126	128
126	128
126	128
126	128
127	128
127	128
127	128
127	128
127	128
127	128
127	128
127	128
128	129
128	129
128	129
128	129
128	129
128	129
128	129
129	128
129	128
129	128
129	128
129	128
129	128
129	128
129	128
128	128
128	128
128	128
128	128
128	128
128	128
128	128
128	127
128	127
128	127
128	127
128	127
128	127
128	127
128	127
128	126
128	126
128	126
128	126
128	126
128	126
128	126
127	125
127	125
127	125
127	125
127	125
127	125
127	125
127	125
127	124
127	124
127	124
127	124
126	124
126	124
126	124
126	123
126	123
126	123
126	123
126	123
126	123
126	123
126	123
124	123
124	123
124	123
124	123
124	123
124	123
124	123
124	122
124	122
124	122
124	122
124	122
124	122
124	122
124	122
124	122
124	122
124	122
124	122
124	122
124	122
124	122
123	122
123	122
123	122
123	122
123	122
123	122
123	122
123	122
123	122
123	122
123	122
123	122
123	122
123	122
123	122
123	122
123	123
123	123
123	123
123	123
123	123
123	123
123	123
123	124
123	124
123	124
123	124
123	124
123	124
123	124
123	124
124	125
124	125
124	125
124	125
124	125
124	125
124	125
125	125
125	125
125	125
125	125
125	125
125	125
125	125
125	125
125	126
125	126
125	126
125	126
125	126
125	126
125	126
126	126
126	126
126	126
126	126
126	126
126	126
126	126
126	126
126	127
126	127
126	127
126	127
126	127
126	127
126	127
128	127
128	127
128	127
128	127
128	127
128	127
128	127
128	127
128	128
128	128
128	128
128	128
128	128
128	128
128	128
128	128
128	128
128	128
128	128
128	128
128	128
128	128
128	128
128	128
128	128
128	128
128	128
128	128
128	128
128	128
128	128
128	128
128	128
128	128
128	128
128	128
128	128
128	128
128	128
128	128
128	128
128	128
128	128
128	128
128	128
128	128
128	129
128	129
128	129
128	129
128	129
128	129
128	129
128	129
128	129
128	129
128	129
128	129
128	129
128	129
128	129
129	129
129	129
129	129
129	129
129	129
129	129
129	129
130	130
130	130
130	130
130	130
130	130
130	130
130	130
130	130
130	128
130	128
130	128
130	128
130	128
130	128
130	128
131	131
131	131
131	131
131	131
131	131
131	131
131	131
131	131
132	131
132	131
132	131
132	131
132	131
132	131
132	131
132	132
132	132
132	132
132	132
132	132
132	132
132	132
132	132
132	132
132	132
132	132
132	132
132	132
132	132
132	132
133	133
133	133
133	133
133	133
133	133
133	133
133	133
133	133
133	133
133	133
133	133
133	133
134	133
134	133
134	133
134	134
134	134
134	134
134	134
134	134
134	134
134	134
134	134
135	135
135	135
135	135
135	135
135	135
135	135
135	135
135	135
135	135
135	135
135	135
135	135
135	135
135	135
135	133
135	133
135	133
135	133
135	133
135	133
135	133
136	135
136	135
136	135
136	135
136	135
136	135
136	135
136	135
136	138
136	138
136	138
136	138
136	138
136	138
136	138
136	136
136	136
136	136
136	136
136	136
136	136
136	136
136	136
136	136
137	136
137	136
137	136
137	136
137	136
137	136
137	134
137	134
137	134
137	134
137	134
137	134
137	134
137	134
137	137
137	137
137	137
137	137
137	137
137	137
137	137
137	137
137	137
137	137
137	137
137	137
137	137
137	137
137	137
138	138
139	138
139	138
139	138
139	138
139	138
139	138
138	138
138	138
138	138
138	138
138	138
138	138
138	138
138	138
138	139
138	139
138	139
138	139
138	139
138	139
138	139
138	139
139	138
139	138
139	138
139	138
139	138
139	138
139	138
139	138
139	138
139	138
139	138
139	138
139	138
139	138
139	138
138	138
138	138
138	138
138	138
138	138
138	138
138	138
138	138
139	138
139	138
139	138
139	138
139	138
139	138
139	138
138	138
138	138
138	138
138	138
138	138
138	138
138	138
139	138
139	138
139	138
139	138
139	138
139	138
139	138
139	138
139	138
139	138
139	138
139	138
139	138
139	138
139	138
139	139
140	139
140	139
140	139
140	139
140	139
140	139
140	139
140	139
140	139
140	139
140	139
140	139
140	139
140	139
140	140
140	140
140	140
140	140
140	140
140	140
140	140
140	140
141	140
141	140
141	140
141	140
141	140
141	140
141	140
141	141
141	141
141	141
141	141
141	141
141	141
141	141
141	141
141	141
141	141
141	141
141	141
141	141
141	141
142	141
142	141
142	141
142	141
142	141
142	141
142	141
142	141
142	141
142	141
142	141
142	141
142	141
142	142
142	142
142	142
142	142
142	142
142	142
142	142
142	142
142	142
142	142
142	142
143	142
143	142
143	142
143	142
144	143
144	143
144	143
144	143
144	143
144	143
144	143
144	143
144	143
144	143
144	143
144	143
144	143
144	143
144	143
144	144
144	144
144	144
144	144
144	144
144	144
144	144
144	144
145	144
145	144
145	144
145	144
145	144
145	144
145	144
145	145
145	145
145	145
145	145
145	145
145	145
145	145
145	145
145	145
145	145
145	145
145	145
145	145
145	145
145	145
146	145
146	145
146	145
146	145
146	145
146	145
146	145
146	145
146	146
146	146
146	146
146	146
146	146
147	146
147	146
147	147
147	147
147	147
147	147
147	147
147	147
147	147
147	147
147	146
147	146
147	146
147	146
147	146
147	146
147	146
147	147
147	147
147	147
147	147
147	147
147	147
147	147
147	147
148	146
148	146
148	146
148	146
148	146
148	146
148	146
147	147
147	147
147	147
147	147
147	147
147	147
147	147
147	147
147	146
147	146
147	146
147	146
147	146
147	146
147	146
147	146
147	147
147	147
147	147
147	147
147	147
147	147
147	147
147	146
147	146
147	146
147	146
147	146
147	146
147	146
147	146
147	147
147	147
147	147
147	147
147	147
147	147
147	147
147	146
147	146
147	146
147	146
147	146
147	146
147	146
147	146
147	146
147	146
147	146
147	146
147	146
147	146
147	146
147	146
147	146
147	146
147	146
147	146
147	146
147	146
147	146
147	146
147	146
147	146
147	146
147	146
147	146
147	146
147	145
147	145
147	145
147	145
147	145
147	145
147	145
147	145
147	146
147	146
147	146
147	146
147	146
147	146
147	146
147	145
147	145
147	145
147	145
147	145
147	145
147	145
147	145
147	146
147	146
147	146
147	146
147	146
147	146
147	146
147	146
147	146
147	146
147	146
147	146
147	146
147	146
147	146
147	146
147	146
147	146
147	146
147	146
147	146
147	146
147	146
147	147
147	147
147	147
147	147
147	147
147	147
147	147
147	147
147	147
147	147
147	147
147	147
147	147
147	147
147	147
149	148
149	148
149	148
149	148
149	148
149	148
149	148
148	147
148	147
148	147
148	147
148	147
148	147
148	147
148	147
148	148
148	148
148	148
148	148
148	148
148	148
148	148
148	147
148	147
148	147
148	147
148	147
148	147
148	147
148	147
148	147
148	147
148	147
148	147
148	147
148	147
148	147
149	150
149	150
149	150
149	150
149	150
149	150
149	150
149	150
149	147
149	147
149	147
149	147
149	147
149	147
149	147
149	147
148	147
148	147
148	147
148	147
148	147
148	147
148	147
148	147
148	147
148	147
148	147
148	147
148	147
148	147
148	147
148	147
148	147
148	147
148	147
148	147
148	147
148	147
148	146
148	146
148	146
148	146
148	146
148	146
148	146
148	146
148	147
148	147
148	147
148	147
148	147
148	147
148	147
147	146
147	146
147	146
147	146
147	146
147	146
147	146
147	146
147	146
147	146
147	146
147	146
147	146
147	146
147	146
147	146
147	146
147	146
147	146
147	146
147	146
147	146
147	146
148	147
148	147
148	147
148	147
148	147
148	147
148	147
148	147
148	147
148	147
148	147
148	147
148	147
148	147
148	147
148	148
148	148
148	148
148	148
148	148
148	148
148	148
148	148
149	148
149	148
149	148
149	148
149	148
149	148
149	148
149	148
149	148
149	148
149	148
149	148
149	148
149	148
149	148
150	149
150	149
150	149
150	149
150	149
150	149
150	149
150	149
150	149
150	149
150	149
150	149
150	149
150	149
150	149
150	150
150	150
150	150
150	150
150	150
150	150
150	150
150	150
150	150
150	150
150	150
150	150
150	150
150	150
150	150
150	150
150	150
150	150
150	150
150	150
150	150
150	150
151	150
151	150
151	150
151	150
151	150
151	150
151	150
151	150
151	150
151	150
151	150
151	150
151	150
151	150
151	150
150	150
150	150
150	150
150	150
150	150
150	150
150	150
150	150
151	150
151	150
151	150
151	150
151	150
151	150
151	150
151	150
151	150
151	150
151	150
151	150
151	150
151	150
151	150
151	150
151	150
151	150
151	150
151	150
151	150
151	150
151	150
151	149
151	149
151	149
151	149
151	149
151	149
151	149
151	150
151	150
151	150
151	150
151	150
151	150
151	150
151	150
150	149
150	149
150	149
150	149
150	149
150	149
150	149
150	149
150	149
150	149
150	149
150	149
150	149
150	149
150	149
150	149
150	149
150	149
150	149
150	149
150	149
150	149
150	149
150	149
150	149
150	149
150	149
150	149
150	149
150	149
150	149
150	149
150	149
150	149
150	149
150	149
150	149
150	149
150	149
150	149
150	149
149	149
149	149
149	149
149	149
149	149
149	149
149	149
149	149
149	149
149	149
149	149
150	149
150	149
150	149
150	149
150	149
150	149
150	149
150	149
150	150
150	150
150	150
150	150
150	150
150	150
150	150
150	150
150	149
150	149
150	149
150	149
150	149
150	149
150	149
150	150
150	150
150	150
150	150
150	150
150	150
150	150
150	150
150	149
150	149
150	149
150	149
150	149
150	149
150	149
151	150
151	150
151	150
151	150
151	150
151	150
151	150
151	150
151	150
151	150
151	150
151	150
151	150
151	150
151	150
151	151
151	151
151	151
151	151
151	151
151	151
151	151
151	151
152	151
152	151
152	151
152	151
152	151
152	151
152	151
152	151
152	151
152	151
152	151
152	151
152	151
152	151
152	151
152	152
152	152
152	152
152	152
152	152
152	152
152	152
151	152
151	152
151	152
151	152
151	152
151	152
151	152
151	152
152	151
152	151
152	151
152	151
152	151
152	151
152	151
152	151
153	152
153	152
153	152
153	152
153	152
153	152
153	152
152	152
152	152
152	152
152	152
152	152
152	152
152	152
152	152
152	151
152	151
152	151
152	151
152	151
152	151
152	151
152	152
152	152
152	152
152	152
152	152
152	152
152	152
152	152
152	151
152	151
152	151
152	151
152	151
152	151
152	151
152	151
152	151
152	151
152	151
153	151
153	151
153	151
153	151
153	152
153	152
153	152
153	152
153	152
153	152
153	152
152	152
152	152
152	152
152	152
152	152
152	152
152	152
152	152
153	152
153	152
153	152
153	152
153	152
153	152
153	152
153	153
153	153
153	153
153	153
153	153
153	153
153	153
153	153
153	152
153	152
153	152
153	152
153	152
153	152
153	152
153	152
153	151
153	151
153	151
153	151
153	151
153	151
153	151
152	151
152	151
152	151
152	151
152	151
152	151
152	151
152	151
152	151
152	151
152	151
152	151
152	151
152	151
152	151
152	152
152	152
152	152
152	152
152	152
152	152
152	152
152	152
152	151
152	151
152	151
152	151
152	151
152	151
152	151
152	149
152	149
152	149
152	149
152	149
152	149
152	149
152	149
151	152
151	152
151	152
151	152
151	152
151	152
151	152
151	152
151	152
151	152
151	152
151	152
151	152
151	152
151	152
151	150
151	150
151	150
151	150
151	150
151	150
151	150
152	152
152	152
152	152
152	152
152	152
152	152
152	152
152	152
153	152
153	152
153	152
153	152
153	152
153	152
153	152
153	152
153	152
153	152
153	152
153	152
153	152
153	152
153	152
153	152
153	152
153	152
153	152
153	152
153	152
153	152
153	152
153	151
153	151
153	151
153	151
153	151
153	151
153	151
153	149
153	149
153	149
153	149
152	149
152	149
152	149
152	149
152	150
152	150
152	150
152	150
152	150
152	150
152	150
152	149
152	149
152	149
152	149
152	149
152	149
152	149
152	149
151	149
151	149
151	149
151	149
151	149
151	149
151	149
150	149
150	149
150	149
150	149
150	149
150	149
150	149
150	149
149	148
149	148
149	148
149	148
149	148
149	148
149	148
149	148
149	148
149	148
149	148
149	148
149	148
149	148
149	148
149	147
149	147
149	147
149	147
149	147
149	147
149	147
149	147
149	145
149	145
149	145
149	145
149	145
149	145
149	145
147	144
147	144
147	144
147	144
147	144
147	144
147	144
147	144
146	143
146	143
146	143
146	143
145	143
145	143
145	143
145	142
145	142
145	142
145	142
145	142
145	142
145	142
145	142
144	142
144	142
144	142
144	142
144	142
144	142
144	142
144	142
144	142
144	142
144	142
144	142
144	142
144	142
144	142
143	142
143	142
143	142
143	142
143	142
143	142
143	142
140	142
140	142
140	142
140	142
140	142
140	142
140	142
140	142
139	142
139	142
139	142
139	142
139	142
139	142
139	142
141	141
141	141
141	141
141	141
141	141
141	141
141	141
141	141
141	140
141	140
141	140
141	140
141	140
141	140
141	140
141	140
142	140
142	140
142	140
142	140
142	140
142	140
142	140
142	138
142	138
142	138
142	138
142	138
141	138
141	138
141	138
141	138
141	138
141	138
141	138
141	138
141	138
141	138
141	137
141	137
141	137
141	137
141	137
141	137
141	137
141	137
140	137
140	137
140	137
140	137
140	137
140	137
140	137
137	136
137	136
137	136
137	136
137	136
137	136
137	136
137	136
136	135
136	135
136	135
136	135
136	135
136	135
136	135
136	134
136	134
136	134
136	134
136	134
136	134
136	134
136	134
135	134
135	134
135	134
135	134
135	134
135	134
135	134
135	132
135	132
135	132
135	132
135	132
135	132
135	132
135	132
134	132
134	132
134	132
134	132
134	132
134	132
134	132
134	132
134	132
134	132
134	132
134	132
134	132
134	132
134	132
134	130
134	130
134	130
134	130
134	130
134	130
134	130
134	130
132	130
132	130
132	130
132	130
132	130
132	130
132	130
132	128
132	128
132	128
132	128
132	128
132	128
132	128
132	128
131	126
131	126
131	126
131	126
131	126
131	126
131	126
130	124
130	124
130	124
130	124
130	124
130	124
130	124
130	124
130	122
130	122
130	122
130	122
130	122
130	122
130	122
130	120
130	120
130	120
130	120
130	120
130	120
130	120
130	120
130	123
130	123
130	123
130	123
130	123
130	123
130	123
129	121
129	121
129	121
129	121
129	121
129	121
129	121
129	121
128	119
128	119
128	119
128	119
129	119
129	119
129	119
129	119
129	117
129	117
129	117
129	117
129	117
129	117
129	117
129	120
129	120
129	120
129	120
129	120
129	120
129	120
129	120
128	118
128	118
128	118
128	118
128	118
128	118
128	118
129	116
129	116
129	116
129	116
129	116
129	116
129	116
129	116
129	121
129	121
129	121
129	121
129	121
129	121
129	121
130	121
130	121
130	121
130	121
130	121
130	121
130	121
130	121
131	121
131	121
131	121
131	121
131	121
131	121
131	121
131	124
131	124
131	124
131	124
131	124
131	124
131	124
131	124
130	127
130	127
130	127
130	127
130	127
130	127
130	127
130	125
130	125
130	125
130	125
130	125
130	125
130	125
130	125
130	128
130	128
130	128
130	128
130	128
130	128
130	128
130	128
130	128
130	128
130	128
130	128
130	128
130	128
130	128
130	128
130	128
130	128
130	128
130	128
130	128
130	128
130	128
130	127
130	127
130	127
130	127
130	127
130	127
130	127
129	125
129	125
129	125
129	125
129	125
129	125
129	125
129	125
129	128
129	128
129	128
129	128
129	128
129	128
129	128
129	128
129	128
129	128
129	128
129	128
129	128
129	128
129	128
129	128
129	128
129	128
129	128
129	128
129	128
129	128
130	128
130	128
130	128
130	128
130	128
130	128
130	128
130	128
130	129
130	129
130	129
130	129
130	129
130	129
130	129
130	129
130	128
130	128
130	128
130	128
130	128
130	128
130	128
129	127
129	127
129	127
129	127
129	127
129	127
129	127
129	127
128	126
128	126
128	126
128	126
128	126
128	126
128	126
128	124
128	124
128	124
128	124
128	124
128	124
128	124
128	124
128	122
128	122
128	122
128	122
128	122
128	122
128	122
128	120
128	120
128	120
128	120
128	120
128	120
128	120
128	120
127	124
127	124
127	124
127	124
127	124
127	124
127	124
127	124
127	124
127	124
127	124
127	124
127	124
127	124
127	124
126	124
126	124
126	124
126	124
126	124
126	124
126	124
126	127
126	127
126	127
126	127
125	127
125	127
125	127
125	127
125	124
125	124
125	124
125	124
125	124
125	124
125	124
125	124
125	124
125	124
125	124
125	124
125	124
125	124
125	124
125	124
125	124
125	124
125	124
125	124
125	124
125	124
125	124
125	124
125	124
125	124
125	124
125	124
125	124
125	124
125	123
125	123
125	123
125	123
125	123
125	123
125	123
125	123
124	121
124	121
124	121
124	121
124	121
124	121
124	121
124	119
124	119
124	119
124	119
124	119
124	119
124	119
124	119
124	122
124	122
124	122
124	122
124	122
124	122
124	122
124	121
124	121
124	121
124	121
124	121
124	121
124	121
124	121
123	122
123	122
123	122
123	122
123	122
123	122
123	122
123	121
123	121
123	121
123	121
123	121
123	121
123	121
123	121
123	122
123	122
123	122
123	122
123	122
123	122
123	122
123	122
123	122
123	122
123	122
123	122
123	122
123	122
123	122
123	122
123	122
123	122
123	122
123	122
123	122
123	122
123	122
123	122
123	122
123	122
123	122
123	122
123	122
123	122
123	122
123	122
123	122
123	122
123	122
123	122
123	122
123	122
123	122
123	122
123	122
123	122
123	122
123	122
123	122
123	122
123	122
123	122
123	122
123	122
123	122
123	122
123	122
122	122
122	122
122	122
122	122
122	122
122	122
122	122
122	122
122	122
122	122
122	122
122	122
123	122
123	122
123	122
123	122
123	122
123	122
123	122
123	122
123	122
123	122
124	123
124	123
124	123
124	123
124	123
124	123
124	123
124	123
124	123
124	123
124	123
124	123
124	123
124	123
124	123
124	123
124	123
124	123
124	123
124	123
124	123
124	123
124	123
124	123
124	123
124	123
124	123
124	123
124	123
124	123
124	123
124	123
124	123
124	123
124	123
124	123
124	123
124	123
124	123
124	123
124	123
124	123
124	123
124	123
124	123
124	123
124	124
124	124
124	124
124	124
124	124
124	124
124	124
125	124
125	124
125	124
125	124
125	124
125	124
125	124
125	124
125	123
125	123
125	123
125	123
125	123
125	123
125	123
125	124
125	124
125	124
125	124
125	124
125	124
125	124
125	124
125	123
125	123
125	123
125	123
125	123
125	123
125	123
124	123
124	123
124	123
124	123
124	123
124	123
124	123
124	123
124	124
124	124
124	124
124	124
124	124
124	124
124	124
124	124
124	123
124	123
124	123
124	123
124	123
124	123
124	123
124	123
124	123
124	123
124	123
124	123
124	123
124	123
124	123
124	123
124	123
124	123
124	123
124	123
124	123
124	123
124	122
124	122
124	122
124	122
124	122
124	122
124	122
124	122
123	122
123	122
123	122
123	122
123	122
123	122
123	122
123	122
123	122
123	122
123	122
123	122
123	122
123	122
123	122
123	121
123	121
123	121
123	121
123	121
123	121
123	121
122	122
122	122
122	122
122	122
122	122
122	122
122	122
122	122
123	123
123	123
123	123
123	123
123	123
123	123
123	123
123	123
123	123
123	123
123	123
123	123
123	123
123	123
123	123
125	124
125	124
125	124
125	124
125	124
125	124
125	124
125	124
125	125
125	125
125	125
125	125
125	125
125	125
125	125
126	125
126	125
126	125
126	125
126	125
126	125
126	125
126	125
126	125
126	125
126	125
126	125
126	125
126	125
126	125
125	124
125	124
125	124
125	124
125	124
125	124
125	124
125	124
125	123
125	123
125	123
125	123
125	123
125	123
125	123
125	122
125	122
125	122
125	122
125	122
125	122
125	122
125	122
124	125
124	125
124	125
124	125
124	125
124	125
124	125
123	121
123	121
123	121
123	121
123	121
123	121
123	121
123	121
123	119
123	119
123	119
123	119
123	119
123	119
123	119
122	121
122	121
122	121
122	121
122	121
122	121
122	121
122	121
122	122
122	122
122	122
122	122
122	122
122	122
122	122
122	122
122	123
122	123
122	123
122	123
122	123
122	123
122	123
122	122
122	122
122	122
122	122
122	122
122	122
122	122
122	122
122	122
122	122
122	122
122	122
122	122
122	122
122	122
122	121
122	121
122	121
122	121
122	121
122	121
122	121
122	121
122	121
122	121
122	121
122	121
122	121
122	121
122	121
122	121
122	121
122	121
122	121
122	121
122	121
122	121
122	121
121	120
121	120
121	120
121	120
121	120
121	120
121	120
121	120
121	120
121	120
121	120
121	120
121	120
121	120
121	120
120	121
120	121
120	121
120	121
120	121
120	121
120	121
119	120
119	120
119	120
119	120
119	120
119	120
119	120
119	120
118	119
118	119
118	119
118	119
118	119
118	119
118	119
118	119
118	118
118	118
118	118
118	118
118	118
118	118
118	118
118	118
118	118
118	118
118	118
118	118
118	118
118	118
118	118
118	118
118	118
118	118
118	118
118	118
118	118
118	118
118	117
118	117
118	117
118	117
118	117
118	117
118	117
118	117
118	118
118	118
118	118
118	118
118	118
118	118
118	118
118	118
118	118
118	118
118	118
118	118
118	118
118	118
118	118
119	121
119	121
119	121
119	121
119	121
119	121
119	121
119	124
119	124
119	124
119	124
119	124
119	124
119	124
119	124
120	122
120	122
120	122
120	122
120	122
120	122
120	122
119	127
119	127
119	127
119	127
119	127
119	127
119	127
119	127
119	125
119	125
119	125
119	125
119	125
119	125
119	125
119	125
118	125
118	125
118	125
118	125
118	125
118	125
118	125
117	128
117	128
116	128
116	128
116	128
116	128
116	128
116	128
116	131
116	131
116	131
116	131
116	131
116	131
116	131
116	134
116	134
116	134
116	134
116	134
116	134
116	134
116	134
116	132
116	132
116	132
116	132
116	132
116	132
116	132
116	130
116	130
116	130
116	130
116	130
116	130
116	130
116	130
117	128
117	128
117	128
117	128
117	128
117	128
117	128
117	130
117	130
117	130
117	130
117	130
117	130
117	130
117	130
117	133
117	133
117	133
117	133
117	133
117	133
117	133
117	136
117	136
117	136
117	136
117	136
117	136
117	136
117	136
117	138
117	138
117	138
117	138
117	138
117	138
117	138
117	138
117	141
117	141
117	141
116	141
116	141
116	141
116	141
116	139
116	139
116	139
116	139
116	139
116	139
116	139
116	139
114	137
114	137
114	137
114	137
114	137
114	137
114	137
115	135
115	135
115	135
115	135
115	135
115	135
115	135
115	135
115	133
115	133
115	133
115	133
115	133
115	133
115	133
115	131
115	131
115	131
115	131
115	131
115	131
115	131
115	131
114	129
114	129
114	129
114	129
114	129
114	129
114	129
114	127
114	127
114	127
114	127
114	127
114	127
114	127
114	127
114	125
114	125
114	125
114	125
114	125
114	125
114	125
114	123
114	123
114	123
114	123
114	123
114	123
114	123
114	123
114	121
114	121
114	121
114	121
114	121
114	121
114	121
114	121
114	119
114	119
114	119
114	119
114	119
114	119
114	119
113	117
113	117
113	117
113	117
113	117
113	117
113	117
113	117
112	115
112	115
112	115
112	115
112	115
112	115
112	115
112	113
112	113
112	113
112	113
112	113
112	113
112	113
112	113
114	113
114	113
114	113
114	113
114	113
114	113
114	113
115	115
115	115
115	115
115	115
115	115
115	115
115	115
115	115
116	114
116	114
116	114
116	114
116	114
116	114
116	114
116	115
116	115
116	115
116	115
116	115
116	115
116	115
116	115
115	115
115	115
115	115
115	115
115	115
115	115
115	115
115	116
115	116
115	116
115	116
116	116
116	116
116	116
116	116
116	117
116	117
116	117
116	117
116	117
116	117
116	117
116	117
118	118
118	118
118	118
118	118
118	118
118	118
118	118
119	116
119	116
119	116
119	116
119	116
119	116
119	116
119	116
119	119
119	119
119	119
119	119
119	119
119	119
119	119
122	123
122	123
122	123
122	123
122	123
122	123
122	123
122	123
123	123
123	123
123	123
123	123
123	123
123	123
123	123
123	124
123	124
123	124
123	124
123	124
123	124
123	124
123	124
123	124
123	124
123	124
123	124
123	124
123	124
123	124
124	123
124	123
124	123
124	123
124	123
124	123
124	123
124	123
124	123
124	123
124	123
124	123
124	123
124	123
124	123
124	123
124	123
124	123
124	123
124	123
124	123
124	123
124	123
124	123
124	123
124	123
124	123
124	123
124	123
124	123
124	123
123	123
123	123
123	123
123	123
123	123
123	123
123	123
123	123
123	123
123	123
123	123
123	123
123	123
123	123
123	123
125	124
125	124
125	124
125	124
125	124
125	124
125	124
126	126
126	126
126	126
126	126
126	126
126	126
126	126
126	126
126	127
126	127
126	127
126	127
126	127
126	127
126	127
126	128
126	128
126	128
126	128
126	128
126	128
126	128
126	128
128	129
128	129
128	129
128	129
128	129
128	129
128	129
128	130
128	130
128	130
128	130
129	130
129	130
129	130
129	130
129	131
129	131
129	131
129	131
129	131
129	131
129	131
130	132
130	132
130	132
130	132
130	132
130	132
130	132
130	132
131	132
131	132
131	132
131	132
131	132
131	132
131	132
131	132
132	133
132	133
132	133
132	133
132	133
132	133
132	133
133	134
133	134
133	134
133	134
133	134
133	134
133	134
133	134
134	135
134	135
134	135
134	135
134	135
134	135
134	135
134	136
134	136
134	136
134	136
134	136
134	136
134	136
134	136
134	137
134	137
134	137
134	137
134	137
134	137
134	137
137	138
137	138
137	138
137	138
137	138
137	138
137	138
137	138
137	139
137	139
137	139
138	139
138	139
138	139
138	139
138	139
138	139
138	139
138	139
138	139
138	139
138	139
138	139
139	140
139	140
139	140
139	140
139	140
139	140
139	140
140	142
140	142
140	142
140	142
140	142
140	142
140	142
140	142
141	142
141	142
141	142
141	142
141	142
141	142
141	142
141	142
142	143
142	143
142	143
142	143
142	143
142	143
142	143
143	144
143	144
143	144
143	144
143	144
143	144
143	144
143	144
143	145
143	145
143	145
143	145
143	145
143	145
143	145
143	146
143	146
143	146
143	146
143	146
143	146
143	146
143	146
144	147
144	147
144	147
144	147
144	147
144	147
144	147
144	148
144	148
144	148
144	148
146	148
146	148
146	148
146	148
146	148
146	148
146	148
146	148
146	148
146	148
146	148
148	149
148	149
148	149
148	149
148	149
148	149
148	149
148	149
149	150
149	150
149	150
149	150
149	150
149	150
149	150
150	151
150	151
150	151
150	151
150	151
150	151
150	151
150	151
151	152
151	152
151	152
151	152
151	152
151	152
151	152
151	152
152	153
152	153
152	153
152	153
152	153
152	153
152	153
153	154
153	154
153	154
153	154
153	154
153	154
153	154
153	154
153	154
153	154
153	154
153	154
153	154
153	154
153	154
153	154
153	154
153	154
153	154
153	154
153	154
153	154
153	154
153	155
153	155
154	155
154	155
154	155
154	155
154	155
154	155
154	155
154	155
154	155
154	155
154	155
154	155
154	155
155	155
155	155
155	155
155	155
155	155
155	155
155	155
156	155
156	155
156	155
156	155
156	155
156	155
156	155
156	155
158	156
158	156
158	156
158	156
158	156
158	156
158	156
158	156
158	156
158	156
158	156
158	156
158	156
158	156
158	156
158	157
158	157
158	157
158	157
158	157
158	157
158	157
158	157
158	157
158	157
158	157
158	157
158	157
158	157
158	157
158	157
158	157
158	157
158	157
158	157
158	157
158	157
158	157
158	157
158	157
158	157
158	157
158	157
158	157
158	157
158	157
158	157
158	157
158	157
159	157
159	157
159	157
159	157
159	158
159	158
159	158
159	158
159	158
159	158
159	158
159	158
159	158
159	158
159	158
159	158
159	158
159	158
159	158
160	158
160	158
160	158
160	158
160	158
160	158
160	158
160	159
160	159
160	159
160	159
160	159
160	159
160	159
160	159
160	159
160	159
160	159
160	159
160	159
160	159
160	159
160	159
159	159
159	159
159	159
159	159
159	159
159	159
159	159
159	159
159	159
159	159
159	159
159	159
159	159
159	159
159	159
159	157
159	157
159	157
159	157
159	157
159	157
159	157
159	155
159	155
159	155
159	155
159	155
159	155
159	155
159	155
159	153
159	153
159	153
159	153
158	153
158	153
158	153
158	151
158	151
158	151
158	151
158	151
158	151
158	151
158	151
160	154
160	154
160	154
160	154
160	154
160	154
160	154
160	157
160	157
160	157
160	157
160	157
160	157
160	157
160	157
160	160
160	160
160	160
160	160
160	160
160	160
160	160
162	163
162	163
162	163
162	163
162	163
162	163
162	163
162	163
163	164
163	164
163	164
163	164
163	164
163	164
163	164
163	164
164	165
164	165
164	165
164	165
164	165
164	165
164	165
164	166
164	166
164	166
164	166
164	166
164	166
164	166
164	166
166	168
166	168
166	168
166	168
166	168
166	168
166	168
167	169
167	169
167	169
167	169
168	169
168	169
168	169
168	169
168	171
168	171
168	171
168	171
168	171
168	171
168	171
168	172
168	172
168	172
168	172
168	172
168	172
168	172
168	172
169	173
169	173
169	173
169	173
169	173
169	173
169	173
169	175
169	175
169	175
169	175
169	175
169	175
169	175
169	175
170	176
170	176
170	176
170	176
170	176
170	176
170	176
170	176
170	174
170	174
170	174
170	174
170	174
170	174
170	174
171	172
171	172
171	172
171	172
171	172
171	172
171	172
171	172
171	170
171	170
171	170
171	170
171	170
171	170
171	170
173	173
173	173
173	173
173	173
173	173
173	173
173	173
173	173
173	176
173	176
173	176
173	176
173	176
173	176
173	176
173	179
173	179
173	179
173	179
173	179
173	179
173	179
173	179
181	181
181	181
181	181
181	181
181	181
181	181
181	181
183	182
183	182
183	182
183	182
183	182
183	182
183	182
183	182
183	182
183	182
183	182
183	182
183	182
183	182
183	182
183	183
183	183
183	183
183	183
183	183
183	183
183	183
183	183
183	183
183	183
183	183
183	183
183	183
183	183
183	183
183	183
183	182
183	182
183	182
183	182
183	182
183	182
183	182
183	183
183	183
183	183
183	183
183	183
183	183
183	183
183	183
184	183
184	183
184	183
184	183
184	183
184	183
184	183
184	181
184	181
184	181
184	181
184	181
184	181
184	181
184	181
184	183
184	183
184	183
184	183
184	183
184	183
184	183
184	183
184	183
184	183
184	183
184	183
184	183
184	183
184	183
183	182
183	182
183	182
183	182
183	182
183	182
183	182
184	183
184	183
184	183
184	183
184	183
184	183
184	183
184	183
184	181
184	181
184	181
184	181
184	181
184	181
184	181
184	181
183	179
183	179
183	179
183	179
183	179
183	179
183	179
183	177
183	177
183	177
183	177
183	177
183	177
183	177
183	177
183	181
183	181
183	181
183	181
183	181
183	181
183	181
183	179
183	179
183	179
183	179
183	179
183	179
183	179
183	179
184	177
184	177
184	177
184	177
183	177
183	177
183	177
183	175
183	175
183	175
183	175
183	175
183	175
183	175
183	175
183	174
183	174
183	174
183	174
183	174
183	174
183	174
184	174
184	174
184	174
184	174
184	174
184	174
184	174
184	174
183	177
183	177
183	177
183	177
183	177
183	177
183	177
183	177
181	178
181	178
181	178
181	178
181	178
181	178
181	178
180	177
180	177
180	177
180	177
180	177
180	177
180	177
180	177
179	176
179	176
179	176
179	176
179	176
179	176
179	176
179	175
179	175
179	175
179	175
179	175
179	175
179	175
179	175
177	173
177	173
177	173
177	173
177	173
177	173
177	173
176	171
176	171
176	171
176	171
176	171
175	171
175	171
175	171
175	169
175	169
175	169
175	169
175	169
175	169
175	169
172	169
172	169
172	169
172	169
172	169
172	169
172	169
172	169
171	167
171	167
171	167
171	167
171	167
171	167
171	167
171	167
170	165
170	165
170	165
170	165
170	165
170	165
170	165
169	165
169	165
169	165
169	165
169	165
169	165
169	165
169	165
169	165
169	165
169	165
169	165
169	165
169	165
169	165
169	165
169	165
169	165
169	165
169	165
169	165
169	165
169	165
169	166
169	166
169	166
169	166
169	166
169	166
169	166
169	167
169	167
169	167
169	167
169	167
169	167
169	167
169	167
169	166
169	166
169	166
169	166
169	166
169	166
169	166
169	166
169	166
169	166
169	166
169	166
169	166
169	166
169	166
169	164
169	164
169	164
169	164
169	164
169	164
169	164
169	164
169	164
169	164
169	164
169	164
169	164
169	164
169	164
168	163
168	163
168	163
168	163
168	163
168	163
168	163
168	163
165	163
165	163
165	163
165	163
165	163
165	163
165	163
165	163
165	163
165	163
165	163
165	163
165	163
165	163
165	163
165	162
165	162
165	162
165	162
165	162
165	162
165	162
165	162
165	162
165	162
165	162
165	162
165	162
165	162
165	162
163	161
163	161
163	161
163	161
163	161
163	161
163	161
162	159
162	159
162	159
162	159
162	159
162	159
162	159
162	159
162	159
162	159
162	159
162	159
162	159
162	159
162	159
161	159
161	159
161	159
161	159
161	159
161	159
161	159
161	159
161	159
161	159
161	159
161	159
161	159
161	159
161	159
161	159
160	159
160	159
160	159
160	159
160	159
160	159
160	159
161	159
161	159
161	159
161	159
161	159
161	159
161	159
161	159
161	159
161	159
161	159
161	159
161	159
161	159
161	159
162	159
162	159
162	159
162	159
162	159
162	159
162	159
162	159
162	158
162	158
162	158
162	158
162	158
162	158
162	158
162	158
162	158
162	158
162	158
162	158
162	158
162	158
162	158
163	157
163	157
163	157
163	157
163	157
163	157
163	157
163	157
163	157
163	157
163	157
163	157
163	157
163	157
163	157
163	156
163	156
163	156
163	156
163	156
163	156
163	156
163	156
163	155
163	155
163	155
163	155
163	155
163	155
163	155
163	154
163	154
163	154
163	154
163	154
163	154
163	154
163	154
161	153
161	153
161	153
161	153
161	153
161	153
161	153
161	152
161	152
161	152
161	152
161	152
161	152
161	152
161	152
160	151
160	151
160	151
160	151
160	151
160	151
160	151
160	151
160	151
160	151
160	151
160	151
160	151
160	151
160	151
157	150
157	150
157	150
157	150
157	150
157	150
157	150
157	150
157	150
157	150
157	150
157	150
157	150
157	150
157	150
157	149
157	149
157	149
157	149
157	149
157	149
157	149
157	149
156	148
156	148
156	148
156	148
156	148
156	148
156	148
151	148
151	148
151	148
151	148
151	148
151	148
151	148
151	148
150	147
150	147
150	147
150	147
150	147
150	147
150	147
150	146
150	146
150	146
150	146
150	146
150	146
150	146
150	146
150	149
150	149
150	149
150	149
150	149
150	149
150	149
150	152
150	152
150	152
150	152
150	152
150	152
150	152
150	152
150	151
150	151
150	151
150	151
150	151
150	151
150	151
149	150
149	150
149	150
149	150
149	150
149	150
149	150
149	150
146	148
146	148
146	148
146	148
144	148
144	148
144	148
144	148
144	146
144	146
144	146
144	146
144	146
144	146
144	146
143	144
143	144
143	144
143	144
143	144
143	144
143	144
143	144
143	140
143	140
143	140
143	140
143	140
143	140
143	140
143	140
143	140
143	140
143	140
143	140
143	140
143	140
143	140
141	143
141	143
141	143
141	143
141	143
141	143
141	143
141	141
141	141
141	141
141	141
141	141
141	141
141	141
141	141
141	138
141	138
141	138
141	138
141	138
141	138
141	138
141	137
141	137
141	137
141	137
141	137
141	137
141	137
141	137
139	137
139	137
139	137
139	137
139	137
139	137
139	137
139	137
138	136
138	136
138	136
138	136
138	136
138	136
138	136
138	136
138	136
138	136
138	136
138	136
138	136
138	136
138	136
137	135
137	135
137	135
137	135
137	135
137	135
137	135
137	135
137	135
137	135
137	135
137	135
137	135
137	135
137	135
136	135
136	135
136	135
136	135
136	135
136	135
136	135
136	133
136	133
136	133
136	133
136	133
136	133
136	133
136	133
136	134
136	134
136	134
136	134
136	134
136	134
136	134
136	133
136	133
136	133
136	133
136	133
136	133
136	133
136	133
136	133
136	133
136	133
136	133
136	133
136	133
136	133
136	133
136	133
136	133
136	133
136	133
136	133
136	133
136	133
136	133
136	133
136	133
136	133
136	133
136	133
136	133
136	133
136	134
136	134
136	134
136	134
136	134
136	134
136	134
137	135
137	135
137	135
137	135
137	135
137	135
137	135
137	135
137	135
137	135
137	135
137	135
137	135
137	135
137	135
136	135
136	135
136	135
136	135
136	135
136	135
136	135
136	135
137	135
137	135
137	135
137	135
137	135
137	135
137	135
137	136
137	136
137	136
137	136
137	136
137	136
137	136
137	136
137	136
137	136
137	136
137	136
137	136
137	136
137	136
137	135
137	135
137	135
137	135
137	135
137	135
137	135
137	135
137	135
137	135
137	135
137	135
137	135
137	135
137	135
137	135
136	133
136	133
136	133
136	133
136	133
136	133
136	133
136	134
136	134
136	134
136	134
136	134
136	134
136	134
136	134
135	133
135	133
135	133
135	133
135	133
135	133
135	133
135	133
135	133
135	133
135	133
135	133
135	133
135	133
135	133
135	133
135	133
135	133
135	133
135	133
135	133
135	133
135	134
135	134
135	134
135	134
135	134
135	134
135	134
135	134
135	134
135	134
135	134
135	134
135	134
135	134
135	134
135	134
135	134
135	134
135	134
135	134
135	134
135	134
135	134
135	133
135	133
135	133
135	133
135	133
135	133
135	133
135	133
135	133
135	133
135	133
135	133
135	133
135	133
135	133
135	132
135	132
135	132
135	132
135	132
135	132
135	132
135	132
135	131
135	131
135	131
135	131
135	131
135	131
135	131
135	130
135	130
135	130
135	130
135	130
135	130
135	130
135	130
135	130
135	130
135	130
135	130
135	130
135	130
135	130
132	130
132	130
132	130
132	130
132	130
132	130
132	130
132	130
132	133
132	133
132	133
132	133
132	133
132	133
132	133
132	136
132	136
132	136
132	136
132	136
132	136
132	136
132	136
131	134
131	134
131	134
131	134
131	134
131	134
131	134
131	134
131	138
131	138
131	138
131	138
131	138
131	138
131	138
131	136
131	136
131	136
131	136
131	136
131	136
131	136
131	136
130	134
130	134
130	134
130	134
130	134
130	134
130	134
130	132
130	132
130	132
130	132
130	132
130	132
130	132
130	132
129	130
129	130
129	130
129	130
129	130
129	130
129	130
129	128
129	128
129	128
129	128
129	128
129	128
129	128
129	128
129	128
129	128
129	128
129	128
129	128
129	128
129	128
129	128
129	128
129	128
129	128
129	128
129	128
129	128
129	128
129	128
129	128
129	128
129	128
129	128
129	128
129	128
129	128
128	128
128	128
128	128
128	128
128	128
128	128
128	128
128	128
128	128
128	128
128	128
128	128
128	128
128	128
128	128
128	128
128	128
128	128
128	128
128	128
128	128
128	128
127	128
127	128
127	128
127	128
128	128
128	128
128	128
128	128
128	128
128	128
128	128
128	128
128	128
128	128
128	128
127	128
127	128
127	128
127	128
127	128
127	128
127	128
127	128
128	127
128	127
128	127
128	127
128	127
128	127
128	127
128	127
128	127
128	127
128	127
128	127
128	127
128	127
128	127
128	127
128	127
128	127
128	127
128	127
128	127
128	127
128	127
128	127
128	127
128	127
128	127
128	127
128	127
128	127
128	127
128	127
128	127
128	127
128	127
128	127
128	127
128	127
128	127
128	127
128	127
128	127
128	127
128	127
128	127
128	127
128	127
128	127
128	127
128	127
128	127
128	127
128	127
128	127
128	127
128	127
128	127
128	127
128	127
128	127
128	127
128	127
128	127
128	127
128	127
128	127
128	127
128	127
129	127
129	127
129	127
129	127
129	127
129	127
129	127
129	127
129	127
129	127
129	127
129	127
129	127
129	127
129	127
128	127
128	127
128	127
128	127
128	127
128	127
128	127
128	127
129	127
129	127
129	127
129	127
129	127
129	127
129	127
129	127
129	127
129	127
129	127
129	127
129	127
129	127
129	127
128	127
128	127
128	127
128	127
128	127
128	127
128	127
128	126
128	126
128	126
128	126
128	126
128	126
128	126
128	126
128	126
128	126
128	126
128	126
128	126
128	126
128	126
128	126
128	126
128	126
128	126
128	126
128	126
128	126
128	126
128	126
128	126
128	126
128	126
128	126
128	126
128	126
126	125
126	125
126	125
126	125
126	125
126	125
126	125
126	125
126	125
126	125
126	125
126	125
126	125
126	125
126	125
126	125
125	125
125	125
125	125
125	125
125	125
125	125
125	125
126	125
126	125
126	125
126	125
126	125
126	125
126	125
126	125
126	124
126	124
126	124
126	124
126	124
126	124
126	124
126	124
126	124
126	124
126	124
126	124
126	124
126	124
126	124
126	125
126	125
126	125
126	125
126	125
126	125
126	125
126	125
126	125
126	125
126	125
126	125
126	125
126	125
126	125
126	125
126	125
126	125
126	125
127	125
127	125
127	125
127	125
127	125
127	125
127	125
127	125
127	125
127	125
127	125
128	126
128	126
128	126
128	126
128	126
128	126
128	126
128	126
129	126
129	126
129	126
129	126
129	126
129	126
129	126
128	126
128	126
128	126
128	126
128	126
128	126
128	126
128	126
127	125
127	125
127	125
127	125
127	125
127	125
127	125
127	125
127	125
127	125
127	125
127	125
127	125
127	125
127	125
126	124
126	124
126	124
126	124
126	124
126	124
126	124
126	124
126	124
126	124
126	124
126	124
126	124
126	124
126	124
125	124
125	124
125	124
125	124
125	124
125	124
125	124
125	123
125	123
125	123
125	123
124	123
124	123
124	123
124	123
124	123
124	123
124	123
124	123
124	123
124	123
124	123
124	123
123	123
123	123
123	123
123	123
123	123
123	123
123	123
122	123
122	123
122	123
122	123
122	123
122	123
122	123
122	123
122	123
122	123
122	123
122	123
122	123
122	123
122	123
123	124
123	124
123	124
123	124
123	124
123	124
123	124
123	124
123	124
123	124
123	124
123	124
123	124
123	124
123	124
123	123
123	123
123	123
123	123
123	123
123	123
123	123
123	123
123	123
123	123
123	123
123	123
123	123
123	123
123	123
123	123
123	123
123	123
123	123
123	123
123	123
123	123
123	123
123	122
123	122
123	122
123	122
123	122
123	122
123	122
123	122
123	122
123	122
123	122
123	122
123	122
123	122
123	122
123	122
123	122
123	122
123	122
123	122
123	122
123	122
123	122
123	122
123	122
123	122
123	122
123	122
123	122
123	122
123	122
123	122
123	122
123	122
123	122
123	122
123	122
123	122
123	122
123	122
123	122
123	122
123	122
123	122
123	122
123	122
123	122
123	122
123	122
123	122
123	122
123	122
123	122
122	121
122	121
122	121
122	121
122	121
122	121
122	121
122	121
122	121
122	121
122	121
122	121
122	121
122	121
122	121
122	120
122	120
122	120
122	120
122	120
122	120
122	120
122	120
121	120
121	120
121	120
121	120
121	120
121	120
121	120
121	119
121	119
121	119
121	119
121	119
121	119
121	119
121	119
120	118
120	118
120	118
120	118
120	118
120	118
120	118
120	118
120	118
120	118
120	118
120	118
120	118
120	118
120	118
121	119
121	119
121	119
121	119
121	119
121	119
121	119
120	119
120	119
120	119
120	119
120	119
120	119
120	119
120	119
121	120
121	120
121	120
121	120
121	120
121	120
121	120
121	121
121	121
121	121
121	121
121	121
121	121
121	121
121	121
121	121
121	121
121	121
121	121
121	121
121	121
121	121
121	121
121	121
121	121
121	121
121	121
121	121
121	121
121	121
121	120
121	120
121	120
121	120
121	120
121	120
121	120
121	120
121	120
121	120
121	120
121	120
121	120
121	120
121	120
120	119
120	119
120	119
120	119
120	119
120	119
120	119
120	119
120	118
120	118
120	118
120	118
120	118
120	118
120	118
120	117
120	117
120	117
120	117
120	117
120	117
120	117
120	117
119	117
119	117
119	117
119	117
119	117
119	117
119	117
119	117
118	116
118	116
118	116
118	116
118	116
118	116
118	116
117	116
117	116
117	116
117	116
117	116
117	116
117	116
117	116
117	116
117	116
117	116
117	116
117	116
117	116
117	116
117	116
117	116
117	116
117	116
117	116
117	116
117	116
117	116
117	116
117	116
117	116
117	116
117	116
117	116
117	116
117	115
117	115
117	115
117	115
117	115
117	115
117	115
117	115
117	115
117	115
117	115
117	115
117	115
117	115
117	115
117	115
117	115
117	115
117	115
117	115
117	115
117	115
117	115
116	115
116	115
116	115
116	115
116	115
116	115
116	115
116	115
116	116
116	116
116	116
116	116
116	116
116	116
116	116
116	115
116	115
116	115
116	115
116	115
116	115
116	115
116	115
116	115
116	115
116	115
116	115
116	115
116	115
116	115
116	116
116	116
116	116
116	116
116	116
116	116
116	116
116	116
118	116
118	116
118	116
118	116
118	116
118	116
118	116
119	116
119	116
119	116
119	116
119	116
119	116
119	116
119	116
119	116
119	116
119	116
119	116
119	116
119	116
119	116
118	116
118	116
118	116
118	116
118	116
118	116
118	116
118	116
118	116
118	116
118	116
118	116
118	116
118	116
118	116
118	116
117	116
117	116
117	116
117	116
117	116
117	116
117	116
117	115
117	115
117	115
117	115
117	115
117	115
117	115
117	115
117	115
117	115
117	115
117	115
117	115
117	115
117	115
117	115
117	115
117	115
117	115
117	115
117	115
117	115
117	115
117	115
117	115
117	115
117	115
117	115
117	115
117	115
116	114
116	114
116	114
116	114
116	114
116	114
116	114
116	114
116	114
116	114
116	114
116	114
115	114
115	114
115	114
115	114
115	114
115	114
115	114
115	114
115	114
115	114
115	114
114	114
114	114
114	114
114	114
114	114
114	114
114	114
114	114
114	115
114	115
114	115
114	115
114	115
114	115
114	115
114	118
114	118
114	118
114	118
114	118
114	118
114	118
114	118
115	115
115	115
115	115
115	115
115	115
115	115
115	115
115	115
115	115
115	115
115	115
115	115
115	115
115	115
115	115
115	115
115	115
115	115
115	115
115	115
115	115
115	115
115	115
115	115
115	115
115	115
115	115
115	115
115	115
115	115
116	116
116	116
116	116
116	116
116	116
116	116
116	116
116	116
117	116
117	116
117	116
117	116
117	116
117	116
117	116
117	117
117	117
117	117
117	117
117	117
117	117
117	117
117	117
118	118
118	118
118	118
118	118
118	118
118	118
118	118
119	118
119	118
119	118
119	118
119	118
119	118
119	118
119	118
119	118
119	118
119	118
119	118
119	118
119	118
119	118
119	118
119	118
119	118
119	118
119	118
119	118
119	118
119	118
119	117
119	117
119	117
119	117
119	117
119	117
119	117
118	116
118	116
118	116
118	116
118	116
118	116
118	116
118	116
118	116
118	116
118	116
118	116
118	116
118	116
118	116
118	116
117	115
117	115
117	115
117	115
117	115
117	115
117	115
116	115
116	115
116	115
116	115
116	115
116	115
116	115
116	115
116	115
116	115
116	115
116	115
116	115
116	115
116	115
115	114
115	114
115	114
115	114
115	114
115	114
115	114
115	114
115	114
115	114
115	114
115	114
115	114
115	114
115	114
115	114
115	114
115	114
115	114
115	114
115	114
115	114
115	114
0	114
0	114
0	114
0	114
0	114
0	114
0	114
0	114
0	114
0	114
0	114
0	114
0	114
0	114
0	114
0	114
0	114
0	114
0	114
0	114
0	114
0	114
0	114
0	114
0	114
0	114
0	114
0	114
0	114
0	114
0	114
