110	0
110	0
110	0
110	0
110	0
110	0
109	0
109	0
109	0
109	0
109	0
109	0
109	0
108	0
108	0
108	0
108	0
108	0
108	0
108	0
108	0
108	0
108	0
108	0
108	0
108	0
109	0
109	0
109	0
109	0
109	0
109	0
110	0
111	0
111	0
111	0
111	0
111	0
111	0
111	0
111	0
112	0
112	0
112	0
112	0
112	0
112	0
112	0
113	79
113	79
113	79
113	79
113	79
113	79
113	79
113	77
113	77
113	77
113	77
113	77
113	77
113	77
113	77
112	83
112	83
112	83
112	83
112	83
112	83
112	83
112	80
112	80
112	80
112	80
112	80
112	80
112	80
112	79
112	79
112	79
112	79
112	79
112	79
112	79
112	79
113	79
113	79
113	79
113	79
113	79
113	79
113	79
113	80
113	80
113	80
113	80
113	80
113	80
113	80
113	82
113	82
113	82
113	82
113	82
113	82
113	82
113	82
113	80
113	80
113	80
113	80
113	80
113	80
113	80
114	78
114	78
114	78
114	78
114	78
114	78
114	78
114	82
114	82
114	82
114	82
114	82
114	82
114	82
114	82
111	80
111	80
111	80
111	80
111	80
111	80
111	80
110	78
110	78
110	78
110	78
110	78
110	78
110	78
107	75
107	75
107	75
107	75
107	75
107	75
107	75
107	75
107	73
107	73
107	73
107	73
107	73
107	73
107	73
105	77
104	77
104	77
104	77
104	77
104	77
104	77
103	77
103	77
103	77
103	77
103	77
103	77
103	77
103	77
104	76
104	76
104	76
104	76
104	76
104	76
104	76
106	77
106	77
106	77
106	77
106	77
106	77
106	77
108	77
108	77
108	77
108	77
108	77
108	77
108	77
108	77
111	75
111	75
111	75
111	75
111	75
111	75
111	75
111	73
111	73
111	73
111	73
111	73
111	73
111	73
111	73
109	71
109	71
109	71
109	71
109	71
109	71
109	71
107	69
107	69
107	69
107	69
107	69
107	69
107	69
103	65
103	65
103	65
103	65
103	65
103	65
103	65
103	65
101	69
101	69
101	69
101	69
101	69
101	69
101	69
102	68
102	68
102	68
102	68
102	68
102	68
102	68
104	68
104	68
104	68
104	68
104	68
104	68
104	68
104	68
107	66
107	66
107	66
107	66
107	66
107	66
107	66
110	66
110	66
110	66
110	66
110	66
110	66
110	66
111	66
108	66
108	66
108	66
108	66
108	66
108	66
108	66
100	65
100	65
100	65
100	65
100	65
100	65
100	65
96	68
96	68
96	68
96	68
96	68
96	68
96	68
94	71
94	71
94	71
94	71
94	71
94	71
94	71
94	71
92	74
92	74
92	74
92	74
92	74
92	74
92	74
92	77
94	77
94	77
94	77
94	77
94	77
94	77
97	80
97	80
97	80
97	80
97	80
97	80
97	80
97	80
99	83
99	83
99	83
99	83
99	83
99	83
99	83
100	87
100	87
100	87
100	87
100	87
100	87
100	87
100	90
100	90
100	90
100	90
100	90
101	90
101	90
101	90
102	93
102	93
102	93
102	93
102	93
102	93
102	93
103	96
103	96
103	96
103	96
103	96
103	96
103	96
104	99
104	99
104	99
104	99
104	99
104	99
104	99
104	99
105	102
105	102
105	102
105	102
105	102
105	102
105	102
106	105
106	105
106	105
106	105
106	105
106	105
107	105
108	109
108	109
108	109
108	109
108	109
108	109
108	109
108	109
106	107
106	107
106	107
106	107
106	107
106	107
106	107
104	105
104	105
104	105
104	105
104	105
104	105
104	105
101	103
101	103
101	103
101	103
101	103
101	103
101	103
101	103
100	101
100	101
100	101
100	101
101	101
101	101
101	101
102	99
102	99
102	99
102	99
102	99
102	99
102	99
104	97
104	97
104	97
104	97
104	97
104	97
104	97
104	97
104	95
104	95
104	95
104	95
104	95
104	95
104	95
105	93
105	93
105	93
105	93
105	93
105	93
105	93
105	93
108	91
108	91
108	91
108	91
111	91
111	91
111	91
115	95
115	95
115	95
115	95
115	95
115	95
115	95
117	93
117	93
117	93
117	93
117	93
117	93
117	93
117	93
116	98
116	98
116	98
116	98
116	98
116	98
116	98
114	94
114	94
114	94
114	94
114	94
114	94
114	94
112	98
112	98
112	98
112	98
111	98
111	98
111	98
111	98
109	96
109	96
109	96
109	96
109	96
109	96
109	96
109	98
109	98
109	98
109	98
109	98
109	98
109	98
111	96
111	96
111	96
111	96
111	96
111	96
111	96
111	96
112	96
112	96
112	96
112	96
112	96
112	96
112	96
114	99
114	99
114	99
114	99
114	99
114	99
114	99
113	102
113	102
113	102
113	102
113	102
113	102
113	102
113	102
111	105
111	105
111	105
111	105
111	105
111	105
111	105
111	107
111	107
111	107
111	107
111	107
111	107
111	107
110	105
110	105
110	105
110	105
110	105
110	105
110	105
110	105
110	104
110	104
109	104
109	104
109	104
109	104
109	104
108	105
108	105
108	105
108	105
108	105
108	105
108	105
108	106
108	106
108	106
108	106
108	106
108	106
108	106
108	106
108	104
108	104
108	104
108	104
108	104
108	104
108	104
108	102
108	102
108	102
108	102
108	102
108	102
108	102
110	105
110	105
112	105
112	105
112	105
112	105
112	105
112	105
114	108
114	108
114	108
114	108
114	108
114	108
114	108
115	107
115	107
115	107
115	107
115	107
115	107
115	107
113	105
113	105
113	105
113	105
113	105
113	105
113	105
113	105
112	103
112	103
112	103
112	103
112	103
112	103
112	103
109	101
109	101
106	101
106	101
106	101
106	101
106	101
105	99
105	99
105	99
105	99
105	99
105	99
105	99
105	99
105	102
105	102
105	102
105	102
105	102
105	102
105	102
105	106
105	106
105	106
105	106
105	106
105	106
105	106
105	106
106	106
106	106
106	106
106	106
106	106
106	106
106	106
107	107
107	107
110	107
110	107
110	107
110	107
110	107
113	107
113	107
113	107
113	107
113	107
113	107
113	107
113	107
115	106
115	106
115	106
115	106
115	106
115	106
115	106
115	105
115	105
115	105
115	105
115	105
115	105
115	105
113	104
113	104
113	104
113	104
113	104
113	104
113	104
113	104
101	104
99	104
99	104
99	104
99	104
99	104
99	104
95	103
95	103
95	103
95	103
95	103
95	103
95	103
93	101
93	101
93	101
93	101
93	101
93	101
93	101
93	101
93	102
93	102
93	102
93	102
93	102
93	102
93	102
95	105
95	105
95	105
95	105
95	105
95	105
95	105
103	106
103	106
103	106
103	106
103	106
103	106
103	106
103	106
106	108
106	108
106	108
106	108
106	108
106	108
106	108
109	108
109	108
109	108
109	108
109	108
109	108
109	108
111	107
111	107
111	107
111	107
111	107
111	107
111	107
111	107
114	105
114	105
114	105
114	105
114	105
114	105
114	105
117	103
117	103
117	103
117	103
117	103
117	103
117	103
118	100
118	100
118	100
118	100
118	100
118	100
118	100
118	100
118	98
118	98
118	98
118	98
118	98
118	98
118	98
119	98
119	98
119	98
119	98
119	98
119	98
119	98
119	96
119	96
119	96
119	96
119	96
119	96
120	96
120	96
121	94
121	94
121	94
121	94
121	94
121	94
121	94
123	94
123	94
123	94
123	94
123	94
123	94
123	94
124	97
124	97
124	97
124	97
124	97
124	97
124	97
124	97
125	100
125	100
125	100
125	100
125	100
125	100
125	100
126	96
126	96
126	96
126	96
126	96
126	96
128	96
128	94
128	94
128	94
128	94
128	94
128	94
128	94
128	94
128	97
128	97
128	97
128	97
128	97
128	97
128	97
129	99
129	99
129	99
129	99
129	99
129	99
129	99
129	96
129	96
129	96
129	96
129	96
129	96
129	96
129	96
128	97
128	97
128	97
128	97
128	97
126	97
126	97
126	96
126	96
126	96
126	96
126	96
126	96
126	96
126	96
126	97
126	97
126	97
126	97
126	97
126	97
126	97
125	96
125	96
125	96
125	96
125	96
125	96
125	96
125	96
125	96
125	96
125	96
125	96
125	96
125	96
125	96
124	97
124	97
124	97
124	97
124	97
123	97
123	97
122	97
122	97
122	97
122	97
122	97
122	97
122	97
121	96
121	96
121	96
121	96
121	96
121	96
121	96
121	96
120	95
120	95
120	95
120	95
120	95
120	95
120	95
119	98
119	98
119	98
119	98
119	98
119	98
119	98
119	96
119	96
119	96
119	96
118	96
118	96
118	96
118	96
117	99
117	99
117	99
117	99
117	99
117	99
117	99
117	97
117	97
117	97
117	97
117	97
117	97
117	97
116	95
116	95
116	95
116	95
116	95
116	95
116	95
116	95
116	93
116	93
116	93
116	93
116	93
116	93
116	93
116	96
116	96
116	96
116	96
116	96
116	96
116	96
116	101
116	101
116	101
116	101
116	101
116	101
116	101
116	101
116	101
116	101
116	101
116	101
116	101
116	101
116	101
116	99
116	99
116	99
116	99
116	99
116	99
116	99
117	102
117	102
117	102
117	102
117	102
117	102
117	102
117	102
119	104
119	104
119	104
121	104
121	104
121	104
121	104
123	103
123	103
123	103
123	103
123	103
123	103
123	103
124	106
124	106
124	106
124	106
124	106
124	106
124	106
124	106
124	107
124	107
124	107
124	107
124	107
124	107
124	107
124	108
124	108
124	108
124	108
124	108
124	108
124	108
123	108
123	108
122	108
122	108
122	108
122	108
122	108
122	108
120	113
120	113
120	113
120	113
120	113
120	113
120	113
118	115
118	115
118	115
118	115
118	115
118	115
118	115
117	120
117	120
117	120
117	120
117	120
117	120
117	120
117	120
116	117
116	117
116	117
116	117
116	117
116	117
116	117
116	118
116	118
116	118
116	118
116	118
116	118
116	118
116	118
116	118
116	118
116	118
116	118
116	118
116	118
116	118
116	119
116	119
116	119
116	119
116	119
116	119
116	119
117	119
117	119
117	119
117	119
117	119
117	119
117	119
117	119
118	120
118	120
118	120
118	120
118	120
118	120
118	120
118	121
119	121
119	121
119	121
119	121
119	121
119	121
120	123
120	123
120	123
120	123
120	123
120	123
120	123
120	123
120	123
120	123
120	123
120	123
120	123
120	123
120	123
119	123
119	123
119	123
119	123
119	123
119	123
119	123
119	121
119	121
119	121
119	121
119	121
119	121
119	121
119	121
119	119
119	119
119	119
119	119
119	119
119	119
119	119
119	122
119	122
119	122
119	122
119	122
119	122
119	122
119	122
119	122
119	122
119	122
119	122
119	122
119	122
119	122
119	121
119	121
119	121
119	121
119	121
119	121
119	121
119	122
119	122
119	122
119	122
119	122
119	122
119	122
121	123
121	123
121	123
121	123
121	123
121	123
121	123
121	123
122	123
122	123
122	123
122	123
122	123
122	123
122	123
122	126
122	126
122	126
122	126
122	126
122	126
122	126
124	127
124	127
124	127
124	127
124	127
124	127
124	127
124	127
125	127
125	127
125	127
125	127
125	127
125	127
125	127
125	127
125	127
125	127
125	127
125	127
125	127
125	127
125	128
125	128
125	128
125	128
125	128
125	128
125	128
125	128
124	127
124	127
124	127
124	127
124	127
124	127
124	127
124	130
124	130
124	130
124	130
124	130
124	130
124	130
123	126
123	126
123	126
123	126
123	126
123	126
123	126
123	126
122	126
122	126
122	126
122	126
122	126
122	126
122	126
121	124
121	124
121	124
121	124
121	124
121	124
121	124
120	125
120	125
120	125
120	125
120	125
120	125
120	125
120	125
121	124
121	124
121	124
121	124
121	124
121	124
121	124
122	125
122	125
122	125
122	125
122	125
122	125
122	125
124	126
124	126
124	126
124	126
124	126
124	126
124	126
124	126
124	125
124	125
124	125
124	125
124	125
124	125
124	125
124	125
124	125
123	125
123	125
123	125
123	125
123	125
123	128
123	128
123	128
123	128
123	128
123	128
123	128
123	128
122	131
122	131
122	131
122	131
122	131
122	131
122	131
122	133
122	133
122	133
122	133
122	133
122	133
122	133
122	136
122	136
122	136
122	136
122	136
122	136
122	136
122	136
121	135
121	135
120	135
120	135
120	135
120	135
120	135
119	133
119	133
119	133
119	133
119	133
119	133
119	133
119	133
118	137
118	137
118	137
118	137
118	137
118	137
118	137
118	137
118	137
118	137
118	137
118	137
118	137
118	137
118	135
118	135
118	135
118	135
118	135
118	135
118	135
118	135
119	133
119	133
121	133
121	133
121	133
121	133
121	133
123	136
123	136
123	136
123	136
123	136
123	136
123	136
124	139
124	139
124	139
124	139
124	139
124	139
124	139
124	139
125	138
125	138
125	138
125	138
125	138
125	138
125	138
125	141
125	141
125	141
125	141
125	141
125	141
125	141
125	139
125	139
125	139
125	139
125	139
125	139
125	139
125	139
124	137
124	137
124	137
124	137
124	137
124	137
124	137
123	142
123	142
123	142
123	142
123	142
123	142
123	142
122	140
122	140
122	140
122	140
122	140
122	140
122	140
122	140
122	143
122	143
122	143
122	143
122	143
122	143
122	143
124	142
124	142
124	142
124	142
124	142
124	142
124	142
125	147
125	147
125	147
125	147
125	147
125	147
125	147
125	147
126	148
126	148
126	148
126	148
126	148
126	148
126	148
126	146
126	146
126	146
126	146
126	146
126	146
126	146
125	149
125	149
125	149
125	149
125	149
125	149
125	149
124	149
124	147
124	147
124	147
124	147
124	147
124	147
124	147
124	145
124	145
124	145
124	145
124	145
124	145
124	145
124	143
124	143
124	143
124	143
124	143
124	143
124	143
124	143
125	141
125	141
125	141
125	141
125	141
125	141
125	141
126	144
126	144
126	144
126	144
126	144
126	144
126	144
125	142
125	142
125	142
125	142
125	142
125	142
125	142
125	142
124	140
124	140
124	140
124	140
124	140
124	140
124	140
122	138
122	138
122	138
122	138
122	138
122	138
122	138
119	136
119	136
119	136
119	136
119	136
119	136
119	136
119	136
118	134
118	134
118	134
118	134
117	134
117	134
117	134
117	132
117	132
117	132
117	132
117	132
117	132
117	132
118	130
118	130
118	130
118	130
118	130
118	130
118	130
118	130
119	129
119	129
119	129
119	129
119	129
119	129
119	129
122	128
122	128
122	128
122	128
122	128
122	128
122	128
124	126
124	126
124	126
124	126
124	126
125	126
125	126
125	126
126	126
126	126
126	126
126	126
126	126
126	126
126	126
126	127
126	127
126	127
126	127
126	127
126	127
126	127
124	128
124	128
124	128
124	128
124	128
124	128
124	128
124	128
123	129
123	129
123	129
123	129
123	129
123	129
123	129
120	131
120	131
120	131
120	131
120	131
119	131
119	131
119	131
119	131
119	131
119	131
119	131
119	131
119	131
119	131
119	134
119	134
119	134
119	134
119	134
119	134
119	134
119	132
119	132
119	132
119	132
119	132
119	132
119	132
119	132
120	136
120	136
120	136
120	136
120	136
120	136
120	136
120	134
120	134
120	134
120	134
120	134
120	134
120	134
121	132
121	132
121	132
121	132
121	132
121	132
121	132
121	132
121	130
121	130
121	130
121	130
121	130
121	130
121	130
121	128
121	128
121	128
121	128
121	128
121	128
121	128
121	132
121	132
121	132
121	132
121	132
121	132
121	132
121	132
121	130
121	130
123	130
123	130
123	130
123	130
123	130
124	133
124	133
124	133
124	133
124	133
124	133
124	133
125	131
125	131
125	131
125	131
125	131
125	131
125	131
125	131
125	127
125	127
125	127
125	127
125	127
125	127
125	127
125	128
125	128
125	128
125	128
125	128
125	128
125	128
125	128
125	128
125	128
124	128
124	128
124	128
124	128
124	128
123	128
123	128
123	128
123	128
123	128
123	128
123	128
122	127
122	127
122	127
122	127
122	127
122	127
122	127
122	130
122	130
122	130
122	130
122	130
122	130
122	130
122	130
122	135
122	135
122	135
122	135
122	135
122	135
122	135
123	133
123	133
123	133
123	133
123	133
123	133
123	133
123	131
123	131
123	131
123	131
123	131
123	131
123	131
123	131
123	129
123	129
123	129
123	129
123	129
123	129
123	129
123	134
123	134
123	134
123	134
123	134
123	134
123	134
124	132
124	132
124	132
124	132
124	132
124	132
124	132
124	132
125	130
125	130
125	130
125	130
125	130
125	130
125	130
124	127
124	127
124	127
124	127
124	127
124	127
124	127
123	126
123	126
123	126
123	126
123	126
123	126
123	126
123	126
122	126
122	126
122	126
122	126
122	126
122	126
122	126
122	126
122	126
122	126
122	126
122	126
122	126
122	126
122	124
122	124
122	124
122	124
122	124
122	124
122	124
122	124
122	127
122	127
122	127
122	127
122	127
122	127
122	127
124	130
124	130
124	130
124	130
124	130
124	130
124	130
125	128
125	128
125	128
125	128
125	128
125	128
125	128
125	128
126	126
126	126
126	126
126	126
126	126
126	126
126	126
126	126
126	126
126	126
126	126
126	126
126	126
126	126
125	124
125	124
125	124
125	124
125	124
125	124
125	124
125	124
124	122
124	122
124	122
124	122
124	122
124	122
124	122
124	120
124	120
124	120
124	120
124	120
124	120
124	120
125	118
125	118
125	118
125	118
125	118
125	118
125	118
125	118
125	116
125	116
125	116
125	116
125	116
125	116
125	116
125	115
125	115
125	115
125	115
125	115
125	115
125	115
124	115
124	115
124	115
124	115
124	115
124	115
124	115
124	115
124	117
124	117
124	117
124	117
124	117
124	117
124	117
124	119
124	119
124	119
124	119
124	119
124	119
124	119
124	124
121	124
121	124
121	124
121	124
121	124
121	124
121	124
120	124
120	124
120	124
120	124
120	124
120	124
120	124
119	122
119	122
119	122
119	122
119	122
119	122
119	122
118	125
118	125
118	125
118	125
118	125
118	125
118	125
118	125
118	123
118	123
118	123
118	123
118	123
118	123
117	123
116	126
116	126
116	126
116	126
116	126
116	126
116	126
115	124
115	124
115	124
115	124
115	124
115	124
115	124
115	124
115	127
115	127
115	127
115	127
115	127
115	127
115	127
115	130
115	130
115	130
115	130
115	130
115	130
115	130
114	128
114	128
114	128
114	128
114	128
114	128
114	128
114	128
113	126
113	126
113	126
113	126
113	126
113	126
113	126
112	124
112	124
112	124
112	124
112	124
112	124
112	124
113	122
113	122
113	122
113	122
113	122
113	122
113	122
113	122
113	120
113	120
113	120
113	120
113	120
113	120
113	120
114	118
114	118
114	118
114	118
114	118
114	118
115	118
115	116
115	116
115	116
115	116
115	116
115	116
115	116
115	116
116	114
116	114
116	114
116	114
116	114
116	114
116	114
116	119
116	119
116	119
116	119
116	119
116	119
116	119
115	117
115	117
115	117
115	117
115	117
115	117
115	117
115	117
115	115
115	115
115	115
115	115
114	115
114	115
114	115
113	117
113	117
113	117
113	117
113	117
113	117
113	117
113	120
113	120
113	120
113	120
113	120
113	120
113	120
113	120
115	123
115	123
115	123
115	123
115	123
115	123
115	123
116	124
116	124
116	124
116	124
116	124
116	124
116	124
117	128
117	128
117	128
117	128
119	128
119	128
119	128
119	128
120	126
120	126
120	126
120	126
120	126
120	126
120	126
120	122
120	122
120	122
120	122
120	122
120	122
120	122
120	122
120	122
120	122
120	122
120	122
120	122
120	122
120	122
118	122
118	122
118	122
118	122
118	122
118	122
118	122
116	121
116	121
116	121
116	121
115	121
115	121
115	121
112	119
112	119
112	119
112	119
112	119
112	119
112	119
112	119
111	116
111	116
111	116
111	116
111	116
111	116
111	116
111	119
111	119
111	119
111	119
111	119
111	119
111	119
112	122
112	122
112	122
112	122
112	122
112	122
112	122
112	122
113	122
113	122
113	122
113	122
113	122
113	122
113	122
113	120
113	120
113	120
113	120
113	120
113	120
113	120
111	123
111	123
111	123
111	123
111	123
111	123
111	123
111	123
109	121
109	121
109	121
109	121
109	121
109	121
109	121
107	119
107	119
107	119
107	119
107	119
107	119
107	119
107	120
107	120
107	120
107	120
107	120
107	120
107	120
107	120
108	120
108	120
108	120
108	120
108	120
108	120
108	120
109	118
109	118
109	118
109	118
109	118
109	118
109	118
110	116
110	116
110	116
110	116
110	116
110	116
110	116
110	116
111	114
111	114
111	114
111	114
111	114
111	114
111	114
112	112
112	112
113	112
113	112
113	112
113	112
113	112
113	110
113	110
113	110
113	110
113	110
113	110
113	110
113	110
113	115
113	115
113	115
113	115
113	115
113	115
113	115
113	116
113	116
113	116
113	116
113	116
113	116
113	116
112	115
112	115
112	115
112	115
112	115
112	115
112	115
112	115
112	114
112	114
111	114
111	114
111	114
111	114
111	114
111	114
111	114
111	114
111	114
111	114
111	114
111	114
111	114
111	114
111	114
111	114
111	114
111	114
111	114
111	114
112	115
112	115
112	115
112	115
112	115
112	115
112	115
113	118
113	118
113	118
113	118
113	118
113	118
113	118
114	116
114	116
116	116
116	116
116	116
116	116
116	116
116	116
117	118
117	118
117	118
117	118
117	118
117	118
117	118
118	120
118	120
118	120
118	120
118	120
118	120
118	120
119	120
119	120
119	120
119	120
119	120
119	120
119	120
119	120
119	121
119	121
119	121
119	121
119	121
119	121
119	121
116	120
116	120
116	120
116	120
116	120
116	120
116	120
115	118
115	118
115	118
115	118
115	118
115	118
115	118
115	118
114	117
114	117
114	117
114	117
114	117
114	117
114	117
112	118
112	118
112	118
112	118
112	118
112	118
112	118
112	116
112	116
112	116
112	116
112	116
112	116
112	116
112	116
114	119
114	119
114	119
114	119
114	119
114	119
114	119
115	117
115	117
115	117
115	117
115	117
115	117
115	117
117	119
117	119
117	119
117	119
117	119
117	119
117	119
117	119
118	120
118	120
118	120
118	120
118	120
118	120
118	120
119	119
119	119
119	119
119	119
119	119
119	119
119	119
117	119
117	119
117	119
117	119
117	119
117	119
117	119
117	119
115	119
115	119
115	119
115	119
115	119
115	119
115	119
114	118
114	118
114	118
114	118
114	118
114	118
114	118
113	116
113	116
113	116
113	116
113	116
113	116
113	116
113	116
113	116
113	116
113	116
113	116
113	116
113	116
114	116
115	116
115	116
115	116
115	116
115	116
115	116
115	116
117	118
117	118
117	118
117	118
117	118
117	118
117	118
117	118
117	120
117	120
117	120
118	120
118	120
118	120
118	120
119	120
119	120
119	120
119	120
119	120
119	120
119	120
119	122
119	122
119	122
119	122
119	122
119	122
119	122
119	122
119	121
119	121
119	121
119	121
119	121
119	121
119	121
118	121
118	121
118	121
118	121
118	121
118	121
118	121
117	121
117	121
117	121
116	121
116	121
116	121
116	121
116	121
117	120
117	120
117	120
117	120
117	120
117	120
117	120
117	120
117	120
117	120
117	120
117	120
117	120
117	120
118	120
118	120
118	120
118	120
118	120
118	120
118	120
118	120
119	118
119	118
119	118
119	118
119	118
119	118
119	118
120	114
120	114
120	114
120	114
120	114
120	114
120	114
120	117
120	117
120	117
120	117
120	117
120	117
120	117
120	117
121	120
121	120
121	120
121	120
121	120
121	120
121	120
121	124
121	124
121	124
121	124
121	124
121	124
121	124
121	124
121	124
121	124
121	124
121	124
121	124
121	124
121	124
121	124
122	124
122	124
122	124
122	124
122	124
122	124
123	122
123	122
123	122
123	122
123	122
123	122
123	122
123	120
123	120
123	120
123	120
123	120
123	120
123	120
123	120
124	118
124	118
124	118
124	118
124	118
124	118
124	118
125	116
125	116
125	116
125	116
125	116
125	116
125	116
125	114
126	114
126	114
126	114
126	114
126	114
126	114
126	114
126	112
126	112
126	112
126	112
126	112
126	112
126	112
127	113
127	113
127	113
127	113
127	113
127	113
127	113
127	111
127	111
127	111
127	111
127	111
127	111
127	111
127	111
127	116
127	116
127	116
127	116
127	116
127	116
127	116
128	113
128	113
128	113
128	113
128	113
128	113
128	113
128	113
128	113
128	113
128	113
128	113
128	113
128	113
128	113
128	113
128	113
128	113
128	113
128	113
128	113
128	113
129	114
129	114
129	114
129	114
129	114
129	114
129	114
129	117
129	117
129	117
129	117
129	117
129	117
130	117
130	117
130	115
130	115
130	115
130	115
130	115
130	115
130	115
130	113
130	113
130	113
130	113
130	113
130	113
130	113
131	111
131	111
131	111
131	111
131	111
131	111
131	111
131	111
130	112
130	112
130	112
130	112
130	112
130	112
130	112
130	110
130	110
130	110
130	110
130	110
130	110
130	110
130	112
130	112
130	112
130	112
130	112
130	112
130	112
130	112
130	111
130	111
130	111
130	111
130	111
130	111
130	111
129	109
129	109
129	109
129	109
129	109
129	109
129	109
129	112
129	112
129	112
129	112
129	112
129	112
129	112
129	112
130	113
130	113
130	113
130	113
130	113
131	113
131	113
132	112
132	112
132	112
132	112
132	112
132	112
132	112
133	110
133	110
133	110
133	110
133	110
133	110
133	110
133	110
133	108
133	108
133	108
133	108
133	108
133	108
133	108
134	112
134	112
134	112
134	112
134	112
134	112
134	112
135	115
135	115
135	115
135	115
135	115
135	115
135	115
135	115
135	118
135	118
135	118
135	118
135	118
135	118
135	118
134	120
134	120
134	120
134	120
134	120
134	120
134	120
135	118
135	118
135	118
135	118
135	118
135	118
135	118
135	118
135	116
135	116
135	116
135	116
135	116
135	116
135	116
135	114
135	114
135	114
135	114
136	114
136	114
136	114
137	112
137	112
137	112
137	112
137	112
137	112
137	112
137	112
138	115
138	115
138	115
138	115
138	115
138	115
138	115
139	113
139	113
139	113
139	113
139	113
139	113
139	113
140	111
140	111
140	111
140	111
140	111
140	111
140	111
140	111
140	109
140	109
140	109
140	109
141	109
141	109
141	109
140	107
140	107
140	107
140	107
140	107
140	107
140	107
140	110
140	110
140	110
140	110
140	110
140	110
140	110
140	110
140	108
140	108
140	108
140	108
140	108
140	108
140	108
140	111
140	111
140	111
140	111
140	111
140	111
140	111
141	114
141	114
141	114
141	114
141	114
141	114
141	114
141	114
141	117
141	117
141	117
141	117
141	117
141	117
141	117
141	117
141	117
141	117
141	117
141	117
141	117
141	117
142	117
142	117
142	117
142	117
142	117
142	117
142	117
142	117
142	117
142	117
142	117
142	117
142	117
142	117
142	117
142	118
142	118
143	118
143	118
143	118
143	118
143	118
143	119
143	119
143	119
143	119
143	119
143	119
143	119
143	119
143	120
143	120
143	120
143	120
143	120
143	120
143	120
143	118
143	118
143	118
143	118
143	118
143	118
143	118
142	120
142	120
142	120
142	120
142	120
142	120
142	120
142	120
142	120
142	120
140	120
140	120
140	120
140	120
140	120
139	122
139	122
139	122
139	122
139	122
139	122
139	122
138	120
138	120
138	120
138	120
138	120
138	120
138	120
138	120
138	118
138	118
138	118
138	118
138	118
138	118
138	118
138	120
138	120
138	120
138	120
138	120
138	120
138	120
137	118
137	118
137	118
137	118
137	118
137	118
137	118
137	118
136	116
136	116
136	116
136	116
136	116
136	116
136	116
135	114
135	114
135	114
135	114
135	114
135	114
135	114
135	112
135	112
135	112
135	112
135	112
135	112
135	112
135	112
135	115
135	115
135	115
135	115
135	115
135	115
135	115
135	115
135	115
135	115
135	115
135	115
135	115
135	115
135	113
135	113
135	113
135	113
135	113
135	113
135	113
135	113
135	116
135	116
135	116
135	116
135	116
135	116
135	116
135	114
135	114
135	114
135	114
135	114
135	114
135	114
136	112
136	112
136	112
136	112
136	112
136	112
136	112
136	112
136	111
136	111
136	111
136	111
136	111
136	111
136	111
136	109
136	109
136	109
136	109
136	109
136	109
136	109
136	107
136	107
136	107
136	107
136	107
136	107
136	107
136	107
136	109
136	109
136	109
136	109
136	109
136	109
136	109
136	111
136	111
136	111
136	111
136	111
136	111
136	111
137	108
137	108
137	108
137	108
137	108
137	108
137	108
137	108
137	113
137	113
137	113
137	113
137	113
137	113
137	113
138	116
138	116
138	116
138	116
138	116
138	116
138	116
138	114
138	114
138	114
138	114
138	114
138	114
138	114
138	114
138	117
138	117
138	117
138	117
138	117
138	117
138	117
138	120
138	120
138	120
138	120
138	120
138	120
138	120
137	119
137	119
137	119
137	119
137	119
137	119
137	119
137	119
136	120
136	120
136	120
136	120
136	120
136	120
136	120
135	120
135	120
135	120
135	120
135	120
135	120
135	120
135	118
135	118
135	118
135	118
135	118
134	118
134	118
134	118
135	121
135	121
135	121
135	121
135	121
135	121
135	121
136	124
136	124
136	124
136	124
136	124
136	124
136	124
136	127
136	127
136	127
136	127
136	127
136	127
136	127
136	127
136	130
136	130
136	130
136	130
136	130
136	130
136	130
136	133
136	133
136	133
136	133
136	133
136	133
136	133
135	131
135	131
135	131
135	131
135	131
135	131
135	131
134	134
134	134
134	134
134	134
134	134
134	134
134	134
134	134
133	136
133	136
133	136
133	136
133	136
133	136
133	136
133	135
133	135
133	135
133	135
133	135
133	135
133	135
132	138
132	138
132	138
132	138
132	138
132	138
132	138
132	138
132	134
132	134
132	134
132	134
132	134
132	134
132	134
132	134
132	134
132	134
132	134
132	134
132	134
132	134
133	135
133	135
133	135
133	135
133	135
133	135
133	135
133	135
133	136
133	136
133	136
133	136
133	136
133	136
133	136
133	137
133	137
133	137
133	137
133	137
133	137
133	137
134	137
134	137
134	137
134	137
134	137
134	137
134	137
134	137
134	137
134	137
134	137
134	137
134	137
134	137
134	137
134	137
134	137
134	137
134	137
134	137
134	137
134	137
134	138
134	138
134	138
134	138
134	138
134	138
134	138
134	138
133	137
133	137
133	137
132	137
132	137
132	137
132	137
131	136
131	136
131	136
131	136
131	136
131	136
131	136
131	135
131	135
131	135
131	135
131	135
131	135
131	135
131	135
131	133
131	133
131	133
131	133
131	133
131	133
131	133
132	131
132	131
132	131
132	131
132	131
132	131
132	131
133	129
133	129
134	129
134	129
134	129
134	129
134	129
134	129
135	132
135	132
135	132
135	132
135	132
135	132
135	132
137	137
137	137
137	137
137	137
137	137
137	137
137	137
138	138
138	138
138	138
138	138
138	138
138	138
138	138
138	138
138	139
138	139
138	139
138	139
138	139
138	139
138	139
139	137
139	137
139	137
139	137
139	137
139	137
139	137
140	135
140	135
140	135
140	135
140	135
140	135
140	135
140	135
140	133
140	133
140	133
140	133
140	133
140	133
140	133
140	131
140	131
140	131
140	131
140	131
140	131
140	131
140	127
140	127
140	127
140	127
140	127
140	127
140	127
140	127
139	126
139	126
138	126
138	126
138	126
138	126
138	126
137	125
137	125
137	125
137	125
137	125
137	125
137	125
136	125
136	125
136	125
136	125
136	125
136	125
136	125
136	125
135	125
135	125
135	125
135	125
135	125
135	125
135	125
134	125
134	125
134	125
134	125
134	125
134	125
134	125
133	128
133	128
132	128
132	128
132	128
132	128
132	128
132	128
132	131
132	131
132	131
132	131
132	131
132	131
132	131
132	135
132	135
132	135
132	135
132	135
132	135
132	135
133	135
133	135
133	135
133	135
133	135
133	135
133	135
133	135
133	135
133	135
133	135
133	135
133	135
133	135
133	135
133	136
133	136
133	136
133	136
133	136
133	136
133	136
132	135
132	135
132	135
132	135
132	135
132	135
132	135
132	135
131	135
131	135
131	135
131	135
131	135
131	135
131	135
130	134
130	134
130	134
130	134
130	134
130	134
130	134
130	134
130	134
130	134
130	134
130	134
130	134
130	134
130	134
129	133
129	133
129	133
129	133
129	133
129	133
129	133
130	133
130	133
130	133
130	133
130	133
130	133
130	133
130	132
130	132
130	132
130	132
130	132
130	132
130	132
130	132
130	132
130	132
130	132
130	132
130	132
130	132
130	132
130	132
130	132
130	132
130	132
130	132
130	132
130	132
130	135
130	135
130	135
130	135
130	135
130	135
130	135
130	135
130	133
130	133
130	133
130	133
130	133
130	133
130	133
130	133
130	133
130	133
130	133
130	133
130	133
130	133
130	133
130	133
130	133
130	133
130	133
130	133
130	133
130	133
131	133
131	133
131	133
131	133
131	133
131	133
131	133
131	136
131	136
131	136
131	136
131	136
131	136
131	136
130	134
130	134
130	134
130	134
130	134
130	134
130	134
130	134
129	132
129	132
129	132
129	132
129	132
129	132
129	132
130	133
130	133
130	133
130	133
130	133
130	133
130	133
130	133
130	133
130	133
130	133
130	133
130	133
130	133
130	133
130	132
130	132
130	132
130	132
130	132
130	132
130	132
130	133
130	133
130	133
130	133
130	133
130	133
130	133
130	133
130	133
130	133
130	133
130	133
130	133
130	133
130	133
131	133
131	133
131	133
131	133
131	133
131	133
131	133
131	134
131	134
131	134
131	134
131	134
131	134
132	134
131	134
131	134
131	134
131	134
131	134
131	134
131	134
131	134
131	134
131	134
131	134
131	134
131	134
131	134
131	134
131	134
131	134
130	134
130	134
130	134
130	134
130	134
129	134
129	134
129	134
129	134
129	134
129	134
129	134
129	134
129	133
129	133
129	133
129	133
129	133
129	133
129	133
129	132
129	132
129	132
129	132
129	132
129	132
129	132
129	131
129	131
129	131
129	131
129	131
129	131
129	131
129	131
129	130
129	130
129	130
129	130
129	130
129	130
129	130
129	131
129	131
129	131
129	131
129	131
129	131
129	131
129	131
129	131
129	131
129	131
129	131
129	131
129	131
129	131
129	131
129	131
129	131
129	131
129	131
129	131
129	131
128	130
128	130
128	130
128	130
128	130
128	130
128	130
126	130
124	130
124	130
124	130
124	130
124	130
124	130
124	130
122	134
122	134
122	134
122	134
122	134
122	134
122	134
121	133
121	133
121	133
121	133
121	133
121	133
121	133
120	132
120	132
120	132
120	132
120	132
120	132
120	132
120	132
120	131
120	131
120	131
120	131
120	131
120	131
120	131
120	131
121	131
121	131
121	131
121	131
121	131
121	131
121	129
121	129
121	129
121	129
121	129
121	129
121	129
121	129
122	127
122	127
122	127
122	127
122	127
122	127
122	127
122	124
122	124
122	124
122	124
122	124
122	124
122	124
121	124
121	124
121	124
121	124
121	124
121	124
121	124
121	124
120	124
120	124
120	124
120	124
120	124
120	124
120	124
120	123
120	123
120	123
120	123
120	123
120	123
120	123
120	123
120	123
120	123
120	123
120	123
120	123
120	123
121	122
121	122
121	122
121	122
121	122
121	122
121	122
121	122
121	122
121	122
121	122
121	122
121	122
121	122
121	122
121	122
121	122
121	122
121	122
121	122
121	122
121	122
121	123
121	123
121	123
121	123
121	123
121	123
121	123
121	123
121	124
121	124
121	124
121	124
121	124
121	124
121	124
121	124
121	124
121	124
121	124
121	124
121	124
121	124
122	124
122	124
122	124
122	124
122	124
122	124
122	124
122	124
122	125
122	125
122	125
122	125
122	125
122	125
122	125
121	124
121	124
121	124
121	124
121	124
121	124
121	124
119	122
119	122
119	122
119	122
119	122
119	122
119	122
119	122
117	121
117	121
117	121
117	121
117	121
117	121
117	121
116	119
116	119
116	119
116	119
116	119
115	119
115	119
115	119
115	119
115	119
115	119
115	119
115	119
115	119
115	119
116	119
116	119
116	119
116	119
116	119
116	119
116	119
117	120
117	120
117	120
117	120
117	120
117	120
117	120
118	120
118	120
118	120
118	120
118	120
118	120
118	120
118	120
118	121
118	121
118	121
118	121
118	121
118	121
118	121
120	121
120	121
120	121
120	121
120	121
120	121
120	121
121	122
121	122
121	122
121	122
121	122
121	122
121	122
121	122
122	123
122	123
122	123
122	123
122	123
122	123
122	123
123	124
123	124
123	124
123	124
123	124
123	124
123	124
123	124
123	124
123	124
123	124
123	124
123	124
123	124
123	124
122	124
122	124
122	124
122	124
122	124
122	124
122	124
121	122
121	122
121	122
121	122
121	122
121	122
121	122
119	122
119	122
119	122
119	122
119	122
119	122
119	122
119	122
118	120
118	120
118	120
118	120
118	120
118	120
118	120
117	121
117	121
117	121
117	121
117	121
117	121
117	121
117	121
117	121
117	121
117	121
117	121
117	121
117	121
117	121
119	124
119	124
119	124
119	124
119	124
119	124
119	124
121	127
121	127
121	127
121	127
121	127
121	127
121	127
123	126
123	126
123	126
123	126
123	126
123	126
123	126
123	126
124	129
124	129
124	129
124	129
124	129
124	129
124	129
123	132
123	132
123	132
123	132
123	132
123	132
123	132
121	135
121	135
121	135
121	135
121	135
121	135
121	135
121	135
118	140
118	140
118	140
118	140
118	140
118	140
118	140
116	138
116	138
116	138
116	138
116	138
116	138
116	138
116	136
116	136
116	136
117	136
117	136
117	136
117	136
117	136
118	135
118	135
118	135
118	135
118	135
118	135
118	135
120	135
120	135
120	135
120	135
120	135
120	135
120	135
122	136
122	136
122	136
122	136
122	136
122	136
122	136
122	136
123	133
123	133
123	133
123	133
123	133
123	133
123	133
125	133
125	133
125	133
126	133
126	133
126	133
126	133
126	134
126	134
126	134
126	134
126	134
126	134
126	134
126	134
126	132
126	132
126	132
126	132
126	132
126	132
126	132
126	129
126	129
126	129
126	129
126	129
126	129
126	129
126	129
126	129
126	129
126	129
126	129
126	129
126	129
126	129
125	132
125	132
124	132
124	132
124	132
124	132
124	132
125	128
125	128
125	128
125	128
125	128
125	128
125	128
125	126
125	126
125	126
125	126
125	126
125	126
125	126
125	126
126	127
126	127
126	127
126	127
126	127
126	127
126	127
126	128
126	128
126	128
126	128
126	128
126	128
126	128
125	127
124	127
124	127
124	127
124	127
124	127
124	127
124	127
123	125
123	125
123	125
123	125
123	125
123	125
123	125
121	123
121	123
121	123
121	123
121	123
121	123
121	123
120	125
120	125
120	125
120	125
120	125
120	125
120	125
120	125
120	123
120	123
120	123
120	123
120	123
120	123
120	123
121	121
123	121
123	121
123	121
123	121
123	121
123	121
125	119
125	119
125	119
125	119
125	119
125	119
125	119
125	119
125	122
125	122
125	122
125	122
127	122
127	122
127	122
130	122
130	122
130	122
130	122
130	122
130	122
130	122
131	125
131	125
131	125
131	125
131	125
131	125
133	125
133	125
133	126
133	126
133	126
133	126
133	126
133	126
133	126
132	129
132	129
132	129
132	129
132	129
132	129
132	129
132	132
132	132
132	132
132	132
132	132
132	132
132	132
132	132
131	134
131	134
131	134
131	134
131	134
131	134
131	134
131	134
131	134
131	134
131	134
131	134
131	134
131	134
132	135
132	135
132	135
132	135
132	135
132	135
132	135
132	135
132	138
132	138
132	138
132	138
132	138
132	138
132	138
133	136
133	136
133	136
133	136
133	136
133	136
133	136
133	134
133	134
133	134
133	134
133	134
133	134
133	134
133	137
133	137
133	137
133	137
133	137
133	137
134	137
134	137
135	138
135	138
135	138
135	138
135	138
135	138
135	138
136	137
136	137
136	137
136	137
136	137
136	137
136	137
136	137
136	137
136	137
136	137
136	137
136	137
136	137
136	137
137	139
137	139
137	139
137	139
137	139
137	139
137	139
137	137
137	137
137	137
137	137
137	137
137	137
138	137
138	141
138	141
138	141
138	141
138	141
138	141
138	141
138	141
138	142
138	142
138	142
138	142
138	142
138	142
138	142
138	142
138	142
138	142
138	142
138	142
138	142
138	142
138	143
138	143
138	143
138	143
138	143
138	143
138	143
138	143
138	141
138	141
138	141
138	141
138	141
138	141
138	141
139	141
139	141
139	141
139	141
139	141
139	141
139	141
139	142
139	142
139	142
139	142
139	142
139	142
139	142
139	142
139	141
139	141
139	141
139	141
139	141
139	141
139	141
139	142
139	142
139	142
139	142
139	142
139	142
139	142
139	142
139	142
139	142
139	142
138	142
138	142
138	142
138	142
138	142
138	142
138	142
138	142
138	142
138	142
138	142
138	140
138	140
138	140
138	140
138	140
138	140
138	140
137	138
137	138
137	138
137	138
137	138
137	138
137	138
137	138
136	141
136	141
136	141
136	141
136	141
136	141
136	141
136	140
136	140
136	140
136	140
136	140
136	140
136	140
136	139
136	139
136	139
136	139
136	139
136	139
136	139
136	139
137	139
137	139
137	139
137	139
137	139
137	139
137	139
137	139
137	139
137	139
137	139
137	139
137	139
137	139
138	139
138	139
138	139
138	139
138	139
138	139
138	139
138	139
138	140
138	140
139	140
139	140
139	140
139	140
139	140
140	143
140	143
140	143
140	143
140	143
140	143
140	143
140	144
140	144
140	144
140	144
140	144
140	144
140	144
140	144
141	143
141	143
141	143
141	143
141	143
141	143
141	143
141	145
141	145
141	145
141	145
141	145
141	145
141	145
141	144
141	144
141	144
141	144
141	144
141	144
141	144
141	144
141	145
141	145
141	145
141	145
141	145
141	145
141	145
141	144
141	144
141	144
141	144
141	144
141	144
141	144
140	144
140	144
140	144
140	144
140	144
140	144
140	144
140	144
140	142
140	142
140	142
140	142
140	142
140	142
140	142
139	143
139	143
139	143
139	143
139	143
139	143
139	143
138	143
138	143
138	143
138	143
138	143
138	143
138	143
138	143
138	142
138	142
138	142
138	142
138	142
138	142
138	142
137	141
137	141
137	141
137	141
137	141
137	141
137	141
137	139
137	139
137	139
137	139
137	139
137	139
137	139
137	139
137	140
137	140
138	140
138	140
138	140
138	140
138	140
138	138
138	138
138	138
138	138
138	138
138	138
138	138
139	136
139	136
139	136
139	136
139	136
139	136
139	136
139	136
139	139
139	139
139	139
139	139
139	139
139	139
139	139
141	144
141	144
141	144
141	144
141	144
141	144
141	144
141	145
141	145
141	145
141	145
141	145
141	145
141	145
141	145
142	145
142	145
142	145
142	145
142	145
142	145
142	145
143	146
143	146
143	146
143	146
143	146
143	146
143	146
143	146
143	146
143	146
143	146
143	146
143	146
143	146
143	146
143	144
143	144
143	144
143	144
143	144
143	144
143	144
143	146
143	146
143	146
143	146
143	146
143	146
143	146
143	144
143	144
143	144
143	144
143	144
143	144
143	144
143	144
142	142
142	142
142	142
142	142
142	142
142	142
142	142
142	140
142	140
142	140
142	140
142	140
142	140
142	140
143	138
143	138
143	138
143	138
143	138
143	138
143	138
144	138
144	141
144	141
144	141
144	141
144	141
144	141
144	141
144	139
144	139
144	139
144	139
144	139
144	139
144	139
144	137
144	137
144	137
144	137
144	137
144	137
144	137
144	137
144	135
144	135
144	135
144	135
144	135
144	135
144	135
144	138
144	138
144	138
144	138
144	138
145	138
145	138
145	141
145	141
145	141
145	141
145	141
145	141
145	141
145	141
145	137
145	137
145	137
145	137
145	137
145	137
145	137
144	139
144	139
144	139
144	139
144	139
144	139
144	139
144	142
144	142
144	142
144	142
144	142
144	142
144	142
144	142
144	139
144	139
144	139
144	139
144	139
144	139
144	139
143	142
143	142
143	142
143	142
143	142
143	142
143	142
143	145
143	145
143	145
143	145
143	145
143	145
143	145
143	145
143	147
143	147
143	147
143	147
143	147
143	147
143	147
143	145
143	145
143	145
143	145
143	145
143	145
143	145
143	143
143	143
143	143
143	143
143	143
143	143
143	143
143	145
143	145
143	145
143	145
143	145
143	145
143	145
143	145
142	145
142	145
142	145
142	145
142	145
142	145
142	145
141	144
141	144
141	144
141	144
141	144
141	144
141	144
140	144
140	144
140	144
140	144
140	144
140	144
140	144
140	144
140	142
140	142
140	142
140	142
140	142
140	142
140	142
140	143
140	143
140	143
140	143
140	143
140	143
140	143
141	144
141	144
141	144
141	144
141	144
141	144
141	144
143	144
143	145
143	145
143	145
143	145
143	145
143	145
143	145
144	146
144	146
144	146
144	146
144	146
144	146
144	146
144	147
144	147
144	147
144	147
144	147
144	147
144	147
144	147
145	145
145	145
145	145
145	145
145	145
145	145
145	145
145	149
145	149
145	149
145	149
145	149
145	149
145	149
145	149
146	149
146	149
146	149
146	149
146	149
146	149
146	149
146	149
146	149
146	149
146	149
146	149
146	149
146	149
147	147
147	147
147	147
147	147
147	147
147	147
147	147
147	145
147	145
147	145
147	145
147	145
147	145
147	145
147	145
147	143
147	143
147	143
147	143
147	143
147	143
147	143
145	146
145	146
145	146
145	146
145	146
145	146
145	146
144	144
144	144
144	144
144	144
144	144
144	144
144	144
144	144
143	148
143	148
143	148
143	148
143	148
143	148
143	148
143	146
143	146
143	146
143	146
143	146
143	146
143	146
142	146
142	146
142	146
142	146
142	146
142	146
142	146
142	146
141	146
141	146
141	146
141	146
141	146
141	146
141	146
141	146
141	146
141	146
141	146
141	146
141	146
141	146
141	144
141	144
141	144
141	144
141	144
141	144
141	144
141	144
141	144
141	144
141	144
141	144
141	144
141	144
141	144
141	145
141	145
141	145
141	145
141	145
141	145
141	145
141	144
141	144
141	144
141	144
141	144
141	144
141	144
141	144
141	144
141	144
141	144
141	144
141	144
141	144
141	144
140	144
140	144
140	144
140	144
140	144
140	144
140	144
140	142
140	142
140	142
140	142
140	142
140	142
140	142
140	142
139	142
139	142
139	142
139	142
139	142
139	142
139	142
139	140
139	140
139	140
139	140
139	140
139	140
139	140
138	138
138	138
138	138
138	138
138	138
138	138
138	138
138	138
138	136
138	136
138	136
138	136
138	136
138	136
138	136
138	134
138	134
138	134
138	134
138	134
138	134
138	134
137	132
137	132
137	132
137	132
137	132
137	132
136	132
136	132
136	132
136	132
136	132
136	132
136	132
136	132
136	132
136	132
136	132
136	132
136	132
136	132
136	132
136	132
137	132
137	132
137	132
137	132
137	132
137	132
137	132
137	132
137	130
137	130
137	130
137	130
137	130
137	130
137	130
138	133
138	133
138	133
138	133
138	133
138	133
138	133
138	136
138	136
138	136
138	136
138	136
138	136
138	136
138	136
138	140
138	140
138	140
138	140
138	140
138	140
138	140
138	141
138	141
138	141
138	141
138	141
138	141
138	141
137	141
137	141
137	141
137	141
137	141
137	141
137	141
137	141
137	141
137	141
137	141
137	141
137	141
137	141
137	141
136	140
136	140
136	140
136	140
136	140
136	140
136	140
136	140
136	140
136	140
136	140
136	140
136	140
136	140
136	140
135	139
135	139
135	139
135	139
135	139
135	139
135	139
135	139
135	139
135	139
135	139
135	139
135	139
135	139
136	139
136	139
136	139
136	139
136	139
136	139
136	139
136	139
136	139
136	139
136	139
136	139
136	139
136	139
136	139
137	140
137	140
137	140
137	140
137	140
137	140
137	140
137	138
137	138
137	138
137	138
137	138
137	138
137	138
137	138
138	140
138	140
138	140
138	140
138	140
138	140
138	140
137	141
137	141
137	141
137	141
137	141
137	141
137	141
138	142
138	142
138	142
138	142
138	142
138	142
138	142
138	142
138	141
138	141
138	141
138	141
138	141
138	141
138	141
138	139
138	139
138	139
138	139
138	139
138	139
138	139
138	140
138	140
138	140
138	140
138	140
138	140
138	140
138	140
137	139
137	139
137	139
137	139
136	139
136	139
136	139
136	139
136	139
136	139
136	139
136	139
136	139
136	139
136	142
136	142
136	142
136	142
136	142
136	142
136	142
136	142
136	140
136	140
136	140
136	140
136	140
136	140
136	140
137	138
137	138
137	138
137	138
137	138
137	138
137	138
137	136
136	136
136	136
136	136
136	136
136	136
136	136
136	136
135	134
135	134
135	134
135	134
135	134
135	134
135	134
133	133
133	133
133	133
133	133
133	133
133	133
133	133
132	134
132	134
132	134
132	134
132	134
132	134
132	134
132	134
131	137
131	137
131	137
131	137
131	137
131	137
131	137
131	135
131	135
132	135
132	135
132	135
132	135
132	135
132	134
132	134
132	134
132	134
132	134
132	134
132	134
132	134
132	134
132	134
132	134
132	134
132	134
132	134
132	134
132	134
132	134
132	134
132	134
132	134
132	134
132	134
132	134
132	134
132	134
132	134
132	134
132	134
132	134
132	134
130	134
129	134
129	134
129	134
129	134
129	134
129	134
128	133
128	133
128	133
128	133
128	133
128	133
128	133
128	131
128	131
128	131
128	131
128	131
128	131
128	131
128	129
128	129
128	129
128	129
128	129
128	129
128	129
128	129
127	132
127	132
127	132
127	132
127	132
127	132
127	132
127	135
127	135
127	135
127	135
127	135
127	135
127	135
129	133
129	133
129	133
129	133
129	133
129	133
129	133
129	133
131	136
131	136
131	136
131	136
131	136
131	136
131	136
132	134
132	134
132	134
132	134
132	134
132	134
132	134
134	137
134	137
134	137
134	137
134	137
134	137
134	137
136	137
136	140
137	140
137	140
137	140
137	140
137	140
137	140
138	144
138	144
138	144
138	144
138	144
138	144
138	144
139	142
139	142
139	142
139	142
139	142
139	142
139	142
139	142
139	142
139	142
139	142
139	142
139	142
139	142
139	142
138	142
138	142
138	142
138	142
138	142
138	142
138	142
136	141
136	141
136	141
136	141
136	141
136	141
136	141
136	141
136	140
136	140
136	140
136	140
136	140
136	140
136	140
135	139
135	139
135	139
135	139
135	139
135	139
135	139
135	138
135	138
135	138
135	138
135	138
135	138
135	138
135	138
135	138
135	138
135	138
135	138
135	138
135	138
135	138
134	137
134	137
134	137
134	137
134	137
134	137
134	137
134	137
134	137
134	137
134	137
134	137
134	137
134	137
134	137
133	137
133	137
133	137
133	137
133	137
133	137
133	137
132	136
132	136
132	136
132	136
132	136
132	136
132	136
131	135
131	135
131	135
131	135
131	135
131	135
131	135
131	135
131	136
131	136
131	136
131	136
131	136
131	136
131	136
133	135
133	135
133	135
133	135
133	135
133	135
133	135
133	135
133	135
133	135
133	135
133	135
133	135
133	135
133	135
134	135
134	135
134	135
134	135
134	135
134	135
134	135
134	137
134	137
134	137
134	137
134	137
134	137
134	137
133	137
133	137
133	137
133	137
133	137
133	137
133	137
133	137
133	137
133	137
133	137
133	137
133	137
133	137
133	137
133	137
133	137
133	137
133	137
133	137
133	137
133	137
133	136
133	136
133	136
133	136
133	136
133	136
133	136
133	136
133	136
133	136
133	136
133	136
133	136
132	136
132	136
131	135
131	135
131	135
131	135
131	135
131	135
131	135
132	136
132	136
132	136
132	136
132	136
132	136
132	136
132	136
133	134
133	134
133	134
133	134
133	134
133	134
133	134
134	136
134	136
134	136
134	136
134	136
134	136
134	136
134	136
134	136
134	136
134	136
134	136
134	136
134	136
134	136
134	136
134	136
134	136
134	136
134	136
134	136
134	136
133	136
133	136
133	136
133	136
133	136
133	136
133	136
133	136
133	136
133	136
133	136
133	136
133	136
133	136
133	136
132	136
132	136
132	136
132	136
132	136
132	136
132	136
132	135
132	135
132	135
131	135
131	135
131	135
131	135
130	136
130	136
130	136
130	136
130	136
130	136
130	136
130	136
129	135
129	135
129	135
129	135
129	135
129	135
129	135
129	133
129	133
129	133
129	133
129	133
129	133
129	133
128	132
128	132
128	132
128	132
128	132
128	132
128	132
128	132
128	130
128	130
128	130
127	130
127	130
127	130
127	130
127	130
127	130
127	130
127	130
127	130
127	130
127	130
127	129
127	129
127	129
127	129
127	129
127	129
127	129
127	129
127	130
127	130
127	130
127	130
127	130
127	130
127	130
127	129
127	129
127	129
127	129
127	129
127	129
127	129
126	128
126	128
126	128
126	128
126	128
126	128
126	128
126	128
126	128
126	128
126	128
126	128
126	128
126	128
126	128
126	128
126	128
126	128
126	128
126	128
126	128
126	128
127	129
127	129
127	129
127	129
127	129
127	129
127	129
127	129
128	130
128	130
128	130
128	130
128	130
128	130
128	130
129	128
129	128
130	128
130	128
130	128
130	128
130	128
130	133
130	133
130	133
130	133
130	133
130	133
130	133
130	133
129	133
129	133
129	133
129	133
129	133
129	133
129	133
129	133
129	133
129	133
129	133
129	133
129	133
129	133
129	133
129	133
129	133
129	133
129	133
129	133
129	133
129	133
128	132
128	132
129	132
129	132
129	132
129	132
129	132
129	132
129	132
129	132
129	132
129	132
129	132
129	132
129	131
129	131
129	131
129	131
129	131
129	131
129	131
129	131
128	131
128	131
128	131
128	131
128	131
128	131
128	131
128	131
128	131
128	131
128	131
128	131
128	131
128	131
129	132
129	132
129	132
129	132
129	132
129	132
129	132
129	132
131	132
131	132
131	132
131	132
131	132
131	132
131	132
132	134
132	134
132	134
132	134
132	134
132	134
132	134
132	134
132	134
132	134
132	134
132	134
132	134
132	134
132	134
132	134
132	134
132	134
132	134
132	134
132	134
132	134
131	135
131	135
131	135
131	135
131	135
131	135
131	135
131	135
131	135
131	135
131	135
131	135
131	135
131	135
131	135
131	135
131	135
131	135
131	135
131	135
131	135
131	135
131	134
131	134
131	134
131	134
131	134
131	134
131	134
130	133
130	133
130	133
130	133
130	133
130	133
130	133
130	131
130	131
130	131
130	131
130	131
130	131
130	131
130	131
131	134
131	134
131	134
131	134
131	134
131	134
131	134
131	132
131	132
131	132
131	132
131	132
131	132
131	132
131	130
131	130
131	130
131	130
131	130
131	130
131	130
131	130
131	128
131	128
131	128
131	128
131	128
131	128
131	128
131	126
131	126
131	126
131	126
131	126
131	126
131	126
131	124
131	124
131	124
131	124
131	124
131	124
131	124
131	124
130	122
130	122
130	122
130	122
130	122
130	122
130	122
130	124
130	124
130	124
130	124
130	124
130	124
130	124
129	122
129	122
129	122
129	122
129	122
129	122
129	122
129	122
128	120
128	120
128	120
128	120
128	120
128	120
128	120
129	123
129	123
129	123
129	123
129	123
129	123
129	123
129	121
129	121
129	121
129	121
129	121
129	121
129	121
129	121
130	119
130	119
130	119
130	119
130	119
130	119
130	119
131	122
131	122
131	122
131	122
131	122
131	122
132	122
133	126
133	126
133	126
133	126
133	126
133	126
133	126
133	126
133	129
133	129
133	129
133	129
133	129
133	129
133	129
133	132
133	132
133	132
133	132
133	132
133	132
133	132
132	134
132	134
132	134
132	134
132	134
132	134
132	134
132	134
130	133
130	133
130	133
130	133
130	133
130	133
130	133
130	133
130	133
130	133
130	133
130	133
130	133
130	133
130	133
130	133
130	133
130	133
130	133
130	133
130	133
130	133
130	133
130	133
130	133
130	133
130	133
130	133
130	133
131	134
131	134
131	134
131	134
131	134
131	134
131	134
133	135
133	135
133	135
133	135
133	135
133	135
133	135
133	135
133	136
133	136
133	136
133	136
133	136
133	136
133	136
134	136
134	136
134	136
134	136
134	136
134	136
134	136
134	137
133	137
133	137
133	137
133	137
133	137
133	137
133	137
133	136
133	136
133	136
133	136
133	136
133	136
133	136
132	136
132	136
132	136
132	136
132	136
132	136
132	136
132	135
132	135
132	135
132	135
132	135
132	135
132	135
132	135
131	134
131	134
131	134
131	134
131	134
131	134
131	134
131	132
130	132
130	132
130	132
130	132
130	132
130	132
130	132
130	132
130	132
130	132
130	132
130	132
130	132
130	132
129	132
129	132
129	132
129	132
129	132
129	132
129	132
130	133
130	133
130	133
130	133
130	133
130	133
130	133
130	134
130	134
130	134
130	134
130	134
130	134
130	134
131	134
131	134
131	134
131	134
131	134
131	134
131	134
131	134
131	133
131	133
131	133
131	133
131	133
131	133
131	133
131	133
131	133
131	133
130	133
130	133
130	133
130	133
130	133
128	132
128	132
128	132
128	132
128	132
128	132
128	132
127	130
127	130
127	130
127	130
127	130
127	130
125	130
124	133
124	133
124	133
124	133
124	133
124	133
124	133
124	133
125	129
125	129
125	129
125	129
125	129
125	129
125	129
125	129
125	129
125	129
125	129
125	129
125	129
125	129
126	129
126	129
126	129
126	129
126	129
126	129
126	129
126	129
127	129
127	129
127	129
127	129
127	129
127	129
127	129
127	129
127	129
127	129
127	129
127	129
127	129
127	129
127	130
127	130
127	130
127	130
127	130
127	130
127	130
127	130
127	131
127	131
127	131
127	131
127	131
127	131
127	131
128	131
128	131
128	131
128	131
128	131
128	131
128	131
129	132
129	132
129	132
129	132
129	132
130	132
130	132
130	132
131	133
131	133
131	133
131	133
131	133
131	133
131	133
131	133
131	133
131	133
131	133
131	133
131	133
131	133
131	134
131	134
131	134
131	134
131	134
131	134
131	134
131	134
131	134
131	134
131	134
131	134
131	134
131	134
131	134
131	134
131	134
131	134
131	134
131	134
132	134
132	134
132	135
132	135
132	135
132	135
132	135
132	135
132	135
132	135
133	134
133	134
133	134
133	134
133	134
133	134
133	134
133	132
133	132
133	132
133	132
133	132
133	132
133	132
134	130
134	130
134	130
134	130
134	130
134	130
134	130
134	130
134	133
134	133
134	133
134	133
134	133
134	133
134	133
134	130
134	130
134	130
134	130
134	130
134	130
134	130
134	133
134	133
134	133
134	133
134	133
134	133
134	133
134	133
133	137
133	137
133	137
133	137
133	137
133	137
133	137
132	136
132	136
132	136
132	136
132	136
132	136
132	136
132	136
132	136
132	136
132	136
132	136
132	136
132	136
132	136
133	135
133	135
133	135
133	135
133	135
133	135
133	135
133	138
133	138
133	138
133	138
133	138
133	138
133	138
134	136
134	136
134	136
134	136
134	136
134	136
134	136
134	136
134	137
134	137
134	137
134	137
134	137
134	137
134	137
135	137
135	137
135	137
134	137
134	137
134	137
134	137
134	137
134	137
134	137
134	137
134	137
134	137
134	137
134	137
133	137
133	137
133	137
133	137
133	137
133	137
133	137
132	136
132	136
132	136
132	136
132	136
132	136
132	136
131	136
131	136
131	136
131	136
131	136
131	136
131	136
131	136
131	135
131	135
131	135
131	135
131	135
131	135
131	135
132	135
132	135
132	135
132	135
132	135
132	135
132	135
132	134
132	134
132	134
132	134
132	134
132	134
132	134
132	134
133	135
133	135
133	135
133	135
133	135
133	135
133	135
133	135
133	135
133	135
133	135
133	135
133	135
133	135
133	136
133	136
133	136
133	136
133	136
133	136
133	136
133	136
133	136
133	136
133	136
133	136
133	136
133	136
133	136
133	136
133	136
133	136
133	136
133	136
133	136
133	136
133	136
133	136
133	136
133	136
133	136
133	136
133	136
133	136
133	136
133	136
133	136
133	136
133	136
133	136
133	136
133	136
133	136
133	136
133	136
133	136
133	136
133	136
134	136
134	136
134	136
134	136
134	136
134	136
134	136
134	136
134	136
134	136
134	136
134	136
134	136
134	136
134	136
134	137
134	137
134	137
134	137
134	137
134	137
134	137
135	137
135	137
135	137
135	137
135	137
135	137
135	137
135	137
134	137
134	137
134	137
134	137
134	137
134	137
134	137
134	137
134	137
134	137
134	137
134	137
134	137
134	137
134	140
134	140
134	140
134	140
134	140
134	140
134	140
134	140
135	143
135	143
135	143
135	143
135	143
135	143
135	143
136	139
136	139
136	139
136	139
136	139
136	139
136	139
137	142
137	142
137	142
137	142
137	142
137	142
137	142
137	142
138	140
138	140
138	140
138	140
138	140
138	140
138	140
138	140
138	140
138	140
138	140
138	140
138	140
138	140
137	140
137	140
137	140
137	140
137	140
137	140
137	140
137	140
136	139
136	139
136	139
136	139
136	139
136	139
135	139
135	139
135	139
135	139
135	139
135	139
135	139
135	139
134	138
134	138
134	138
134	138
134	138
134	138
134	138
134	138
134	138
134	138
134	138
134	138
134	138
134	138
134	138
135	138
135	138
135	138
135	138
135	138
135	138
135	138
135	138
135	138
135	138
135	138
135	138
135	138
136	138
136	138
137	139
137	139
137	139
137	139
137	139
137	139
137	139
137	139
137	139
137	139
137	139
137	139
137	139
137	139
137	140
137	140
137	140
137	140
137	140
137	140
137	140
137	140
137	140
137	140
137	140
137	140
137	140
137	140
137	140
138	141
138	141
138	141
138	141
138	141
138	141
138	141
139	142
139	142
139	142
139	142
139	142
139	142
139	142
139	142
139	142
139	142
139	142
139	142
139	142
139	142
139	142
139	143
139	143
139	143
139	143
139	143
139	143
139	143
140	143
140	143
140	143
140	143
140	143
140	143
140	143
140	143
140	142
140	142
140	142
140	142
140	142
140	142
140	142
141	143
141	143
141	143
141	143
141	143
141	143
141	143
142	143
142	143
142	143
142	143
142	143
142	143
142	143
142	143
142	144
142	144
142	144
142	144
142	144
142	144
142	144
142	142
142	142
142	142
142	142
142	142
142	142
142	142
142	140
142	140
142	140
142	140
142	140
141	140
141	140
141	140
141	138
141	138
141	138
141	138
141	138
141	138
141	138
140	136
140	136
140	136
140	136
140	136
140	136
140	136
140	134
140	134
140	134
140	134
140	134
140	134
140	134
140	134
139	133
139	133
139	133
139	133
139	133
139	133
139	133
139	134
139	134
139	134
139	134
139	134
139	134
139	134
140	134
140	134
140	134
140	134
140	134
140	134
140	134
140	134
141	131
141	131
141	131
141	131
141	131
141	131
141	131
142	131
142	131
142	131
142	131
142	131
142	131
142	131
142	129
142	129
142	129
142	129
142	129
142	129
142	129
142	127
142	127
142	127
142	127
141	127
141	127
141	127
141	127
140	130
140	130
140	130
140	130
140	130
140	130
140	130
139	128
139	128
139	128
139	128
139	128
139	128
139	128
137	126
137	126
137	126
137	126
137	126
137	126
137	126
137	126
135	124
135	124
135	124
135	124
135	124
135	124
135	124
135	122
135	122
135	122
135	122
135	122
135	122
135	122
136	120
136	120
136	120
136	120
136	120
136	120
136	120
136	120
138	117
138	117
138	117
138	117
138	117
138	117
138	117
138	117
138	117
138	117
138	117
138	117
138	117
138	117
138	118
138	118
138	118
138	118
138	118
138	118
138	118
138	118
137	117
137	117
137	117
137	117
137	117
137	117
137	117
136	119
136	119
136	119
136	119
136	119
136	119
136	119
135	120
135	120
135	120
135	120
135	120
135	120
135	120
135	120
135	119
135	119
135	119
135	119
135	119
135	119
135	119
136	117
136	117
136	117
136	117
136	117
136	117
136	117
136	120
136	120
137	120
137	120
137	120
137	120
137	120
137	120
137	119
137	119
137	119
137	119
137	119
137	119
137	119
137	122
137	122
137	122
137	122
137	122
137	122
137	122
137	125
137	125
137	125
137	125
137	125
137	125
137	125
137	125
137	123
137	123
137	123
137	123
137	123
137	123
137	123
138	121
138	121
139	121
139	121
139	121
139	121
139	121
139	119
139	119
139	119
139	119
139	119
139	119
139	119
139	119
139	117
139	117
139	117
139	117
139	117
139	117
139	117
139	120
139	120
139	120
139	120
139	120
139	120
139	120
139	123
139	123
139	123
139	123
139	123
139	123
139	123
140	123
140	126
141	126
141	126
141	126
141	126
141	126
141	126
142	131
142	131
142	131
142	131
142	131
142	131
142	131
143	129
143	129
143	129
143	129
143	129
143	129
143	129
143	129
143	128
143	128
143	128
143	128
143	128
143	128
143	128
143	130
143	130
143	130
143	130
143	130
143	130
143	130
143	130
142	130
142	130
142	130
142	130
142	130
142	130
142	130
142	132
142	132
142	132
142	132
142	132
142	132
142	132
141	130
141	130
141	130
141	130
141	130
141	130
141	130
140	133
140	133
140	133
140	133
140	133
140	133
140	133
140	133
139	136
139	136
139	136
139	136
139	136
139	136
139	136
138	134
138	134
138	134
138	134
138	134
138	134
138	134
138	132
138	132
138	132
138	132
138	132
138	132
138	132
138	132
138	130
138	130
138	130
138	130
138	130
138	130
138	130
138	128
138	128
138	128
138	128
138	128
138	128
138	128
138	126
138	126
138	126
138	126
138	126
138	126
138	126
138	126
138	129
138	129
138	129
138	129
138	129
138	129
138	129
139	132
139	132
139	132
139	132
139	132
139	132
139	132
140	135
140	135
140	135
140	135
140	135
140	135
140	135
140	135
140	138
140	138
140	138
140	138
140	138
140	138
140	138
141	143
141	143
141	143
141	143
141	143
141	143
142	143
142	141
142	141
142	141
142	141
142	141
142	141
142	141
142	141
142	145
142	145
142	145
142	145
142	145
142	145
142	145
142	145
142	145
142	145
142	145
142	145
142	145
142	145
141	145
141	145
141	145
141	145
141	145
141	145
141	145
141	145
141	145
141	145
141	145
141	145
141	145
141	145
141	145
142	146
142	146
142	146
142	146
142	146
142	146
142	146
142	145
142	145
142	145
142	145
142	145
142	145
142	145
142	145
142	145
142	145
142	145
142	145
142	145
142	145
142	145
142	145
142	145
142	145
142	145
142	145
142	145
142	145
142	145
142	145
142	145
142	145
142	145
142	145
142	145
142	145
141	144
141	144
141	144
141	144
141	144
141	144
141	144
140	144
140	144
140	144
140	144
140	144
140	144
140	144
140	142
140	142
140	142
140	142
140	142
140	142
140	142
140	142
140	143
140	143
140	143
140	143
140	143
140	143
140	143
140	143
140	143
140	143
140	143
140	143
140	143
140	143
140	146
140	146
140	146
140	146
140	146
140	146
140	146
140	146
139	151
139	151
139	151
139	151
139	151
139	151
139	151
139	154
139	154
139	154
139	154
139	154
139	154
139	154
139	156
139	156
139	156
139	156
139	156
139	156
139	156
139	156
140	154
140	154
140	154
140	154
140	154
140	154
140	154
139	152
139	152
139	152
139	152
139	152
139	152
139	152
139	150
139	150
139	150
139	150
139	150
139	150
139	150
139	150
137	148
137	148
137	148
137	148
137	148
137	148
137	148
136	146
136	146
136	146
136	146
136	146
136	146
136	146
136	147
136	147
136	147
136	147
136	147
136	147
136	147
136	147
136	147
136	147
136	147
136	147
136	147
136	147
136	147
136	147
136	147
136	147
136	147
136	147
136	147
136	147
136	145
136	145
136	145
136	145
136	145
136	145
136	145
136	145
135	143
135	143
135	143
135	143
135	143
135	143
135	143
135	141
135	141
135	141
135	141
135	141
135	141
135	141
135	138
135	138
135	138
135	138
135	138
135	138
135	138
135	138
135	138
135	138
135	138
135	138
135	138
135	138
134	138
134	137
134	137
134	137
134	137
134	137
134	137
134	137
134	137
134	137
134	137
134	137
134	137
134	137
134	137
134	137
134	137
134	137
134	137
134	137
134	137
134	137
134	137
134	137
134	137
134	137
134	137
134	137
134	137
134	137
134	137
134	137
134	137
134	137
134	137
134	137
134	137
134	137
135	138
135	138
135	138
135	138
135	138
135	138
135	138
135	138
135	138
135	138
135	138
135	138
135	138
135	138
135	138
135	138
135	138
135	138
135	138
135	138
135	138
135	138
135	138
135	138
135	138
135	138
135	138
135	138
135	138
135	137
135	137
135	137
135	137
135	137
134	137
134	137
133	137
133	137
133	137
133	137
133	137
133	137
133	137
133	137
132	137
132	137
132	137
132	137
132	137
132	137
132	137
131	134
131	134
131	134
131	134
131	134
131	134
131	134
130	134
130	134
130	134
130	134
130	134
130	134
130	134
130	134
131	134
131	134
131	134
131	134
131	134
132	134
132	134
133	134
133	134
133	134
133	134
133	134
133	134
133	134
134	135
134	135
134	135
134	135
134	135
134	135
134	135
134	135
134	133
134	133
134	133
134	133
134	133
134	133
134	133
134	136
134	136
134	136
134	136
134	136
134	136
134	136
133	134
133	134
133	134
133	134
133	134
133	134
133	134
133	134
131	137
131	137
131	137
131	137
131	137
131	137
131	137
130	134
130	134
130	134
130	134
130	134
130	134
130	134
130	133
130	133
130	133
130	133
130	133
130	133
130	133
130	133
130	133
130	133
130	133
130	133
130	133
130	133
130	133
130	132
130	132
130	132
130	132
130	132
130	132
130	132
130	133
130	133
130	133
130	133
130	133
130	133
130	133
130	133
130	132
130	132
130	132
130	132
130	132
130	132
130	132
130	134
130	134
130	134
130	134
130	134
130	134
130	134
132	134
132	134
132	134
132	134
132	134
132	134
132	134
132	134
134	136
134	136
134	136
135	136
135	136
135	136
135	136
136	136
136	136
136	136
136	136
136	136
136	136
136	136
136	138
136	138
136	138
136	138
136	138
136	138
136	138
136	138
136	140
136	140
136	140
136	140
136	140
136	140
136	140
137	141
137	141
137	141
137	141
137	141
137	141
137	141
136	140
136	140
136	140
135	140
135	140
135	140
135	140
135	140
134	140
134	140
134	140
134	140
134	140
134	140
134	140
134	139
134	139
134	139
134	139
134	139
134	139
134	139
134	138
134	138
134	138
134	138
134	138
134	138
134	138
134	138
134	137
134	137
134	137
134	137
134	137
134	137
134	137
134	137
134	137
134	137
134	137
134	137
134	137
134	137
134	137
134	137
134	137
134	137
134	137
134	137
134	137
134	137
135	137
135	137
135	137
135	137
135	137
135	137
135	137
135	138
135	138
135	138
135	138
135	138
135	138
135	138
135	137
135	137
135	137
135	137
135	137
135	137
135	137
135	137
135	138
134	138
134	138
134	138
134	138
134	138
134	138
134	138
134	138
134	138
134	138
134	138
134	138
134	138
133	137
133	137
133	137
133	137
133	137
133	137
133	137
133	137
133	137
133	137
133	137
133	137
133	137
133	137
133	137
133	137
133	137
133	137
133	137
133	137
133	137
133	137
134	137
135	137
135	137
135	137
135	137
135	137
135	137
135	137
136	137
136	137
136	137
136	137
136	137
136	137
136	137
136	137
136	137
136	137
136	137
136	137
136	137
136	137
136	138
136	138
136	138
136	138
136	138
136	138
136	138
136	138
135	137
135	137
135	137
135	137
135	137
135	137
134	137
134	137
133	137
133	137
133	137
133	137
133	137
133	137
133	138
133	138
133	138
133	138
133	138
133	138
133	138
133	138
133	137
133	137
133	137
133	137
133	137
133	137
133	137
134	137
134	137
134	137
134	137
134	137
134	137
134	137
134	137
134	137
134	137
134	137
134	137
134	137
134	137
135	137
135	137
136	137
136	137
136	137
136	137
136	137
136	137
136	138
136	138
136	138
136	138
136	138
136	138
136	138
137	141
137	141
137	141
137	141
137	141
137	141
137	141
137	141
137	139
137	139
137	139
137	139
137	139
137	139
137	139
138	140
138	140
138	140
138	140
138	140
138	140
138	140
138	141
138	141
138	141
138	141
138	141
138	141
138	141
138	141
138	141
138	141
138	141
138	141
138	141
138	141
138	141
138	142
138	142
138	142
138	142
138	142
138	142
138	142
138	141
138	141
138	141
138	141
138	141
138	141
138	141
138	141
138	141
138	141
138	141
138	141
138	141
138	141
138	141
138	141
138	141
138	141
138	141
138	141
138	141
138	141
137	141
137	141
137	141
137	141
137	141
137	141
137	141
137	141
136	140
136	140
136	140
136	140
136	140
136	140
136	140
136	140
136	140
136	140
136	140
136	140
136	140
136	140
135	139
135	139
135	139
135	139
135	139
135	139
135	139
135	139
135	138
135	138
135	138
135	138
135	138
135	138
135	138
136	138
136	138
136	138
136	138
136	138
136	138
136	138
136	137
136	137
136	137
136	137
136	137
136	137
136	137
136	137
135	138
135	138
135	138
135	138
135	138
135	138
135	138
134	138
134	138
134	138
134	138
134	138
133	138
133	138
133	138
133	138
133	138
133	138
133	138
133	138
133	138
133	138
133	137
133	137
133	137
133	137
133	137
133	137
133	137
133	140
133	140
133	140
133	140
133	140
133	140
133	140
133	145
133	145
133	145
133	145
133	145
133	145
133	145
133	145
133	145
133	145
133	145
133	145
133	145
133	145
133	145
132	143
132	143
132	143
132	143
132	143
132	143
132	143
131	141
131	141
131	141
131	141
131	141
131	141
131	141
131	141
132	139
132	139
132	139
132	139
132	139
132	139
132	139
132	137
132	137
132	137
132	137
132	137
132	137
132	137
133	135
133	135
133	135
133	135
133	135
133	135
133	135
133	135
134	136
134	136
134	136
134	136
134	136
134	136
134	136
134	136
134	136
134	136
134	136
134	136
134	136
134	136
135	137
135	137
135	137
135	137
135	137
135	137
135	137
135	137
135	138
135	138
135	138
135	138
135	138
135	138
135	138
136	138
136	138
136	138
136	138
136	138
136	138
136	138
136	139
136	139
136	139
136	139
136	139
136	139
136	139
136	139
136	139
136	139
136	139
136	139
136	139
136	139
136	139
136	139
136	139
136	139
136	139
136	139
136	139
136	139
136	140
136	140
136	140
136	140
136	140
136	140
136	140
136	140
136	140
136	140
136	140
136	140
136	140
136	140
136	140
135	139
135	139
135	139
135	139
135	139
135	139
135	139
136	137
136	137
136	137
136	137
136	137
136	137
136	137
136	137
136	139
136	139
136	139
136	139
136	139
136	139
136	139
137	139
137	139
137	139
137	139
137	139
137	139
137	139
137	141
137	141
138	141
138	141
138	141
138	141
138	141
138	141
139	141
139	141
139	141
139	141
139	141
139	141
139	141
139	141
139	141
139	141
139	141
139	141
139	141
139	141
139	142
139	142
139	142
139	142
139	142
139	142
139	142
139	142
139	142
139	142
139	142
139	142
139	142
139	142
139	142
139	142
139	142
138	142
138	142
138	142
138	142
138	142
138	142
138	142
138	142
138	142
138	142
138	142
138	142
138	142
137	142
137	142
137	142
137	142
137	142
137	142
137	142
137	140
137	140
137	140
137	140
137	140
137	140
137	140
138	141
138	141
138	141
138	141
138	141
138	141
138	141
138	141
138	141
138	141
139	141
139	141
139	141
139	141
139	141
140	142
140	142
140	142
140	142
140	142
140	142
140	142
140	142
140	142
140	142
140	142
140	142
140	142
140	142
140	142
141	142
141	142
141	142
141	142
141	142
141	142
141	142
140	143
140	143
140	143
140	143
140	143
140	143
140	143
140	144
140	144
140	144
140	144
140	144
140	144
140	144
140	144
140	144
140	144
140	144
140	144
140	144
140	144
140	144
141	145
141	145
141	145
141	145
141	145
141	145
141	145
141	144
141	144
141	144
141	144
141	144
141	144
141	144
141	144
142	145
142	145
142	145
142	145
142	145
142	145
142	145
143	145
143	145
143	145
143	145
143	145
143	145
143	145
144	146
144	146
144	146
144	146
144	146
144	146
144	146
144	146
144	145
144	145
144	145
144	145
144	145
144	145
144	145
143	146
143	146
143	146
143	146
143	146
143	146
143	146
143	146
143	146
143	146
143	146
143	146
143	146
143	146
143	146
143	144
143	144
143	144
143	144
143	144
143	144
143	144
144	147
144	147
144	147
144	147
144	147
144	147
144	147
144	148
144	148
144	148
144	148
144	148
144	148
144	148
144	148
145	148
145	148
145	148
145	148
145	148
145	148
145	148
145	148
145	148
145	148
145	148
145	148
145	148
145	148
144	148
144	148
144	148
144	148
144	148
144	148
144	148
144	148
143	148
143	148
143	148
143	148
143	148
143	148
143	148
142	147
142	147
142	147
142	147
142	147
142	147
142	147
142	146
142	146
142	146
142	146
142	146
142	146
142	146
142	146
141	145
141	145
141	145
141	145
141	145
141	145
141	145
140	144
140	144
140	144
140	144
140	144
140	144
140	144
140	144
140	144
140	144
140	144
140	144
140	144
140	144
140	144
140	144
140	144
140	144
140	144
140	144
140	144
140	144
142	145
142	145
142	145
142	145
142	145
142	145
142	145
142	145
142	145
142	145
142	145
143	145
143	145
143	145
143	145
144	146
144	146
144	146
144	146
144	146
144	146
144	146
144	147
144	147
144	147
144	147
144	147
144	147
144	147
144	147
144	147
144	147
144	147
144	147
144	147
144	147
144	147
144	147
144	147
144	147
144	147
144	147
144	147
144	147
144	146
144	146
144	146
144	146
144	146
144	146
144	146
143	146
143	146
143	146
143	146
143	146
143	146
143	146
143	146
142	146
142	146
142	146
142	146
142	146
142	146
142	146
142	145
141	145
141	145
141	145
141	145
141	145
141	145
140	144
140	144
140	144
140	144
140	144
140	144
140	144
140	144
140	143
140	143
140	143
140	143
140	143
140	143
140	143
139	143
139	143
139	143
139	143
139	143
139	143
139	143
139	143
139	143
139	143
139	143
139	143
139	143
139	143
138	143
138	142
138	142
138	142
138	142
138	142
138	142
138	142
138	141
138	141
138	141
138	141
138	141
138	141
138	141
138	139
138	139
138	139
138	139
138	139
138	139
138	139
138	139
139	141
139	141
139	141
139	141
139	141
139	141
139	141
139	144
139	144
139	144
139	144
139	144
139	144
139	144
139	142
139	142
139	142
139	142
139	142
139	142
139	142
139	142
139	140
139	140
139	140
139	140
139	140
139	140
139	140
138	138
138	138
138	138
138	138
138	138
138	138
138	138
138	141
138	141
138	141
138	141
138	141
138	141
138	141
138	141
138	141
138	141
138	141
138	141
138	141
138	141
137	141
137	141
137	141
137	141
137	141
137	141
137	141
137	141
137	140
137	140
137	140
137	140
137	140
137	140
137	140
137	140
137	140
137	140
137	140
137	140
137	140
137	140
137	140
137	140
137	140
137	140
137	140
137	140
137	140
137	140
136	139
136	139
136	139
136	139
136	139
136	139
136	139
136	139
135	137
135	137
135	137
135	137
135	137
135	137
135	137
135	135
135	135
135	135
135	135
135	135
135	135
135	135
134	137
134	137
134	137
134	137
134	137
134	137
134	137
134	137
134	140
134	140
134	140
134	140
134	140
134	140
134	140
134	138
134	138
134	138
134	138
134	138
135	138
135	138
136	141
136	141
136	141
136	141
136	141
136	141
136	141
136	141
137	139
137	139
137	139
137	139
137	139
137	139
137	139
138	142
138	142
138	142
138	142
138	142
138	142
138	142
137	141
137	141
137	141
137	141
137	141
137	141
137	141
137	141
136	141
136	141
136	141
136	141
135	141
135	141
135	141
135	141
135	141
135	141
135	141
135	141
135	141
135	141
135	139
135	139
135	139
135	139
135	139
135	139
135	139
135	139
134	142
134	142
134	142
134	142
134	142
134	142
134	142
134	140
134	140
134	140
134	140
134	140
134	140
134	140
135	138
135	138
135	138
135	138
135	138
135	138
135	138
135	138
135	136
135	136
135	136
135	136
135	136
135	136
135	136
