83	0
83	0
83	0
83	0
83	0
83	0
82	0
82	0
82	0
82	0
82	0
82	0
81	0
81	0
81	0
81	0
81	0
81	0
81	0
81	0
81	0
81	0
81	0
81	0
81	0
81	0
81	0
80	0
80	0
80	0
80	0
80	0
80	0
80	0
80	0
80	0
80	0
81	0
81	0
81	0
81	0
81	0
81	0
81	0
81	0
81	0
81	0
81	0
81	0
81	56
81	56
81	56
81	56
81	56
81	56
81	56
81	55
81	55
81	55
81	55
81	55
81	55
81	55
81	55
81	55
81	55
81	55
81	55
81	55
81	55
81	55
80	53
80	53
80	53
80	53
80	53
80	53
80	53
79	54
79	54
79	54
79	54
79	54
79	54
79	54
79	54
79	55
79	55
79	55
79	55
79	55
79	55
79	55
79	54
79	54
79	54
79	54
79	54
79	54
79	54
79	56
78	56
78	56
78	56
78	56
78	56
78	56
78	56
78	59
78	59
78	59
78	59
78	59
78	59
78	59
78	62
78	62
78	62
78	62
78	62
78	62
78	62
78	65
78	65
78	65
78	65
78	65
78	65
78	65
78	65
78	68
78	68
78	68
78	68
78	68
78	68
78	68
78	71
78	71
78	71
78	71
78	71
78	71
78	71
78	74
78	74
78	74
78	74
78	74
78	74
78	74
78	74
79	77
79	77
79	77
79	77
79	77
79	77
79	77
80	75
80	75
80	75
80	75
80	75
80	75
80	75
80	75
80	75
80	75
80	75
80	75
80	75
80	75
80	75
81	78
81	78
81	78
81	78
81	78
81	78
81	78
81	81
81	81
81	81
81	81
81	81
81	81
81	81
82	85
82	85
82	85
82	85
82	85
82	85
82	85
82	85
83	86
83	86
83	86
83	86
83	86
83	86
83	86
83	89
83	89
83	89
83	89
83	89
83	89
83	89
84	87
84	87
84	87
84	87
84	87
84	87
84	87
84	87
84	85
84	85
84	85
84	85
84	85
84	85
84	85
83	83
83	83
83	83
83	83
83	83
83	83
83	83
83	81
83	81
83	81
83	81
83	81
83	81
83	81
83	81
83	79
83	79
83	79
83	79
83	79
82	79
82	79
82	80
82	80
82	80
82	80
82	80
82	80
82	80
81	80
81	80
81	80
81	80
81	80
81	80
81	80
81	80
81	80
81	80
81	80
81	80
81	80
81	80
81	80
81	82
81	82
81	82
81	82
81	82
81	82
81	82
81	82
81	82
81	82
81	82
81	82
81	82
81	82
81	82
81	84
81	84
81	84
81	84
81	84
82	84
82	84
82	83
82	83
82	83
82	83
82	83
82	83
82	83
83	83
83	83
83	83
83	83
83	83
83	83
83	83
83	83
83	81
83	81
83	81
83	81
83	81
83	81
83	81
83	84
83	84
83	84
83	84
83	84
83	84
83	84
85	85
85	85
85	85
85	85
85	85
85	85
85	85
85	85
87	90
87	90
87	90
87	90
87	90
87	90
87	90
88	89
88	89
88	89
88	89
88	89
88	89
88	89
88	89
89	89
89	89
89	89
89	89
89	89
89	89
89	89
92	90
92	90
92	90
92	90
92	90
92	90
92	90
93	90
93	90
93	90
93	90
93	90
93	90
93	90
93	90
93	89
93	89
93	89
93	89
93	89
93	89
93	89
93	91
93	91
93	91
93	91
93	91
93	91
93	91
94	91
94	91
94	91
94	91
94	91
94	91
94	91
94	91
95	92
96	92
96	92
96	92
96	92
96	92
96	92
96	92
96	92
96	92
96	92
96	92
96	92
96	92
98	92
99	92
99	92
99	92
99	92
99	92
99	92
99	92
101	95
101	95
101	95
101	95
101	95
101	95
101	95
103	96
103	96
103	96
103	96
103	96
103	96
103	96
104	95
104	95
104	95
104	95
104	95
104	95
104	95
104	95
105	94
105	94
105	94
106	94
106	94
106	94
106	94
107	97
107	97
107	97
107	97
107	97
107	97
107	97
108	100
108	100
108	100
108	100
108	100
108	100
108	100
108	100
108	103
108	103
108	103
108	103
108	103
108	103
108	103
110	107
110	107
110	107
110	107
110	107
110	107
110	107
111	104
111	104
111	104
111	104
111	104
111	104
111	104
111	104
111	109
111	109
111	109
111	109
111	109
111	109
111	109
112	109
112	109
112	109
112	109
112	109
112	109
112	109
112	107
112	107
112	107
112	107
112	107
112	107
112	107
112	107
111	109
111	109
110	109
110	109
110	109
110	109
110	109
110	111
110	111
110	111
110	111
110	111
110	111
110	111
110	115
110	115
110	115
110	115
110	115
110	115
110	115
110	115
110	118
110	118
110	118
110	118
110	118
110	118
110	118
110	116
110	116
110	116
110	116
110	116
110	116
110	116
110	114
110	114
110	114
110	114
110	114
110	114
110	114
110	114
110	114
110	114
110	114
110	114
110	114
110	114
111	114
112	113
112	113
112	113
112	113
112	113
112	113
112	113
112	114
112	114
112	114
112	114
112	114
112	114
112	114
112	114
112	117
112	117
112	117
112	117
112	117
112	117
112	117
113	115
113	115
113	115
113	115
113	115
113	115
113	115
113	113
114	113
114	113
114	113
114	113
114	113
114	113
114	113
114	117
114	117
114	117
114	117
114	117
114	117
114	117
114	116
114	116
114	116
114	116
114	116
114	116
114	116
115	115
115	115
115	115
115	115
115	115
115	115
115	115
115	115
115	114
115	114
115	114
116	114
116	114
116	114
116	114
116	114
116	114
116	114
116	114
116	114
116	114
116	114
116	114
116	112
116	112
116	112
116	112
116	112
116	112
116	112
116	111
116	111
116	111
116	111
116	111
116	111
116	111
115	110
115	110
115	110
115	110
115	110
115	110
115	110
115	110
114	108
114	108
114	108
114	108
114	108
114	108
114	108
113	111
113	111
113	111
113	111
113	111
113	111
113	111
111	110
111	110
111	110
111	110
111	110
111	110
111	110
111	110
110	111
110	111
110	111
110	111
110	111
110	111
110	111
109	110
109	110
109	110
109	110
109	110
109	110
109	110
109	113
109	113
109	113
109	113
109	113
109	113
109	113
109	113
109	116
109	116
110	116
110	116
110	116
110	116
110	116
110	120
110	120
110	120
110	120
110	120
110	120
110	120
111	120
111	120
111	120
111	120
111	120
111	120
111	120
111	120
111	119
111	119
111	119
111	119
111	119
111	119
111	119
112	122
112	122
112	122
112	122
112	122
112	122
112	122
113	125
113	125
113	125
113	125
113	125
113	125
113	125
113	125
113	128
113	128
113	128
113	128
113	128
113	128
113	128
113	131
113	131
113	131
113	131
113	131
113	131
113	131
114	134
114	134
114	134
114	134
114	134
114	134
114	134
114	134
114	137
114	137
114	137
114	137
114	137
114	137
114	137
115	135
115	135
115	135
115	135
115	135
115	135
115	135
116	133
117	133
117	133
117	133
117	133
117	133
117	133
117	133
118	136
118	136
118	136
118	136
118	136
118	136
118	136
119	135
119	135
119	135
119	135
119	135
119	135
119	135
119	135
120	138
120	138
120	138
120	138
120	138
120	138
120	138
120	136
120	136
120	136
121	136
121	136
121	136
121	136
122	134
122	134
122	134
122	134
122	134
122	134
122	134
122	134
122	137
122	137
122	137
122	137
122	137
122	137
122	137
122	140
122	140
122	140
122	140
122	140
122	140
122	140
122	143
122	143
122	143
122	143
122	143
122	143
122	143
122	143
121	146
121	146
121	146
121	146
121	146
121	146
121	146
121	149
121	149
121	149
121	149
121	149
121	149
121	149
120	152
120	152
120	152
120	152
120	152
120	152
120	152
120	152
120	155
120	155
120	155
120	155
120	155
120	155
120	155
120	153
120	153
120	153
120	153
120	153
120	153
120	153
120	156
120	156
120	156
120	156
120	156
120	156
120	156
120	156
119	159
119	159
119	159
119	159
119	159
119	159
119	159
119	162
119	162
119	162
119	162
119	162
119	162
119	162
119	165
119	165
119	165
119	165
119	165
119	165
119	165
119	165
119	164
119	164
119	164
119	164
119	164
119	164
119	164
120	164
120	164
120	164
120	164
120	164
120	164
120	164
120	164
121	164
121	164
121	164
121	164
121	164
121	164
121	164
122	162
122	162
122	162
122	162
122	162
122	162
122	162
122	165
122	165
122	165
122	165
122	165
122	165
122	165
122	165
122	163
122	163
122	163
122	163
122	163
122	163
122	163
122	166
122	166
122	166
122	166
122	166
122	166
122	166
121	164
121	164
121	164
121	164
121	164
121	164
121	164
121	164
121	167
121	167
121	167
121	167
121	167
121	167
121	167
121	171
121	171
121	171
121	171
121	171
121	171
121	171
121	171
121	171
121	171
121	171
121	171
121	171
121	171
121	171
121	171
121	171
121	171
121	171
121	171
121	171
121	171
121	170
121	170
121	170
121	170
121	170
121	170
121	170
121	169
121	169
121	169
121	169
121	169
121	169
121	169
121	169
121	172
121	172
121	172
121	172
121	172
121	172
121	172
121	169
121	169
121	169
121	169
121	169
121	169
121	169
121	170
121	170
121	170
121	170
121	170
121	170
121	170
121	170
120	171
120	171
120	171
120	171
120	171
120	171
120	171
120	171
120	171
120	171
120	171
120	171
120	171
120	171
120	172
120	172
120	172
120	172
120	172
120	172
120	172
120	172
120	172
120	172
120	172
120	172
120	172
120	172
120	172
121	171
121	171
121	171
121	171
121	171
121	171
121	171
121	171
122	169
122	169
122	169
122	169
122	169
122	169
122	169
122	167
122	167
122	167
122	167
122	167
122	167
122	167
123	165
123	165
123	165
123	165
123	165
123	165
123	165
123	165
124	170
124	170
124	170
124	170
124	170
124	170
124	170
124	170
124	170
124	170
124	170
124	170
124	170
124	170
125	170
125	170
125	170
125	170
125	170
125	170
125	170
125	170
125	169
125	169
125	169
125	169
125	169
125	169
125	169
124	172
124	172
124	172
124	172
124	172
124	172
124	172
124	175
124	175
124	175
124	175
124	175
124	175
124	175
124	175
123	176
123	176
123	176
123	176
123	176
123	176
123	176
123	176
123	176
123	176
123	176
123	176
123	176
123	176
124	177
124	177
124	177
124	177
124	177
124	177
124	177
124	177
124	180
124	180
124	180
124	180
124	180
124	180
124	180
124	178
124	178
124	178
124	178
124	178
124	178
124	178
124	174
124	174
124	174
124	174
124	174
124	174
124	174
124	174
124	175
124	175
124	175
124	175
124	175
124	175
124	175
124	175
124	175
124	175
124	175
124	175
124	175
124	175
124	175
124	175
124	175
124	175
124	175
124	175
124	175
124	175
124	176
124	176
124	176
124	176
124	176
125	176
125	176
125	175
125	175
125	175
125	175
125	175
125	175
125	175
125	175
125	175
125	175
125	175
125	175
125	175
125	175
125	175
125	173
125	173
125	173
125	173
125	173
125	173
125	173
125	172
125	172
125	172
125	172
125	172
125	172
125	172
125	172
124	171
124	171
124	171
124	171
124	171
124	171
124	171
124	171
124	171
124	171
124	171
124	171
124	171
124	171
124	171
123	171
123	171
123	171
123	171
123	171
123	171
123	171
123	171
123	171
123	171
123	171
123	171
123	171
123	171
123	173
123	173
123	173
123	173
123	173
123	173
123	173
122	175
122	175
122	175
122	175
122	175
122	175
122	175
122	175
123	176
123	176
123	176
123	176
123	176
123	176
123	176
123	176
123	176
123	176
123	176
123	176
123	176
123	176
124	174
124	174
124	174
124	174
124	174
124	174
124	174
124	174
124	172
124	172
124	172
124	172
124	172
124	172
124	172
124	175
124	175
124	175
124	175
124	175
124	175
125	175
125	173
125	173
125	173
125	173
125	173
125	173
125	173
125	173
126	173
126	173
126	173
126	173
126	173
126	173
126	173
127	172
127	172
127	172
127	172
127	172
127	172
127	172
127	171
127	171
127	171
127	171
127	171
127	171
127	171
127	171
128	171
129	171
129	171
129	171
129	171
129	171
129	171
129	171
129	171
129	171
129	171
129	171
129	171
129	171
129	171
130	171
130	171
131	171
131	171
131	171
131	171
131	171
131	170
131	170
131	170
131	170
131	170
131	170
131	170
131	171
131	171
131	171
131	171
131	171
131	171
131	171
131	171
131	171
131	171
131	171
131	171
131	171
131	171
131	171
131	172
131	172
131	172
131	172
131	172
131	172
131	172
131	173
131	173
131	173
131	173
131	173
131	173
131	173
131	173
131	173
131	173
131	173
131	173
131	173
131	173
131	173
131	174
131	174
131	174
131	174
131	174
131	174
131	174
131	174
131	174
131	174
131	174
131	174
131	174
131	174
131	174
131	174
131	174
131	174
131	174
131	174
131	174
131	174
131	173
131	173
131	173
131	173
131	173
131	173
131	173
131	173
131	173
131	173
131	173
131	173
131	173
131	173
131	173
130	172
130	172
130	172
130	172
130	172
130	172
130	172
130	172
130	172
129	172
129	172
129	172
129	172
129	172
129	171
129	171
129	171
129	171
129	171
129	171
129	171
129	171
129	169
129	169
129	169
129	169
129	169
129	169
129	169
129	172
129	172
129	172
129	172
129	172
129	172
129	172
129	172
129	170
129	170
129	170
129	170
129	170
129	170
129	170
129	168
129	168
129	168
129	168
129	168
129	168
129	168
130	166
130	166
130	166
130	166
130	166
130	166
130	166
130	166
130	164
130	164
130	164
130	164
130	164
130	164
130	164
132	162
132	162
132	162
132	162
132	162
132	162
132	162
132	160
132	160
132	160
132	160
132	160
132	160
132	160
132	160
133	158
133	158
133	158
133	158
133	158
133	158
133	158
133	156
132	156
132	156
132	156
132	156
132	156
132	156
132	159
132	159
132	159
132	159
132	159
132	159
132	159
132	159
132	164
132	164
132	164
132	164
132	164
132	164
132	164
132	162
132	162
132	162
132	162
132	162
132	162
132	162
132	158
132	158
132	158
132	158
132	158
132	158
132	158
132	158
132	156
132	156
132	156
132	156
132	156
132	156
132	156
132	159
132	159
132	159
132	159
132	159
132	159
132	159
132	157
132	157
132	157
132	157
132	157
132	157
132	157
132	157
132	155
132	155
132	155
132	155
132	155
132	155
132	155
133	158
133	158
133	158
133	158
133	158
133	158
133	158
133	161
133	161
133	161
133	161
133	161
133	161
133	161
134	161
135	164
135	164
135	164
135	164
135	164
135	164
135	164
136	163
136	163
136	163
136	163
136	163
136	163
136	163
137	161
137	161
137	161
137	161
137	161
137	161
137	161
137	161
138	159
138	159
138	159
138	159
138	159
138	159
138	159
139	157
139	157
140	157
140	157
140	157
140	157
140	157
140	157
141	155
141	155
141	155
141	155
141	155
141	155
141	155
141	153
141	153
141	153
141	153
141	153
141	153
141	153
142	151
142	151
142	151
142	151
142	151
142	151
142	151
142	151
142	149
142	149
142	149
142	149
142	149
143	149
143	149
143	147
143	147
143	147
143	147
143	147
143	147
143	147
143	145
143	145
143	145
143	145
143	145
143	145
143	145
143	145
144	149
144	149
144	149
144	149
144	149
144	149
144	149
144	147
144	147
144	147
144	147
144	147
144	147
144	147
144	150
144	150
144	150
144	150
144	150
144	150
144	150
144	150
144	147
144	147
144	147
144	147
144	147
144	147
144	147
144	147
144	147
144	147
144	147
144	147
144	147
144	147
144	145
144	145
144	145
144	145
144	145
144	145
144	145
144	145
144	143
144	143
144	143
144	143
144	143
144	143
144	143
144	147
144	147
144	147
144	147
144	147
144	147
144	147
144	147
144	147
144	147
144	147
144	147
144	147
144	147
144	147
145	146
145	146
145	146
145	146
145	146
145	146
145	146
145	148
145	148
145	148
145	148
145	148
145	148
145	148
146	147
146	147
146	147
146	147
146	147
146	147
146	147
146	147
146	149
146	149
146	149
146	149
146	149
146	149
146	149
147	148
147	148
147	148
147	148
147	148
147	148
147	148
147	150
147	150
147	150
147	150
147	150
147	150
147	150
147	150
147	150
147	150
147	150
147	150
147	150
147	150
147	150
148	150
148	150
148	150
148	150
148	150
148	150
148	150
148	150
147	148
147	148
147	148
147	148
147	148
147	148
147	148
147	149
147	149
147	149
147	149
147	149
147	149
147	149
148	151
147	151
147	151
147	151
147	151
147	151
147	151
147	151
147	149
147	149
147	149
147	149
147	149
147	149
147	149
147	150
147	150
147	150
147	150
147	150
147	150
147	150
148	151
148	151
148	151
148	151
148	151
148	151
148	151
148	151
148	150
148	150
148	150
148	150
148	150
148	150
148	150
148	151
148	151
148	151
148	151
148	151
148	151
148	151
148	150
148	150
148	150
148	150
148	150
148	150
148	150
148	150
148	152
148	152
148	152
148	152
148	152
148	152
148	152
148	152
148	152
148	152
148	152
148	152
148	152
148	152
148	156
148	156
148	156
148	156
148	156
148	156
148	156
148	156
147	152
147	152
147	152
147	152
147	152
147	152
147	152
148	153
148	153
148	153
148	153
148	153
148	153
148	153
148	151
148	151
148	151
148	151
148	151
148	151
148	151
148	151
148	151
148	151
148	151
148	151
148	151
148	151
148	151
148	149
148	149
148	149
148	149
148	149
148	149
148	149
148	150
148	150
148	150
148	150
148	150
148	150
148	150
148	150
148	148
148	148
148	148
148	148
148	148
148	148
148	148
148	152
148	152
148	152
148	152
148	152
148	152
148	152
148	150
148	150
148	150
148	150
148	150
148	150
148	150
148	150
148	150
148	150
148	150
148	150
148	150
148	150
147	150
147	150
147	150
147	150
147	150
147	150
147	150
147	150
147	148
147	148
147	148
147	148
147	148
147	148
147	148
147	148
147	148
147	148
147	148
147	148
147	148
147	148
147	148
148	146
148	146
148	146
148	146
148	146
148	146
148	146
148	146
147	144
147	144
147	144
147	144
147	144
147	144
147	144
148	147
148	147
148	147
148	147
148	147
148	147
148	147
148	150
148	150
148	150
148	150
148	150
148	150
148	150
148	150
147	153
147	153
147	153
147	153
147	153
147	153
147	153
147	156
147	156
147	156
147	156
147	156
147	156
147	156
147	154
147	154
147	154
147	154
147	154
147	154
147	154
147	154
147	152
147	152
147	152
147	152
147	152
147	152
147	152
147	155
147	155
147	155
147	155
147	155
147	155
147	155
147	158
147	158
147	158
147	158
147	158
147	158
147	158
147	158
148	160
148	160
148	160
148	160
148	160
148	160
148	160
148	163
148	163
148	163
148	163
148	163
148	163
148	163
148	166
148	166
148	166
148	166
148	166
148	166
148	166
148	166
148	169
148	169
148	169
148	169
148	169
148	169
148	169
148	174
148	174
148	174
148	174
148	174
148	174
148	174
148	174
148	174
148	174
148	174
148	174
148	174
148	174
148	174
149	174
149	174
149	174
149	174
149	174
149	174
149	174
149	174
149	174
149	174
149	174
149	174
149	174
149	174
148	174
148	174
148	174
148	174
148	174
148	174
148	174
148	174
149	174
149	174
149	174
149	174
149	174
149	174
149	174
149	174
149	174
149	174
149	174
149	174
148	174
148	174
149	177
149	177
149	177
149	177
149	177
149	177
149	177
149	177
148	175
148	175
148	175
148	175
148	175
148	175
148	175
148	175
148	175
148	175
148	175
148	175
148	175
148	175
149	175
149	175
149	175
149	175
149	175
149	175
149	175
149	175
148	175
148	175
148	175
148	175
148	175
148	175
148	175
148	175
148	175
148	175
148	175
148	175
148	175
148	175
148	174
147	174
147	174
147	174
147	174
147	174
147	174
147	174
147	174
147	174
147	174
147	174
147	174
147	174
147	174
147	173
147	173
147	173
147	173
147	173
147	173
147	173
147	174
147	174
147	174
147	174
147	174
147	174
147	174
147	174
147	173
147	173
147	173
146	173
146	173
146	173
146	173
147	171
147	171
147	171
147	171
147	171
147	171
147	171
147	173
147	173
147	173
147	173
147	173
147	173
147	173
147	173
147	173
147	173
147	173
147	173
147	173
147	173
147	173
147	173
147	173
147	173
147	173
147	173
147	173
147	173
147	173
148	173
148	173
148	173
148	173
148	173
148	173
148	173
148	173
148	173
148	173
148	173
148	173
148	173
148	173
148	172
148	172
148	172
148	172
148	172
148	172
148	172
148	172
149	173
149	173
149	173
149	173
149	173
149	173
149	173
149	173
149	173
149	173
149	173
149	173
149	173
149	173
149	173
149	173
149	173
149	173
149	173
149	173
149	173
149	173
150	173
150	173
151	173
151	173
151	173
151	173
151	173
151	173
151	173
151	173
151	173
151	173
151	173
151	173
151	172
151	172
151	172
151	172
151	172
151	172
151	172
151	172
151	171
151	171
151	171
151	171
151	171
151	171
151	171
152	169
152	169
152	169
152	169
152	169
152	169
152	169
152	167
152	167
152	167
152	167
152	167
152	167
152	167
152	167
152	165
152	165
152	165
152	165
152	165
152	165
152	165
152	163
152	163
152	163
152	163
152	163
152	163
152	163
152	161
152	161
152	161
152	161
152	161
152	161
152	161
152	161
151	159
151	159
151	159
151	159
151	159
151	159
151	159
151	157
151	157
151	157
151	157
151	157
151	157
151	157
151	156
151	156
151	156
151	156
151	156
151	156
151	156
151	156
151	159
151	159
151	159
151	159
151	159
151	159
151	159
150	162
151	162
151	162
151	162
151	162
151	162
151	162
151	162
151	162
151	162
151	162
151	162
151	162
151	162
151	162
151	163
151	163
151	163
151	163
151	163
151	163
151	163
151	161
151	161
151	161
151	161
151	161
151	161
151	161
152	159
152	159
152	159
152	159
152	159
152	159
152	159
152	159
151	157
151	157
151	157
151	157
151	157
151	157
151	157
151	162
151	162
151	162
151	162
151	162
151	162
152	162
152	160
152	160
152	160
152	160
152	160
152	160
152	160
152	160
152	158
152	158
152	158
152	158
152	158
152	158
152	158
152	161
152	161
152	161
152	161
152	161
152	161
152	161
153	164
153	164
153	164
153	164
153	164
153	164
153	164
153	164
153	169
154	169
154	169
154	169
154	169
154	169
154	169
154	169
154	169
154	169
154	169
154	169
154	169
154	169
154	168
154	168
154	168
154	168
154	168
154	168
154	168
154	168
154	168
154	168
154	168
154	168
154	168
154	168
154	168
154	168
154	168
154	168
154	168
154	168
154	168
154	168
154	169
154	169
154	169
154	169
154	169
154	169
154	169
154	169
154	169
154	169
154	169
154	169
154	169
154	169
154	169
154	170
154	170
154	170
154	170
154	170
154	170
154	170
154	168
154	168
154	168
154	168
154	168
154	168
154	168
154	168
154	169
154	169
154	169
154	169
154	169
154	169
154	169
153	172
153	172
153	172
153	172
153	172
153	172
153	172
153	172
153	170
153	170
153	170
153	170
153	170
153	170
153	170
153	168
153	168
153	168
153	168
153	168
153	168
153	168
153	169
153	169
153	169
153	169
153	169
153	169
153	169
153	169
152	169
152	169
152	169
152	169
152	169
152	169
152	169
152	169
151	169
151	169
151	169
151	169
151	169
151	169
151	170
151	170
151	170
151	170
151	170
151	170
151	170
151	170
151	171
151	171
151	171
151	171
151	171
151	171
151	171
151	171
151	171
151	171
151	171
151	171
151	171
151	171
151	172
151	172
151	172
151	172
151	172
151	172
151	172
151	172
152	172
152	172
152	172
152	172
152	172
152	172
152	172
152	172
152	172
152	172
152	172
152	172
152	172
152	172
152	170
152	170
152	170
152	170
152	170
152	170
152	170
152	170
152	168
152	168
152	168
152	168
152	168
152	168
152	168
152	166
152	166
152	166
152	166
152	166
152	166
152	166
152	169
152	169
152	169
152	169
152	169
152	169
152	169
152	169
153	172
153	172
153	172
153	172
153	172
153	172
153	172
153	170
153	170
153	170
153	170
153	170
153	170
153	170
153	168
153	168
153	168
153	168
153	168
153	168
153	168
153	168
153	170
153	170
153	170
153	170
153	170
153	170
153	170
153	170
153	170
153	170
153	170
153	170
153	170
153	170
153	170
153	170
153	170
153	170
153	170
153	170
153	170
153	170
153	170
153	170
153	170
153	170
153	170
153	170
153	170
153	170
153	170
153	170
153	170
153	170
153	170
153	170
153	170
153	170
153	170
153	170
153	170
153	170
153	170
153	170
153	173
153	173
153	173
153	173
153	173
153	173
153	173
154	171
154	171
154	171
154	171
154	171
154	171
154	171
154	169
154	169
154	169
154	169
154	169
154	169
154	169
154	169
154	167
154	167
154	167
154	167
154	167
154	167
154	167
154	165
154	165
154	165
154	165
154	165
154	165
154	165
154	163
154	163
154	163
154	163
154	163
154	163
154	163
154	163
153	166
153	166
154	166
154	166
154	166
154	166
154	166
153	170
153	170
153	170
153	170
153	170
153	170
153	170
153	170
153	170
153	170
153	170
153	170
153	170
153	170
153	170
153	169
153	169
153	169
153	169
153	169
153	169
153	169
153	170
153	170
153	170
153	170
152	170
152	170
152	170
152	168
152	168
152	168
152	168
152	168
152	168
152	168
152	168
153	172
153	172
153	172
153	172
153	172
153	172
153	172
153	172
153	172
153	172
153	172
153	172
153	172
153	172
153	172
153	172
153	172
153	172
153	172
153	172
153	172
153	172
153	173
153	173
153	173
153	173
153	173
153	173
153	173
152	174
152	174
152	174
152	174
152	174
152	174
152	174
152	172
152	172
152	172
152	172
152	172
152	172
152	172
152	172
153	174
153	174
153	174
153	174
153	174
153	174
153	174
153	172
153	172
153	172
153	172
153	172
153	172
153	172
153	170
153	170
153	170
153	170
153	170
153	170
153	170
153	170
153	168
153	168
153	168
154	168
154	168
154	168
154	168
154	166
154	166
154	166
154	166
154	166
154	166
154	166
154	166
155	164
155	164
155	164
155	164
155	164
155	164
155	164
155	162
155	162
155	162
155	162
155	162
155	162
155	162
156	160
156	160
156	160
156	160
156	160
156	160
156	160
156	160
157	160
157	160
157	160
157	160
157	160
157	160
157	160
157	159
157	159
157	159
157	159
157	159
157	159
157	159
157	157
157	157
157	157
157	157
157	157
157	157
157	157
157	157
158	155
158	155
158	155
158	155
158	155
158	155
158	155
158	158
159	158
159	158
159	158
159	158
159	158
159	158
158	162
158	162
158	162
158	162
158	162
158	162
158	162
158	162
159	160
159	160
159	160
159	160
159	160
159	160
159	160
158	162
158	162
158	162
158	162
158	162
158	162
158	162
158	160
158	160
158	160
158	160
158	160
158	160
158	160
158	160
158	158
158	158
158	158
158	158
158	158
158	158
158	158
158	163
158	163
158	163
158	163
158	163
158	163
158	163
158	162
158	162
158	162
158	162
158	162
158	162
158	162
158	162
157	160
157	160
157	160
157	160
157	160
157	160
157	160
157	160
157	160
157	160
157	160
157	160
157	160
157	160
157	161
157	161
157	161
157	161
157	161
157	161
157	161
157	161
157	160
157	160
157	160
157	160
157	160
157	160
157	160
157	158
157	158
157	158
157	158
157	158
157	158
157	158
157	159
157	159
157	159
157	159
157	159
157	159
157	159
157	159
157	162
157	162
157	162
157	162
157	162
157	162
157	162
158	160
158	160
158	160
158	160
158	160
158	160
158	160
158	158
158	158
158	158
158	158
158	158
158	158
158	158
158	158
158	162
158	162
158	162
158	162
158	162
158	162
158	162
158	160
158	160
158	160
158	160
158	160
158	160
158	160
158	159
158	159
158	159
158	159
158	159
158	159
158	159
158	159
158	157
158	157
158	157
158	157
158	157
158	157
158	157
158	155
158	155
158	155
158	155
158	155
158	155
158	155
158	160
158	160
158	160
158	160
158	160
158	160
158	160
158	160
157	158
157	158
157	158
157	158
157	158
157	158
157	158
157	156
157	156
157	156
157	156
157	156
157	156
157	156
157	154
157	154
157	154
157	154
157	154
157	154
157	154
157	154
157	157
157	157
157	157
157	157
157	157
157	157
157	157
156	161
156	161
156	161
156	161
156	161
156	161
156	161
156	161
156	161
156	161
156	161
156	161
156	161
156	161
156	161
156	161
156	161
156	161
156	161
156	161
156	161
156	161
156	160
156	160
156	160
155	160
155	160
155	160
155	160
155	159
155	159
155	159
155	159
155	159
155	159
155	159
155	159
155	160
155	160
155	160
155	160
155	160
155	160
155	160
155	161
155	161
155	161
155	161
155	161
155	161
155	161
155	159
155	159
155	159
155	159
155	159
155	159
155	159
155	159
156	159
156	159
156	159
156	159
156	159
156	159
156	159
156	159
156	159
156	159
156	159
156	159
156	159
156	159
156	159
156	157
156	157
156	157
156	157
156	157
156	157
156	157
157	157
157	157
157	157
157	157
157	157
157	157
157	157
157	158
157	158
157	158
157	158
157	158
157	158
157	158
157	158
157	158
157	158
157	158
157	158
157	158
157	158
157	158
157	161
157	161
157	161
157	161
157	161
157	161
157	161
158	160
158	160
158	160
158	160
158	160
158	160
158	160
158	160
158	159
158	159
158	159
158	159
158	159
158	159
158	159
158	161
158	161
158	161
158	161
158	161
158	161
158	161
158	163
158	163
158	163
158	163
159	163
159	163
159	163
159	163
159	163
159	163
159	163
159	163
159	163
159	163
159	163
160	163
160	163
160	163
160	163
160	163
160	163
160	163
160	163
160	163
160	163
160	163
160	163
160	163
160	163
160	163
160	166
160	166
160	166
160	166
160	166
160	166
160	166
161	165
161	165
161	165
161	165
161	165
161	165
161	165
161	164
161	164
161	164
161	164
161	164
161	164
161	164
161	164
161	162
161	162
161	162
161	162
161	162
161	162
161	162
161	160
161	160
161	160
161	160
161	160
161	160
161	160
161	158
160	158
160	158
160	158
160	158
160	158
160	158
160	158
160	156
160	156
160	156
160	156
160	156
160	156
160	156
160	159
160	159
160	159
160	159
160	159
160	159
160	159
160	157
160	157
160	157
160	157
160	157
160	157
160	157
160	157
160	155
160	155
160	155
160	155
160	155
160	155
160	155
160	153
160	153
160	153
160	153
160	153
160	153
160	153
160	151
160	151
160	151
160	151
160	151
160	151
160	151
160	151
160	154
160	154
160	154
160	154
160	154
160	154
160	154
160	157
160	157
160	157
160	157
160	157
160	157
160	157
161	155
161	155
161	155
161	155
161	155
161	155
161	155
161	155
161	153
161	153
161	153
161	153
161	153
161	153
161	153
161	151
162	151
162	151
162	151
162	151
162	151
162	151
162	149
162	149
162	149
162	149
162	149
162	149
162	149
162	149
163	147
163	147
163	147
163	147
163	147
163	147
163	147
163	145
163	145
163	145
163	145
163	145
163	145
163	145
163	143
163	143
163	143
163	143
163	143
163	143
163	143
163	143
163	146
163	146
163	146
163	146
163	146
163	146
163	146
163	144
163	144
163	144
163	144
163	144
163	144
163	144
163	142
163	142
163	142
163	142
163	142
163	142
163	142
163	142
162	140
162	140
162	140
162	140
162	140
162	140
162	140
162	138
162	138
162	138
162	138
162	138
162	138
162	138
162	141
162	141
162	141
162	141
162	141
162	141
162	141
162	141
162	144
162	144
162	144
162	144
162	144
162	144
162	144
162	148
162	148
162	148
162	148
162	148
162	148
162	148
162	146
162	146
162	146
162	146
162	146
162	146
162	146
162	146
162	144
162	144
162	144
162	144
162	144
162	144
162	144
162	142
162	142
162	142
162	142
162	142
162	142
162	142
162	142
163	140
163	140
163	140
163	140
163	140
163	140
163	140
163	138
163	138
163	138
163	138
163	138
163	138
163	138
164	136
164	136
164	136
164	136
164	136
164	136
164	136
164	136
164	134
164	134
164	134
164	134
164	134
164	134
164	134
164	132
164	132
164	132
164	132
164	132
164	132
164	132
163	130
163	130
163	130
163	130
163	130
163	130
163	130
163	130
164	128
164	128
164	128
164	128
164	128
164	128
164	128
164	126
164	126
164	126
164	126
164	126
164	126
164	126
164	124
164	124
164	124
164	124
164	124
164	124
164	124
164	124
164	122
164	122
164	122
164	122
164	122
164	122
164	122
164	120
164	120
164	120
164	120
164	120
164	120
164	120
164	118
164	118
164	118
164	118
164	118
164	118
164	118
164	118
164	116
164	116
164	116
164	116
164	116
164	116
164	116
165	116
165	116
165	116
165	116
165	116
165	116
165	116
165	114
165	114
165	114
164	114
164	114
164	114
164	114
164	114
164	112
164	112
164	112
164	112
164	112
164	112
164	112
164	110
164	110
164	110
164	110
164	110
164	110
164	110
164	113
164	113
164	113
164	113
164	113
164	113
164	113
164	113
164	116
164	116
164	116
164	116
164	116
164	116
164	116
164	118
164	118
164	118
164	118
164	118
164	118
164	118
164	118
164	118
164	118
164	118
164	118
164	118
164	118
164	118
164	116
164	116
164	116
164	116
164	116
164	116
164	116
164	116
164	116
164	116
164	116
164	116
164	116
164	116
164	114
164	114
164	114
164	114
164	114
164	114
164	114
164	114
164	115
164	115
164	115
164	115
164	115
164	115
164	115
164	116
163	116
163	116
163	116
163	116
163	116
163	116
163	115
163	115
163	115
163	115
163	115
163	115
163	115
163	115
163	115
163	115
163	115
163	115
163	115
163	115
163	115
163	113
163	113
163	113
163	113
163	113
163	113
163	113
163	116
163	116
163	116
163	116
163	116
163	116
163	116
163	116
163	114
163	114
163	114
163	114
163	114
163	114
163	114
163	119
163	119
163	119
163	119
163	119
163	119
163	119
163	119
163	119
163	119
163	119
163	119
163	119
163	119
163	119
163	117
163	117
163	117
163	117
163	117
163	117
163	117
164	115
164	115
164	115
164	115
164	115
164	115
164	115
164	113
164	113
164	113
164	113
164	113
164	113
164	113
164	113
164	111
164	111
164	111
164	111
164	111
164	111
164	111
164	114
164	114
164	114
164	114
164	114
164	114
164	114
164	117
164	117
164	117
164	117
164	117
164	117
164	117
164	117
164	115
164	115
164	115
164	115
164	115
164	115
164	115
164	113
164	113
164	113
164	113
164	113
164	113
164	113
164	116
164	116
164	116
164	116
164	116
164	116
164	116
164	116
164	114
164	114
164	114
164	114
164	114
164	114
164	114
164	113
164	113
164	113
164	113
164	113
164	113
164	113
164	111
164	111
164	111
164	111
164	111
164	111
164	111
164	111
164	109
164	109
164	109
164	109
164	109
164	109
164	109
164	109
164	109
164	109
164	109
164	109
164	109
164	109
164	107
164	107
164	107
164	107
164	107
164	107
164	107
164	107
164	110
164	110
164	110
164	110
164	110
164	110
164	110
164	110
165	110
165	110
165	110
165	110
165	110
165	110
165	110
165	108
165	108
165	108
165	108
165	108
165	108
165	108
165	106
165	106
165	106
165	106
165	106
165	106
165	106
165	104
165	104
165	104
165	104
165	104
165	104
165	104
165	104
165	102
165	102
165	102
165	102
165	102
165	102
165	102
165	98
165	98
165	98
165	98
165	98
165	98
165	98
166	99
166	99
166	99
166	99
166	99
166	99
166	99
166	99
166	97
166	97
166	97
166	97
166	97
166	97
166	97
166	102
166	102
166	102
166	102
166	102
166	102
166	102
166	101
166	101
166	101
166	101
166	101
166	101
166	101
166	101
166	100
166	100
166	100
166	100
166	100
166	100
166	100
166	99
166	99
166	99
166	99
166	99
166	99
166	99
166	99
166	99
166	99
166	99
166	99
166	99
166	99
166	99
166	99
166	99
166	99
166	99
166	99
166	99
166	99
166	97
166	97
166	97
166	97
166	97
166	97
166	97
167	94
167	94
167	94
167	94
167	94
167	94
167	94
167	94
167	96
167	96
167	96
167	96
167	96
167	96
167	96
167	99
167	99
167	99
167	99
167	99
167	99
167	99
167	99
167	99
167	99
167	99
167	99
167	99
167	99
167	99
166	99
166	99
166	99
166	99
166	99
166	99
166	99
166	98
166	98
166	98
166	98
166	98
166	98
166	98
166	98
166	98
166	98
166	98
166	98
166	98
166	98
166	98
166	101
166	101
166	101
166	101
166	101
166	101
166	101
166	106
166	106
166	106
166	106
166	106
166	106
166	106
166	104
166	104
166	104
166	104
166	104
166	104
166	104
166	104
165	102
165	102
165	102
165	102
165	102
165	102
165	102
165	105
165	105
165	105
165	105
165	105
165	105
165	105
165	103
165	103
165	103
165	103
165	103
165	103
165	103
165	103
165	104
165	104
165	104
165	104
165	104
165	104
165	104
165	107
165	107
165	107
165	107
165	107
165	107
165	107
165	109
165	109
164	109
164	109
164	109
164	109
164	109
164	109
164	105
164	105
164	105
164	105
164	105
164	105
164	105
165	108
165	108
165	108
165	108
165	108
165	108
165	108
165	110
165	110
165	110
165	110
165	110
165	110
165	110
165	110
165	108
165	108
165	108
165	108
165	108
165	108
166	108
166	109
166	109
166	109
166	109
166	109
166	109
166	109
166	107
166	107
166	107
166	107
166	107
166	107
166	107
166	107
167	105
167	105
167	105
167	105
167	105
167	105
167	105
167	108
167	108
167	108
167	108
167	108
167	108
167	108
167	111
168	111
168	111
168	111
168	111
168	111
168	111
168	111
168	114
168	114
168	114
168	114
168	114
168	114
168	114
167	112
167	112
168	112
168	112
168	112
168	112
168	112
168	115
168	115
168	115
168	115
168	115
168	115
168	115
168	115
168	113
168	113
168	113
168	113
168	113
168	113
168	113
167	116
167	116
167	116
167	116
167	116
167	116
167	116
168	119
168	119
168	119
168	119
168	119
168	119
168	119
168	119
168	122
168	122
168	122
168	122
168	122
168	122
168	122
168	125
168	125
168	125
168	125
168	125
168	125
168	125
167	128
167	128
167	128
167	128
167	128
167	128
167	128
167	128
167	126
167	126
167	126
167	126
167	126
167	126
167	126
167	125
167	125
167	125
167	125
167	125
167	125
167	125
167	123
167	123
167	123
167	123
167	123
167	123
167	123
167	123
168	121
168	121
168	121
168	121
168	121
168	121
168	121
167	125
167	125
167	125
167	125
167	125
167	125
167	125
167	123
167	123
168	123
168	123
168	123
168	123
168	123
168	123
168	126
168	126
168	126
168	126
168	126
168	126
168	126
168	124
168	124
168	124
168	124
168	124
168	124
168	124
169	122
169	122
169	122
169	122
169	122
169	122
169	122
169	122
169	125
169	125
169	125
169	125
169	125
169	125
169	125
169	128
169	128
169	128
169	128
169	128
169	128
169	128
169	131
169	131
169	131
169	131
169	131
169	131
169	131
169	131
169	129
169	129
169	129
169	129
169	129
169	129
169	129
169	127
169	127
169	127
169	127
169	127
169	127
169	127
169	125
169	125
169	125
169	125
169	125
169	125
169	125
169	125
169	123
169	123
169	123
169	123
169	123
169	123
169	123
169	121
169	121
169	121
169	121
169	121
169	121
169	121
169	124
169	124
169	124
169	124
169	124
169	124
169	124
169	124
169	121
169	121
169	121
169	121
169	121
169	121
169	121
168	124
168	124
168	124
168	124
168	124
168	124
168	124
168	122
168	122
168	122
168	122
168	122
168	122
168	122
168	122
168	125
168	125
168	125
168	125
168	125
168	125
168	125
168	128
168	128
168	128
168	128
168	128
168	128
168	128
168	131
168	131
168	131
168	131
168	131
168	131
168	131
168	131
168	130
168	130
168	130
168	130
168	130
168	130
168	130
168	133
168	133
168	133
168	133
168	133
168	133
168	133
168	138
168	138
168	138
168	138
168	138
168	138
168	138
168	138
168	138
168	138
168	138
168	138
168	138
168	138
168	138
167	137
167	137
167	137
167	137
167	137
167	137
167	137
167	137
167	137
167	137
167	137
167	137
167	137
167	137
167	137
167	140
167	140
167	140
167	140
167	140
167	140
167	140
167	143
167	143
167	143
167	143
167	143
167	143
167	143
167	143
167	146
167	146
167	146
167	146
167	146
167	146
167	146
167	149
167	149
167	149
167	149
167	149
167	149
167	149
167	152
167	152
167	152
167	152
167	152
167	152
167	152
167	152
167	155
167	155
167	155
167	155
167	155
167	155
167	155
167	158
167	158
167	158
167	158
167	158
167	158
167	158
168	154
168	154
168	154
168	154
168	154
168	154
168	154
168	154
168	154
168	154
168	154
168	154
168	154
168	154
168	154
168	158
168	158
168	158
168	158
168	158
168	158
168	158
168	161
168	161
168	161
168	161
168	161
168	161
168	161
168	161
168	159
168	159
168	159
168	159
168	159
168	159
168	159
169	158
169	158
169	158
169	158
169	158
169	158
169	158
169	161
169	161
169	161
169	161
169	161
169	161
169	161
169	161
169	160
169	160
169	160
169	160
169	160
169	160
169	160
169	163
169	163
169	163
169	163
169	163
169	163
169	163
168	166
168	166
168	166
168	166
168	166
168	166
168	166
168	166
168	164
168	164
168	164
168	164
168	164
168	164
168	164
168	162
168	162
168	162
168	162
168	162
168	162
168	162
168	165
168	165
168	165
168	165
168	165
168	165
168	165
168	165
169	163
169	163
169	163
169	163
169	163
169	163
169	163
169	166
169	166
169	166
169	166
169	166
169	166
169	166
169	169
169	169
169	169
169	169
169	169
169	169
169	169
169	169
170	172
170	172
170	172
170	172
170	172
170	172
170	172
170	175
170	175
170	175
170	175
170	175
170	175
170	175
170	175
170	175
170	175
170	175
170	175
170	175
170	175
170	175
170	175
170	175
170	175
170	175
170	175
170	175
170	175
170	175
170	175
170	175
170	175
170	175
170	175
170	175
171	175
171	175
171	175
171	175
171	175
171	175
171	175
171	175
171	175
171	175
171	175
171	175
171	175
171	175
171	175
170	175
170	175
170	175
170	175
170	175
170	175
170	175
170	175
170	175
170	175
170	175
170	175
170	175
170	175
170	175
170	175
170	175
170	175
170	175
170	175
170	175
170	175
170	174
170	174
170	174
170	174
170	174
170	174
170	174
170	174
170	174
170	174
170	174
170	174
170	174
170	174
170	174
170	175
170	175
170	175
170	175
170	175
170	175
170	175
170	174
170	174
170	174
170	174
170	174
170	174
170	174
169	174
169	174
169	174
169	174
169	174
169	174
169	174
169	174
169	174
169	174
169	174
169	174
169	174
169	174
169	174
168	174
168	174
168	174
168	174
168	174
168	174
168	174
168	173
168	173
168	173
168	173
168	173
168	173
168	173
168	173
167	171
167	171
167	171
167	171
167	171
167	171
167	171
167	169
167	169
167	169
167	169
167	169
167	169
167	169
167	169
168	169
168	169
168	169
168	169
168	169
168	169
168	169
168	168
168	168
168	168
168	168
168	168
168	168
168	168
168	170
168	170
168	170
168	170
168	170
168	170
168	170
168	170
168	174
168	174
168	174
168	174
168	174
168	174
167	174
167	173
167	173
167	173
167	173
167	173
167	173
167	173
167	173
167	173
167	173
167	173
167	173
167	173
167	173
167	173
167	174
167	174
167	174
167	174
167	174
167	174
167	174
168	174
168	174
168	174
168	174
168	174
168	174
168	174
168	174
168	174
168	174
168	174
168	174
168	174
168	174
168	174
168	171
168	171
168	171
168	171
168	171
168	171
168	171
168	174
168	174
168	174
168	174
168	174
168	174
168	174
168	170
168	170
168	170
168	170
168	170
168	170
168	170
168	170
168	170
168	170
168	170
168	170
168	170
168	170
168	170
168	171
168	171
168	171
168	171
168	171
168	171
168	171
169	175
169	175
169	175
169	175
169	175
169	175
169	175
169	175
169	175
169	175
169	175
169	175
169	175
169	175
169	175
170	174
170	174
170	174
170	174
170	174
170	174
170	174
170	175
170	175
170	175
170	175
170	175
170	175
170	175
170	175
170	175
170	175
170	175
170	175
170	175
170	175
170	175
171	175
171	175
171	175
171	175
171	175
171	175
171	175
171	176
171	176
171	176
171	176
171	176
171	176
171	176
171	176
171	176
171	176
171	176
171	176
171	176
171	176
171	176
171	175
171	175
171	175
171	175
171	175
171	175
171	175
171	178
171	178
171	178
171	178
171	178
171	178
171	178
171	178
171	176
171	176
171	176
171	176
171	176
171	176
171	176
171	174
171	174
171	174
171	174
171	174
171	174
171	174
171	172
171	172
171	172
171	172
171	172
171	172
171	172
171	172
171	170
171	170
171	170
171	170
171	170
171	170
171	170
171	168
171	168
171	168
171	168
171	168
171	168
171	168
171	166
171	166
171	166
171	166
171	166
171	166
171	166
171	166
172	169
172	169
172	169
172	169
172	169
172	169
172	169
171	168
171	168
171	168
171	168
171	168
171	168
171	168
171	168
171	168
171	168
171	168
171	168
171	168
171	168
171	168
171	166
171	166
171	166
171	166
171	166
171	166
171	166
171	171
171	171
171	171
171	171
171	171
171	171
171	171
171	171
170	169
170	169
170	169
170	169
170	169
170	169
170	169
170	167
170	167
170	167
170	167
170	167
170	167
170	167
169	165
169	165
169	165
169	165
169	165
169	165
169	165
169	165
169	168
169	168
169	168
169	168
169	168
169	168
169	168
169	173
169	173
169	173
169	173
169	173
169	173
169	173
168	173
168	173
168	173
168	173
168	173
168	173
168	173
168	173
168	173
168	173
168	173
168	173
168	173
168	173
168	173
168	171
168	171
168	171
168	171
168	171
168	171
168	171
168	169
168	169
168	169
168	169
168	169
168	169
168	169
168	169
167	167
167	167
167	167
167	167
167	167
167	167
167	167
167	165
167	165
167	165
167	165
167	165
167	165
167	165
167	163
167	163
167	163
167	163
167	163
167	163
167	163
167	163
167	161
167	161
167	161
167	161
167	161
167	161
167	161
167	162
167	162
167	162
167	162
167	162
167	162
167	162
167	160
167	160
166	160
166	160
166	160
166	160
166	160
166	160
166	158
166	158
166	158
166	158
166	158
166	158
166	158
165	156
165	156
165	156
165	156
165	156
165	156
165	156
165	154
165	154
165	154
165	154
165	154
165	154
165	154
165	154
165	152
165	152
165	152
165	152
165	152
165	152
165	152
165	150
165	150
165	150
165	150
165	150
165	150
165	150
165	153
165	153
165	153
165	153
165	153
165	153
165	153
165	153
165	156
165	156
165	156
165	156
165	156
165	156
165	156
165	154
165	154
165	154
165	154
165	154
165	154
165	154
166	152
166	152
166	152
166	152
166	152
166	152
166	152
166	152
166	155
166	155
166	155
166	155
166	155
166	155
166	155
167	158
167	158
167	158
167	158
167	158
167	158
167	158
167	163
167	163
167	163
167	163
167	163
167	163
167	163
167	163
168	161
168	161
168	161
168	161
168	161
168	161
168	161
168	164
168	164
168	164
168	164
168	164
168	164
168	164
168	164
168	167
168	167
168	167
168	167
168	167
168	167
168	167
168	171
168	171
168	171
168	171
168	171
168	171
168	171
168	171
168	171
168	171
168	171
168	171
168	171
168	171
168	171
168	171
168	171
168	171
168	171
168	171
168	171
168	171
168	172
168	172
168	172
168	172
168	172
168	172
168	172
168	172
168	172
168	172
168	172
168	172
168	172
168	172
168	172
168	172
168	172
168	172
168	172
168	172
168	172
168	172
168	172
168	172
168	172
168	172
168	172
168	172
168	172
168	172
168	172
168	172
168	172
168	172
168	172
168	172
168	172
168	170
168	170
168	170
168	170
168	170
168	170
168	170
168	172
168	172
168	172
168	172
168	172
168	172
168	172
168	171
168	171
168	171
168	171
168	171
168	171
168	171
168	171
168	171
168	171
168	171
168	171
168	171
168	171
168	171
168	171
168	171
168	171
168	171
168	171
168	171
168	171
168	169
168	169
168	169
168	169
168	169
168	169
168	169
168	169
168	172
168	172
168	172
168	172
168	172
168	172
168	172
168	173
168	173
168	173
168	173
168	173
168	173
168	173
168	173
168	173
168	173
168	173
168	173
168	173
168	173
168	173
168	173
168	173
168	173
168	173
168	173
168	173
168	173
168	173
168	173
168	173
168	173
168	173
168	173
168	173
168	173
168	173
168	173
168	173
168	173
168	173
168	173
168	173
168	173
168	173
168	173
168	173
168	173
168	173
168	173
168	171
168	171
168	171
168	171
168	171
168	171
168	171
168	169
168	169
168	169
168	169
168	169
168	169
168	169
168	169
167	169
167	169
167	169
167	169
167	169
167	169
167	169
167	167
167	167
167	167
167	167
167	167
167	167
167	167
167	167
167	165
167	165
167	165
167	165
167	165
167	165
167	165
167	169
167	169
167	169
167	169
167	169
167	169
167	169
167	169
167	169
167	169
167	169
167	169
167	169
167	169
167	169
168	167
168	167
168	167
168	167
168	167
168	167
168	167
168	170
168	170
168	170
168	170
168	170
168	170
168	170
168	168
168	168
168	168
168	168
168	168
168	168
168	168
168	168
168	166
168	166
168	166
168	166
168	166
168	166
168	166
168	164
168	164
168	164
168	164
168	164
168	164
168	164
168	162
168	162
168	162
168	162
168	162
168	162
168	162
168	162
168	164
168	164
168	164
168	164
168	164
168	164
168	164
168	162
168	162
168	162
168	162
168	162
168	162
168	162
168	160
168	160
168	160
168	160
168	160
168	160
168	160
168	160
168	158
168	158
168	158
168	158
168	158
168	158
168	158
169	156
169	156
169	156
169	156
169	156
169	156
169	156
169	159
169	159
169	159
169	159
169	159
169	159
169	159
169	159
170	157
170	157
170	157
170	157
170	157
170	157
170	157
170	155
170	155
170	155
170	155
170	155
170	155
170	155
170	153
170	153
170	153
170	153
170	153
171	153
171	153
171	153
171	151
171	151
171	151
171	151
171	151
171	151
171	151
171	149
171	149
171	149
171	149
171	149
171	149
171	149
172	147
172	147
172	147
172	147
172	147
172	147
172	147
172	147
172	145
172	145
172	145
172	145
172	145
172	145
172	145
172	148
172	148
172	148
172	148
172	148
172	148
172	148
172	151
172	151
172	151
172	151
172	151
172	151
172	151
172	151
173	149
173	149
173	149
173	149
173	149
173	149
173	149
173	152
173	152
173	152
173	152
173	152
173	152
173	152
173	152
173	154
173	154
173	154
173	154
173	154
173	154
173	154
173	157
173	157
173	157
173	157
173	157
173	157
173	157
173	157
173	157
173	157
173	157
172	157
172	157
172	157
172	157
172	155
172	155
172	155
172	155
172	155
172	155
172	155
172	158
172	158
172	158
172	158
172	158
172	158
172	158
172	161
172	161
172	161
172	161
172	161
172	161
172	161
172	161
172	159
172	159
172	159
172	159
172	159
172	159
172	159
171	162
171	162
171	162
171	162
171	162
171	162
171	162
171	160
171	160
171	160
171	160
171	160
171	160
171	160
171	160
171	158
171	158
171	158
171	158
171	158
171	158
171	158
170	156
170	156
170	156
170	156
170	156
170	156
170	156
170	154
170	154
170	154
170	154
170	154
170	154
170	154
170	154
170	152
170	152
170	152
170	152
170	152
170	152
170	152
170	155
170	155
170	155
170	155
170	155
170	155
170	155
170	158
170	158
170	158
170	158
170	158
170	158
170	158
170	158
171	158
171	158
171	158
171	158
171	158
171	158
171	158
170	156
170	156
170	156
170	156
170	156
170	156
170	156
170	159
170	159
170	159
170	159
170	159
170	159
170	159
170	159
169	164
169	164
169	164
169	164
169	164
169	164
169	164
169	162
169	162
169	162
169	162
169	162
169	162
169	162
169	167
169	167
169	167
169	167
169	167
169	167
169	167
169	167
169	169
169	169
169	169
169	169
169	169
169	169
169	169
169	169
169	169
169	169
169	169
169	169
169	169
169	169
169	170
169	170
169	170
169	170
169	170
169	170
169	170
169	170
169	168
169	168
169	168
169	168
169	168
169	168
169	168
169	166
169	166
169	166
169	166
169	166
169	166
169	166
169	166
170	164
170	164
170	164
170	164
170	164
170	164
170	164
170	167
170	167
170	167
170	167
170	167
170	167
170	167
170	170
170	170
170	170
170	170
170	170
170	170
170	170
170	170
169	172
169	172
169	172
169	172
169	172
169	172
169	172
170	172
170	172
170	172
170	172
170	172
170	172
170	172
170	171
170	171
170	171
170	171
170	171
170	171
170	171
170	171
170	174
170	174
170	174
170	174
170	174
170	174
171	174
171	178
171	178
171	178
171	178
171	178
171	178
171	178
171	177
171	177
171	177
171	177
171	177
171	177
171	177
171	177
171	176
171	176
171	176
171	176
171	176
171	176
171	176
171	176
171	176
171	176
171	176
171	176
171	176
171	176
172	176
172	176
172	176
172	176
172	176
172	176
172	176
172	176
173	175
173	175
173	175
173	175
173	175
173	175
173	175
173	173
173	173
173	173
173	173
173	173
173	173
173	173
174	175
174	175
174	175
174	175
174	175
174	175
174	175
174	175
173	175
173	175
173	175
174	175
174	175
174	175
174	175
174	173
174	173
174	173
174	173
174	173
174	173
174	173
173	176
173	176
173	176
173	176
173	176
173	176
173	176
173	176
173	176
173	176
173	176
173	176
173	176
173	176
173	176
173	176
173	176
173	176
173	176
173	176
173	176
173	176
174	177
174	177
174	177
174	177
174	177
174	177
174	177
174	177
174	175
174	175
174	175
174	175
174	175
174	175
174	175
174	174
174	174
174	174
174	174
174	174
174	174
174	174
174	177
174	177
174	177
174	177
174	177
174	177
174	177
174	177
174	180
174	180
174	180
174	180
174	180
174	180
174	180
174	178
174	178
174	178
174	178
174	178
174	178
174	178
174	181
174	181
174	181
174	181
174	181
174	181
174	181
174	181
174	179
174	179
174	179
174	179
174	179
174	179
174	179
174	179
174	179
174	179
174	179
174	179
174	179
174	179
174	179
174	179
174	179
174	179
174	179
174	179
174	179
174	179
174	178
174	178
174	178
174	178
174	178
174	178
174	178
174	177
174	177
174	177
174	177
174	177
174	177
174	177
174	177
173	176
173	176
173	176
173	176
173	176
173	176
173	176
173	179
173	179
173	179
173	179
173	179
173	179
173	179
173	183
173	183
173	183
173	183
173	183
173	183
173	183
173	183
173	182
173	182
173	182
173	182
173	182
173	182
173	182
173	185
173	185
173	185
173	185
173	185
173	185
173	185
173	188
173	188
173	188
173	188
173	188
173	188
173	188
173	188
173	186
173	186
173	186
173	186
173	186
173	186
173	186
173	184
173	184
173	184
173	184
173	184
173	184
173	184
173	182
173	182
173	182
173	182
173	182
173	182
173	182
173	182
173	180
173	180
173	180
173	180
173	180
173	180
173	180
174	178
174	178
174	178
174	178
174	178
174	178
174	178
174	181
174	181
174	181
174	181
174	181
174	181
174	181
174	181
174	184
174	184
174	184
174	184
174	184
174	184
174	184
174	185
174	185
174	185
174	185
174	185
174	185
175	185
175	183
175	183
175	183
175	183
175	183
175	183
175	183
175	183
175	181
175	181
175	181
175	181
175	181
175	181
175	181
175	179
175	179
175	179
175	179
175	179
175	179
175	179
175	177
175	177
175	177
175	177
175	177
175	177
175	177
175	177
175	175
175	175
175	175
175	175
175	175
175	175
175	175
175	179
175	179
175	179
175	179
175	179
175	179
175	179
175	179
175	179
175	179
175	179
175	179
175	179
175	179
175	179
175	179
175	179
175	179
175	179
175	179
175	179
175	179
175	179
175	179
175	179
175	179
175	179
175	179
175	179
175	179
175	179
175	179
175	179
175	179
175	179
175	179
175	179
176	179
176	179
176	179
176	179
176	179
176	179
176	179
176	179
176	179
176	179
176	179
176	179
176	179
176	179
176	179
176	178
176	178
176	178
176	178
176	178
176	178
176	178
177	178
177	178
177	178
177	178
177	178
177	178
177	178
177	178
177	178
177	178
177	178
177	178
177	178
177	178
177	178
177	177
177	177
177	177
177	177
177	177
177	177
177	177
178	178
178	178
178	178
178	178
178	178
178	178
178	178
178	178
178	178
178	178
178	178
178	178
178	178
178	178
178	178
178	177
178	177
178	177
178	177
178	177
178	177
178	177
179	177
179	177
179	177
179	177
179	177
179	177
179	177
179	176
179	176
179	176
179	176
179	176
179	176
179	176
179	176
179	176
179	176
179	176
179	176
179	176
179	176
179	176
178	176
178	176
178	176
178	176
178	176
178	176
178	176
178	175
178	175
178	175
178	175
178	175
178	175
178	175
178	175
178	175
178	175
178	175
178	175
178	175
178	175
178	175
177	176
177	176
177	176
177	176
177	176
177	176
177	176
178	176
178	176
178	176
178	176
178	176
178	176
178	176
178	176
178	176
178	176
178	176
178	176
178	176
178	176
178	176
177	176
177	176
177	176
177	176
177	176
177	176
177	176
177	174
177	174
177	174
177	174
177	174
177	174
177	174
177	174
176	177
176	177
176	177
176	177
176	177
176	177
176	177
176	176
176	176
176	176
176	176
176	176
176	176
176	176
176	176
176	176
176	176
176	176
176	176
176	176
176	176
176	176
176	177
176	177
176	177
176	177
176	177
176	177
176	177
176	177
176	177
176	177
176	177
176	177
176	177
176	177
176	177
176	177
176	177
176	177
176	177
176	177
176	177
176	177
176	177
176	177
176	177
176	177
176	177
176	177
176	177
176	177
176	177
176	177
176	177
176	177
176	177
176	177
176	177
176	177
176	177
176	177
176	177
176	177
176	177
176	177
176	177
176	177
176	177
176	177
176	177
176	177
176	177
176	178
176	178
176	178
176	178
176	178
176	178
176	178
176	178
176	177
175	177
175	177
175	177
175	177
175	177
175	177
176	177
176	177
176	177
176	177
176	177
176	177
176	177
176	177
176	177
176	177
176	177
176	177
176	177
176	177
176	177
176	177
176	177
176	177
176	177
176	177
176	177
176	177
176	176
176	176
176	176
176	176
176	176
176	176
176	176
176	175
176	175
176	175
176	175
176	175
176	175
176	175
176	175
176	175
176	175
176	175
176	175
176	175
176	175
176	175
176	175
176	175
176	175
176	175
176	175
176	175
176	175
176	176
176	176
176	176
176	176
176	176
176	176
176	176
176	176
176	177
176	177
176	177
176	177
176	177
176	177
176	177
177	177
177	177
177	177
177	177
177	177
177	177
177	177
176	178
176	178
176	178
176	178
176	178
176	178
176	178
176	178
181	177
181	177
181	177
181	177
181	177
181	177
183	177
183	177
180	177
180	177
180	177
180	177
180	177
180	177
180	176
180	176
180	176
180	176
180	176
180	176
180	176
180	176
179	179
179	179
179	179
179	179
179	179
179	179
179	179
178	181
178	181
178	181
178	181
178	181
178	181
178	181
178	181
178	182
178	182
178	182
178	182
178	182
178	182
178	182
178	182
178	182
178	182
178	182
178	182
178	182
178	182
178	182
178	182
178	182
178	182
177	182
177	182
177	182
177	182
177	185
177	185
177	185
177	185
177	185
177	185
177	185
177	183
177	183
177	183
177	183
177	183
177	183
177	183
178	181
178	181
178	181
178	181
178	181
178	181
178	181
178	181
178	179
178	179
178	179
178	179
178	179
178	179
178	179
179	179
179	179
179	179
179	179
179	179
179	179
179	179
179	179
179	179
179	179
179	179
179	179
179	179
179	179
179	179
179	178
179	178
179	178
179	178
179	178
179	178
179	178
179	178
179	178
179	178
179	178
179	178
179	178
179	178
178	178
178	178
178	178
178	178
178	178
178	178
178	178
178	178
178	177
178	177
178	177
178	177
178	177
178	177
178	177
178	177
178	177
178	177
178	177
178	177
178	177
178	177
178	177
178	177
178	177
178	177
178	177
178	177
178	177
178	177
178	177
178	177
178	177
178	177
178	177
178	177
178	177
178	175
178	175
178	175
178	175
178	175
178	175
178	175
178	177
178	177
178	177
178	177
178	177
178	177
178	177
178	177
179	177
179	177
179	177
179	177
179	177
179	177
179	177
179	176
179	176
179	176
179	176
179	176
179	176
179	176
179	176
179	176
179	176
179	176
179	176
179	176
179	176
179	176
179	179
179	179
179	179
179	179
179	179
179	179
179	179
179	177
178	177
178	177
178	177
178	177
178	177
178	177
178	177
178	176
178	176
178	176
178	176
178	176
178	176
178	176
178	176
178	176
178	176
178	176
178	176
178	176
178	176
178	177
178	177
178	177
178	177
178	177
178	177
178	177
178	177
178	177
178	177
178	177
178	177
178	177
178	177
178	177
178	180
178	180
178	180
178	180
178	180
178	180
178	180
178	176
178	176
178	176
178	176
178	176
178	176
178	176
178	176
178	174
178	174
178	174
178	174
178	174
178	174
178	174
178	176
178	176
178	176
178	176
178	176
178	176
178	176
179	177
179	177
179	177
179	177
179	177
179	177
179	177
179	177
178	177
178	177
178	177
178	177
178	177
178	177
178	177
178	178
178	178
178	178
178	178
178	178
178	178
178	178
178	179
178	179
178	179
178	179
178	179
178	179
178	179
178	179
178	179
178	179
178	179
178	179
178	179
178	179
178	179
178	179
178	179
178	179
178	179
178	179
178	179
178	179
178	179
178	179
178	179
178	179
178	179
178	179
178	179
178	179
178	178
178	178
178	178
178	178
178	178
178	178
178	178
178	178
178	178
178	178
178	178
178	178
178	178
178	178
179	177
179	177
179	177
179	177
179	177
179	177
179	177
179	177
178	177
178	177
178	177
178	177
178	177
178	177
178	177
177	176
177	176
177	176
177	176
177	176
177	176
177	176
177	176
177	176
177	176
177	176
177	176
177	176
177	176
177	176
177	176
177	176
177	176
177	176
177	176
177	176
177	176
177	176
177	176
177	176
177	176
177	176
177	176
176	176
176	176
176	176
176	176
176	176
176	176
176	176
176	176
176	176
176	176
176	176
176	176
176	176
176	176
176	176
176	176
176	176
177	176
177	176
177	176
177	176
177	176
177	176
177	176
177	176
177	176
177	176
177	176
177	176
177	176
177	176
177	175
177	175
177	175
177	175
177	175
177	175
177	175
177	175
177	175
177	175
177	175
177	175
177	175
177	175
177	175
177	174
177	174
177	174
177	174
177	174
177	174
177	174
177	174
177	174
177	174
177	174
177	174
177	174
177	174
177	175
177	175
177	175
177	175
177	175
177	175
177	175
177	175
177	175
177	175
177	175
177	175
177	175
177	175
177	175
177	175
177	175
177	175
177	175
177	175
177	175
177	175
178	175
178	175
178	175
178	175
178	175
178	175
178	175
178	175
178	174
178	174
178	174
178	174
178	174
178	174
178	174
178	174
178	174
178	174
178	174
178	174
178	174
178	174
178	173
178	173
178	173
178	173
178	173
178	173
178	173
178	173
178	174
178	174
178	174
178	174
178	174
178	174
178	174
178	175
178	175
178	175
178	175
178	175
178	175
178	175
178	178
178	178
178	178
178	178
178	178
178	178
178	178
178	178
178	177
178	177
178	177
178	177
178	177
178	177
178	177
179	178
179	178
179	178
179	178
179	178
179	178
179	178
179	178
179	177
179	177
179	177
179	177
179	177
179	177
179	177
179	176
179	176
179	176
179	176
179	176
179	176
179	176
180	174
180	174
180	174
180	174
180	174
180	174
180	174
180	174
180	177
180	177
180	177
180	177
180	177
180	177
180	177
180	180
180	180
180	180
180	180
180	180
180	180
180	180
180	178
180	178
180	178
180	178
180	178
180	178
180	178
180	178
180	176
180	176
180	176
180	176
180	176
180	176
180	176
180	179
180	179
180	179
180	179
180	179
180	179
180	179
180	177
180	177
180	177
180	177
180	177
180	177
180	177
180	177
180	180
180	180
180	180
180	180
180	180
180	180
180	180
180	178
180	178
180	178
180	178
180	178
180	178
180	178
181	175
181	175
181	175
181	175
181	175
181	175
181	175
181	175
181	175
181	175
181	175
181	175
181	175
181	175
181	175
181	175
181	175
181	175
181	175
181	175
181	175
181	175
181	175
181	175
181	175
181	175
181	175
181	175
181	175
181	175
180	175
180	175
180	175
180	175
180	175
180	175
180	175
181	174
181	174
181	174
181	174
181	174
180	174
180	174
180	177
180	177
180	177
180	177
180	177
180	177
180	177
180	177
181	180
181	180
181	180
181	180
181	180
181	180
181	180
180	180
180	180
180	180
180	180
180	180
180	180
180	180
180	180
181	185
181	185
181	185
181	185
181	185
181	185
181	185
181	184
181	184
181	184
181	184
181	184
181	184
181	184
181	185
181	185
181	185
181	185
181	185
181	185
181	185
181	185
180	183
180	183
180	183
180	183
180	183
180	183
180	183
180	184
180	184
180	184
180	184
180	184
180	184
180	184
180	184
180	184
179	184
179	184
179	184
179	184
179	184
179	184
179	182
179	182
179	182
179	182
179	182
179	182
179	182
177	180
177	180
177	180
177	180
177	180
177	180
177	180
176	178
176	178
176	178
176	178
176	178
176	178
176	178
176	178
175	176
175	176
175	176
175	176
175	176
175	176
175	176
174	174
174	174
174	174
174	174
174	174
174	174
174	174
173	177
173	177
173	177
173	177
173	177
173	177
173	177
172	177
171	176
171	176
171	176
171	176
171	176
171	176
171	176
170	174
170	174
170	174
170	174
170	174
170	174
170	174
169	172
169	172
169	172
169	172
169	172
169	172
169	172
169	172
168	171
168	171
168	171
168	171
168	171
168	171
168	171
167	172
167	172
165	172
165	172
165	172
165	172
165	172
165	172
165	172
165	172
165	172
165	172
165	172
165	172
165	172
163	168
163	168
163	168
163	168
163	168
163	168
163	168
163	166
163	166
163	166
163	166
163	166
163	166
163	166
163	166
162	164
162	164
162	164
162	164
161	164
161	164
161	164
160	162
160	162
160	162
160	162
160	162
160	162
160	162
160	164
160	164
160	164
160	164
160	164
160	164
160	164
160	164
159	162
159	162
159	162
159	162
159	162
159	162
159	162
158	161
158	161
158	161
158	161
158	161
158	161
158	161
157	160
157	160
157	160
157	160
157	160
157	160
157	160
157	160
156	159
156	159
156	159
156	159
156	159
156	159
156	159
155	158
155	158
155	158
155	158
155	158
155	158
155	158
154	158
154	158
154	158
154	158
154	158
154	158
154	158
154	158
154	156
154	156
154	156
154	156
154	156
154	156
154	156
153	157
153	157
153	157
153	157
153	157
153	157
153	157
153	157
153	157
153	157
154	157
154	157
154	157
154	157
154	157
154	157
154	157
154	157
154	157
154	157
154	157
154	157
155	157
155	157
155	157
155	157
155	157
155	157
155	157
155	159
155	159
155	159
155	159
155	159
155	159
155	159
155	159
155	159
155	159
155	159
155	159
155	159
155	159
155	159
156	160
156	160
156	160
156	160
156	160
156	160
156	160
156	160
156	160
156	160
156	160
156	160
156	160
156	160
156	160
156	160
156	160
156	160
156	160
156	160
156	160
156	160
156	159
156	159
156	159
156	159
156	159
156	159
156	159
156	159
155	160
155	160
155	160
155	160
155	160
155	160
155	160
155	158
155	158
155	158
155	158
155	158
155	158
155	158
154	157
154	157
154	157
154	157
154	157
154	157
154	157
154	157
154	157
154	157
154	157
154	157
154	157
154	157
154	157
154	157
154	157
154	157
154	157
154	157
154	157
154	157
154	157
154	157
154	157
154	157
154	157
154	157
154	157
154	157
154	157
154	157
154	157
154	157
154	157
154	157
154	157
