78	0
78	0
78	0
78	0
78	0
78	0
79	0
79	0
79	0
79	0
79	0
79	0
79	0
80	0
80	0
80	0
80	0
80	0
80	0
80	0
80	0
80	0
80	0
80	0
80	0
80	0
80	0
80	0
80	0
80	0
80	0
80	0
80	0
80	0
80	0
80	0
81	0
81	0
81	0
81	0
81	0
81	0
81	0
82	89
82	89
82	89
82	89
82	89
82	89
82	89
82	89
83	70
83	70
83	70
83	70
83	70
83	70
83	70
83	70
85	67
85	67
85	67
85	67
85	67
85	67
85	67
85	67
87	67
87	67
87	67
87	67
87	67
87	67
87	67
87	65
87	65
87	65
87	65
87	65
87	65
87	65
87	68
87	68
87	68
87	68
87	68
87	68
87	68
87	68
86	71
86	71
86	71
86	71
86	71
86	71
86	71
86	71
85	76
85	76
85	76
85	76
85	76
85	76
85	76
85	81
85	81
85	81
85	81
85	81
85	81
85	81
85	81
85	77
85	77
85	77
85	77
85	77
85	77
85	77
86	80
86	80
86	80
86	80
86	80
86	80
86	80
86	80
87	78
87	78
87	78
87	78
87	78
87	78
87	78
87	78
88	74
88	74
88	74
88	74
88	74
88	74
88	74
88	62
88	62
88	62
88	62
88	62
88	62
88	62
88	62
88	60
88	60
88	60
88	60
88	60
88	60
88	60
88	60
87	60
87	60
87	60
87	60
87	60
87	60
87	60
85	75
85	75
85	75
85	75
85	75
85	75
85	75
85	75
85	76
85	76
85	76
85	76
85	76
85	76
85	76
85	80
85	80
85	80
85	80
85	80
85	80
85	80
85	80
86	80
86	80
86	80
86	80
86	80
86	80
86	80
86	80
87	81
87	81
87	81
87	81
87	81
87	81
87	81
89	82
89	82
89	82
89	82
89	82
89	82
89	82
91	82
91	82
91	82
91	82
91	82
93	82
93	82
95	100
95	100
95	100
95	100
95	100
95	100
95	100
95	100
96	100
96	100
96	100
96	100
96	100
96	100
96	100
96	100
98	98
98	98
98	98
98	98
98	98
100	98
100	98
100	82
100	82
100	82
100	82
100	82
100	82
102	82
102	82
104	82
104	82
104	82
104	82
104	82
104	82
104	82
105	82
105	82
105	82
105	82
105	82
105	82
105	82
105	82
106	82
106	82
106	82
106	82
106	82
106	82
106	82
106	82
107	81
107	81
107	81
107	81
107	81
107	81
107	81
108	81
108	81
108	81
108	81
108	81
108	81
108	81
108	81
109	81
109	81
109	81
109	81
109	81
109	81
109	81
110	81
110	81
111	81
111	81
111	81
111	81
111	81
111	81
112	81
112	81
112	81
112	81
112	81
112	81
112	81
112	81
112	80
112	80
112	80
112	80
112	80
112	80
112	80
112	80
112	80
112	80
112	80
112	80
112	80
112	80
112	80
113	81
113	81
113	81
113	81
113	81
114	81
114	81
114	81
115	80
115	80
115	80
115	80
115	80
115	80
115	80
116	80
116	80
116	80
116	80
116	80
116	80
116	80
116	80
117	83
117	83
117	83
117	83
117	83
117	83
117	83
117	80
117	80
117	80
117	80
117	80
117	80
117	80
117	80
117	83
117	83
117	83
117	83
117	83
117	83
117	83
117	83
117	79
117	79
117	79
117	79
117	79
117	79
117	79
118	78
118	78
118	78
118	78
118	78
118	78
118	78
118	78
117	79
117	79
117	79
117	79
117	79
117	79
117	79
117	79
117	79
117	79
117	79
117	79
117	79
117	79
117	79
117	79
117	79
117	79
117	79
117	79
117	79
117	79
117	79
117	79
117	79
117	79
117	79
117	79
117	79
118	79
119	82
119	82
119	82
119	82
119	82
119	82
119	82
119	82
120	79
120	79
120	79
120	79
120	79
120	79
120	79
120	79
120	82
120	82
120	82
120	82
120	82
120	82
120	82
121	85
121	85
121	85
121	85
121	85
121	85
121	85
121	85
122	83
123	83
123	83
123	83
123	83
123	83
123	83
126	86
126	86
126	86
126	86
126	86
126	86
126	86
126	86
126	66
126	66
126	66
126	66
126	66
126	66
126	66
126	66
127	68
127	68
127	68
127	68
127	68
127	68
127	68
127	70
127	70
129	70
129	70
129	70
129	70
129	70
129	70
129	90
129	90
129	90
129	90
129	90
129	90
129	90
129	93
129	93
129	93
129	93
129	93
129	93
129	93
129	93
130	96
130	96
130	96
130	96
130	96
130	96
130	96
130	96
130	99
131	99
131	99
131	99
131	99
131	99
131	99
131	100
131	100
131	100
131	100
131	100
131	100
131	100
131	100
132	98
132	98
132	98
132	98
132	98
132	98
132	98
132	98
133	101
133	101
133	101
133	101
133	101
133	101
133	101
133	120
133	120
133	120
133	120
133	120
133	120
133	120
133	120
134	117
134	117
134	117
134	117
134	117
134	117
134	117
134	121
134	121
134	121
134	121
134	121
134	121
134	121
134	121
134	98
134	98
134	98
134	98
134	98
134	98
134	98
134	98
134	96
134	96
134	96
134	96
134	96
134	96
134	96
134	94
134	94
134	94
134	94
134	94
134	94
134	94
134	94
134	97
134	97
134	97
134	97
134	97
134	97
134	97
134	97
135	95
135	95
135	95
135	95
135	95
135	95
135	95
135	98
135	98
135	98
135	98
135	98
135	98
135	98
135	98
135	101
135	101
135	101
135	101
135	101
135	101
135	101
136	104
136	104
136	104
136	104
136	104
136	104
136	104
136	104
135	106
135	106
135	106
135	106
135	106
135	106
135	106
135	106
135	102
135	102
135	102
135	102
135	102
135	102
135	102
136	105
136	105
136	105
136	105
136	105
136	105
136	105
136	105
135	103
135	103
135	103
135	103
135	103
135	103
135	103
135	101
135	101
135	101
135	101
135	101
135	101
135	101
135	101
135	100
135	100
135	100
135	100
135	100
135	100
135	100
135	100
136	103
136	103
136	103
136	103
136	103
136	103
136	103
137	101
137	101
137	101
137	101
137	101
137	101
137	101
137	101
138	98
138	98
138	98
138	98
138	98
138	98
138	98
138	98
138	101
138	101
138	101
138	101
138	101
138	101
138	101
138	104
138	104
138	104
138	104
138	104
138	104
138	104
138	104
138	102
138	102
138	102
138	102
138	102
138	102
138	102
137	100
137	100
137	100
137	100
137	100
137	100
137	100
137	100
137	103
137	103
137	103
137	103
137	103
137	103
137	103
137	103
137	106
137	106
137	106
137	106
137	106
137	106
137	106
138	109
138	109
138	109
138	109
138	109
138	109
138	109
138	109
138	107
139	107
139	107
139	107
139	107
139	107
139	107
139	107
139	110
139	110
139	110
139	110
139	110
139	110
139	110
139	113
139	113
139	113
139	113
139	113
139	113
139	113
139	113
139	111
139	111
139	111
139	111
139	111
139	111
139	111
140	114
140	114
140	114
140	114
140	114
140	114
140	114
140	114
140	91
140	91
140	91
140	91
140	91
140	91
140	91
140	91
140	93
140	93
140	93
140	93
141	93
141	93
141	93
141	92
141	92
141	92
141	92
141	92
141	92
141	92
141	92
141	90
141	90
141	90
141	90
141	90
141	90
141	90
142	109
142	109
142	109
142	109
142	109
142	109
142	109
142	109
142	112
142	112
142	112
142	112
142	112
142	112
141	112
141	112
142	110
142	110
142	110
142	110
142	110
142	110
142	110
142	113
142	113
142	113
142	113
142	113
142	113
142	113
142	113
141	111
141	111
141	111
141	111
141	111
141	111
141	111
141	111
141	114
141	114
141	114
141	114
141	114
141	114
141	114
140	142
140	142
140	142
140	142
140	142
140	142
140	142
140	142
141	145
141	145
141	145
141	145
141	145
141	145
141	145
141	146
141	146
141	146
141	146
141	146
141	146
141	146
141	146
142	123
142	123
142	123
142	123
142	123
142	123
142	123
142	123
142	123
142	123
143	123
143	123
143	123
143	123
143	123
143	126
143	126
143	126
143	126
143	126
143	126
143	126
143	126
143	79
143	79
143	79
143	79
143	79
143	79
143	79
143	79
143	81
143	81
143	81
143	81
143	81
143	81
143	81
143	81
143	81
143	81
143	81
143	81
143	81
143	81
143	81
143	81
143	81
143	81
143	81
143	81
143	81
143	81
143	135
143	135
143	135
143	135
143	135
143	135
143	135
142	135
142	139
142	139
142	139
142	139
142	139
142	139
142	139
142	139
142	139
142	139
142	139
142	139
142	139
142	139
142	139
142	140
142	140
142	140
142	140
142	140
142	140
142	140
142	140
142	138
142	138
142	138
142	138
142	138
142	138
142	138
142	138
143	140
143	140
143	140
143	140
143	140
143	140
143	140
144	145
144	145
144	145
144	145
144	145
144	145
144	145
144	145
144	145
144	145
144	145
144	145
144	145
144	145
144	145
144	145
144	145
144	145
144	145
144	145
144	145
144	145
144	145
144	139
144	139
144	139
144	139
144	139
144	139
144	139
144	139
146	137
146	137
146	137
146	137
146	137
146	137
146	137
147	135
147	135
147	135
147	135
147	135
147	135
147	135
147	135
146	138
146	138
146	138
146	138
146	138
146	138
146	138
144	136
144	136
144	136
144	136
144	136
144	136
144	136
144	136
144	139
144	139
144	139
144	139
144	139
144	139
144	139
144	139
144	143
144	143
144	143
144	143
144	143
144	143
144	143
145	142
145	142
145	142
145	142
145	142
145	142
145	142
145	142
145	143
145	143
145	143
145	143
145	143
145	143
145	143
145	143
146	144
146	144
146	144
146	144
146	144
146	144
146	144
146	143
146	143
146	143
146	143
146	143
146	143
146	143
146	143
147	143
147	143
147	143
147	143
147	143
147	143
147	143
147	145
147	145
147	145
147	145
147	145
147	145
147	145
147	145
148	119
148	119
148	119
148	119
148	119
148	119
148	119
148	119
148	119
148	119
148	119
148	119
148	119
148	119
148	119
148	119
148	119
148	119
148	119
148	119
148	119
148	119
148	119
149	120
149	120
149	120
149	120
149	120
149	120
149	120
149	120
149	148
149	148
149	148
149	148
149	148
149	148
149	148
150	148
150	148
150	148
150	148
150	148
150	148
150	148
150	148
149	146
149	146
149	146
149	146
149	146
149	146
149	146
149	146
149	146
149	146
149	146
149	146
149	146
149	146
149	146
148	147
148	147
148	147
148	147
148	147
148	147
148	147
148	147
148	146
148	146
148	146
148	146
148	146
148	146
148	146
147	178
147	178
147	178
147	178
147	178
147	178
147	178
147	178
147	177
147	177
147	177
147	177
147	177
147	177
147	177
146	177
146	177
146	177
146	177
146	177
146	177
146	177
146	177
146	146
146	146
146	146
146	146
146	146
145	146
145	146
145	146
145	144
145	144
145	144
145	144
145	144
145	144
145	144
146	144
146	144
146	144
146	144
146	144
146	144
146	144
146	144
147	90
147	90
147	90
147	90
147	90
147	90
147	90
147	90
148	90
148	90
148	90
148	90
148	90
148	90
148	90
148	90
149	90
149	90
149	90
149	90
149	90
149	90
149	90
150	91
150	91
150	91
150	91
150	91
150	91
150	91
150	148
150	148
150	148
150	148
150	148
150	148
150	148
150	148
150	149
150	149
150	149
150	149
150	149
150	149
150	149
150	149
151	148
151	148
151	148
151	148
151	148
151	148
151	148
150	147
150	147
150	147
150	147
150	147
150	147
150	147
150	147
150	148
150	148
150	148
150	148
150	148
150	148
150	148
151	149
151	149
151	149
151	149
151	149
151	149
151	149
151	149
152	153
152	153
152	153
152	153
152	153
152	153
152	153
152	153
153	153
153	153
153	153
153	153
153	153
153	153
153	153
153	159
153	159
153	159
153	159
153	159
153	159
153	159
153	159
153	152
153	152
153	152
153	152
153	152
153	152
153	152
153	152
153	151
153	151
153	151
153	151
153	151
153	151
153	151
153	150
153	150
153	150
153	150
153	150
153	150
153	150
153	150
154	150
154	150
154	150
154	150
154	150
154	150
154	150
154	150
154	150
154	150
154	150
154	150
154	150
154	150
154	150
154	150
154	150
154	150
154	150
154	150
154	150
154	150
154	150
154	152
154	152
154	152
154	152
154	152
154	152
154	152
154	153
154	153
154	153
154	153
154	153
154	153
154	153
154	153
154	153
154	153
154	153
154	153
155	153
155	153
155	153
155	153
154	154
154	154
154	154
154	154
154	154
154	154
154	154
154	154
154	154
154	154
154	154
154	154
153	154
153	154
153	154
153	151
153	151
153	151
153	151
153	151
153	151
153	151
153	154
153	154
153	154
153	154
153	154
153	154
153	154
153	154
153	131
153	131
153	131
153	131
153	131
153	131
153	131
153	131
153	131
153	131
153	131
153	131
153	131
153	131
153	131
152	130
152	130
152	130
152	130
152	130
152	130
152	130
152	130
152	129
152	129
152	129
152	129
152	129
152	129
152	129
152	153
152	153
152	153
152	153
152	153
152	153
152	153
152	153
152	152
152	152
152	152
152	152
152	152
152	152
152	152
152	152
152	152
152	152
151	152
151	152
151	152
151	152
151	152
152	151
152	151
152	151
152	151
152	151
152	151
152	151
152	151
152	149
152	149
152	149
152	149
152	149
152	149
152	149
152	149
153	149
153	149
153	149
153	149
153	149
153	149
153	149
153	183
153	183
153	183
153	183
153	183
153	183
153	183
153	183
153	185
153	185
153	185
153	185
153	185
153	185
153	185
154	186
154	186
154	186
154	186
154	186
154	186
154	186
154	186
154	153
154	153
154	153
154	153
154	153
154	153
154	153
154	153
154	154
154	154
154	154
154	154
154	154
154	154
154	154
154	154
154	154
154	154
154	154
154	154
154	154
154	154
154	154
154	96
154	96
154	96
154	96
154	96
154	96
154	96
155	97
156	97
156	97
156	97
156	97
156	97
156	97
156	97
156	97
156	97
156	97
156	97
156	97
156	97
156	97
156	97
156	97
156	97
156	97
156	97
156	97
156	97
156	97
157	158
157	158
157	158
157	158
157	158
157	158
157	158
157	158
156	156
156	156
156	156
156	156
157	156
157	156
157	156
157	156
156	154
156	154
156	154
156	154
156	154
156	154
156	154
156	157
156	157
156	157
156	157
156	157
156	157
156	157
156	157
156	155
156	155
156	155
156	155
156	155
156	155
156	155
156	155
156	155
156	155
156	155
156	155
156	155
156	155
156	155
156	161
156	161
156	161
156	161
156	161
156	161
156	161
156	161
156	161
156	161
156	161
156	161
156	161
156	161
156	161
156	159
156	159
156	159
156	159
156	159
156	159
156	159
156	159
156	151
156	151
156	151
156	151
156	151
156	151
156	151
157	149
157	149
157	149
157	149
157	149
157	149
157	149
157	149
157	147
157	147
157	147
157	147
157	147
157	147
157	147
157	147
157	145
157	145
157	145
157	145
157	145
157	145
157	145
157	143
157	143
157	143
157	143
157	143
157	143
157	143
157	143
157	141
157	141
157	141
157	141
157	141
157	141
157	141
157	141
156	139
156	139
156	139
156	139
156	139
156	139
156	139
157	135
157	135
157	135
157	135
157	135
157	135
157	135
157	135
156	133
156	133
156	133
156	133
156	133
156	133
156	133
156	135
156	135
156	135
156	135
156	135
156	135
156	135
156	135
155	133
155	133
155	133
155	133
155	133
155	133
155	133
155	133
155	131
155	131
155	131
155	131
155	131
155	131
155	131
154	129
155	129
155	129
155	129
155	129
155	129
155	129
155	129
155	105
155	105
155	105
155	105
155	105
155	105
155	105
156	108
156	108
156	108
156	108
156	108
156	108
156	108
156	108
156	106
156	106
156	106
156	106
156	106
156	106
156	106
156	106
157	105
157	105
158	105
158	105
158	105
158	105
158	105
158	124
158	124
158	124
158	124
158	124
158	124
158	124
158	124
158	122
158	122
158	122
159	122
159	122
159	122
159	122
159	120
159	120
159	120
159	120
159	120
159	120
159	120
159	120
159	123
159	123
159	123
159	123
159	123
159	123
159	123
159	123
159	119
159	119
159	119
159	119
159	119
159	119
159	119
160	119
160	119
160	119
160	119
160	119
160	119
160	119
160	119
160	151
160	151
160	151
160	151
160	151
160	151
160	151
160	151
161	149
161	149
161	149
161	149
161	149
161	149
161	149
161	146
161	146
161	146
161	146
161	146
161	146
161	146
161	146
161	116
161	116
161	116
161	116
161	116
161	116
161	116
162	114
162	114
162	114
162	114
162	114
162	114
162	114
162	114
162	112
162	112
162	112
162	112
162	112
162	112
162	112
162	112
161	115
161	115
161	115
161	115
161	115
161	115
161	115
161	74
161	74
161	74
161	74
161	74
161	74
161	74
161	74
161	73
161	73
161	73
161	73
160	73
160	73
160	73
160	75
160	75
160	75
160	75
160	75
160	75
160	75
160	75
160	122
160	122
160	122
160	122
160	122
158	122
158	122
158	122
158	125
158	125
158	125
158	125
158	125
158	125
158	125
158	128
158	128
158	128
158	128
158	128
158	128
158	128
158	128
158	126
158	126
158	126
158	126
158	126
158	126
158	126
158	126
158	124
158	124
158	124
158	124
158	124
158	124
158	124
158	122
158	122
158	122
158	122
158	122
158	122
158	122
158	122
158	130
158	130
158	130
158	130
158	130
158	130
158	130
158	133
158	133
158	133
158	133
158	133
158	133
158	133
158	133
157	131
157	131
157	131
157	131
157	131
157	131
157	131
157	131
157	129
157	129
157	129
157	129
157	129
157	129
157	129
157	127
157	127
157	127
157	127
157	127
157	127
157	127
157	127
157	125
157	125
157	125
157	125
157	125
157	125
157	125
157	122
157	122
157	122
157	122
157	122
157	122
157	122
157	122
158	120
158	120
158	120
158	120
158	120
158	120
158	120
158	120
158	118
158	118
158	118
158	118
158	118
158	118
158	118
158	116
158	116
158	116
158	116
158	116
158	116
158	116
158	116
159	119
159	119
159	119
159	119
159	119
159	119
159	119
159	122
159	122
159	122
159	122
159	122
159	122
159	122
159	122
159	125
159	125
159	125
159	125
159	125
159	125
159	125
159	125
159	128
159	128
159	128
159	128
159	128
159	128
159	128
159	131
159	131
159	131
159	131
159	131
159	131
159	131
159	131
159	127
159	127
159	127
159	127
159	127
159	127
159	127
159	127
159	104
159	104
159	104
159	104
159	104
159	104
159	104
160	107
160	107
160	107
160	107
160	107
160	107
160	107
160	107
160	105
160	105
160	105
160	105
160	105
160	105
160	105
160	109
160	109
160	109
160	109
160	109
160	109
160	109
160	109
160	134
160	134
160	134
160	134
160	134
160	134
160	134
160	134
160	132
160	132
160	132
160	132
160	132
160	132
160	132
161	130
161	130
161	130
161	130
161	130
161	130
161	130
161	130
161	133
161	133
161	133
161	133
161	133
161	133
161	133
160	137
160	137
160	137
160	137
160	137
160	137
160	137
160	137
160	136
160	136
160	136
160	136
160	136
160	136
160	136
160	136
160	171
160	171
160	171
160	171
160	171
160	171
160	171
160	169
160	169
160	169
160	169
160	169
160	169
160	169
160	169
160	169
160	169
160	169
160	169
160	169
160	169
160	169
160	141
160	141
159	141
159	141
159	141
159	141
159	141
159	141
159	137
159	137
159	137
159	137
159	137
159	137
159	137
159	137
159	135
159	135
159	135
159	135
159	135
159	135
159	135
158	136
158	136
158	136
158	136
158	136
158	136
158	136
158	136
158	83
158	83
158	83
158	83
158	83
158	83
158	83
159	82
159	82
159	82
159	82
159	82
159	82
159	82
159	82
159	81
159	81
159	81
159	81
159	81
159	81
159	81
159	81
160	133
160	133
160	133
160	133
160	133
160	133
160	133
161	131
161	131
161	131
161	131
161	131
161	131
161	131
162	131
163	129
163	129
163	129
163	129
163	129
163	129
163	129
163	129
164	127
164	127
164	127
164	127
164	127
164	127
164	127
164	125
164	125
164	125
164	125
164	125
164	125
164	125
164	125
165	122
165	122
165	122
165	122
165	122
165	122
165	122
165	125
165	125
165	125
165	125
165	125
165	125
165	125
165	125
165	124
165	124
165	124
165	124
165	124
165	124
165	124
165	124
163	122
163	122
164	122
164	122
164	122
164	122
164	122
165	117
165	117
165	117
165	117
165	117
165	117
165	117
165	117
165	116
165	116
165	116
165	116
165	116
165	116
165	116
166	116
166	116
166	116
166	116
166	116
166	116
166	116
166	116
166	119
166	119
166	119
166	119
166	119
166	119
166	119
166	119
165	122
165	122
165	122
165	122
165	122
165	122
165	122
164	119
164	119
164	119
164	119
164	119
164	119
164	119
164	119
164	122
164	122
164	122
164	122
164	122
164	122
164	122
164	120
164	120
164	120
164	120
164	120
164	120
164	120
164	120
164	123
164	123
164	123
164	123
164	123
164	123
164	123
164	123
164	123
164	123
164	123
164	123
164	123
164	123
164	123
164	121
164	121
164	121
164	121
164	121
164	121
164	121
164	121
164	124
164	124
164	124
164	124
164	124
164	124
164	124
164	124
164	127
164	127
164	127
164	127
164	127
164	127
164	127
164	108
164	108
164	108
164	108
164	108
164	108
164	108
164	108
164	105
164	105
164	105
164	105
164	105
164	105
164	105
164	108
164	108
164	108
164	108
164	108
164	108
164	108
164	108
162	110
162	110
162	110
162	110
162	110
162	110
162	110
162	110
162	136
162	136
162	136
162	136
162	136
162	136
162	136
161	139
161	139
161	139
161	139
161	139
161	139
161	139
162	139
162	137
162	137
162	137
162	137
162	137
162	137
162	137
163	140
163	140
163	140
163	140
163	140
163	140
163	140
163	140
163	144
163	144
163	144
163	144
163	144
163	144
163	144
163	144
163	142
163	142
163	142
163	142
163	142
163	142
163	142
163	178
163	178
164	178
164	178
164	178
164	178
164	178
164	178
164	182
164	182
164	182
164	182
164	182
164	182
164	182
164	180
164	180
164	180
164	180
164	180
164	180
164	180
164	180
164	144
164	144
164	144
164	144
164	144
164	144
164	144
164	144
163	147
163	147
163	147
163	147
163	147
163	147
163	147
163	148
163	148
163	148
163	148
163	148
163	148
163	148
163	148
163	151
163	151
163	151
163	151
163	151
163	151
163	151
163	96
163	96
163	96
163	96
163	96
163	96
163	96
163	96
163	96
163	96
163	96
163	96
163	96
163	96
163	96
163	96
163	98
163	98
163	98
163	98
163	98
163	98
163	98
163	160
163	160
163	160
163	160
163	160
163	160
163	160
163	160
163	161
164	161
164	161
164	161
164	161
164	161
164	161
164	161
165	161
165	161
165	161
165	161
165	161
165	161
165	161
165	161
165	161
165	161
165	161
165	161
165	161
165	161
165	161
165	163
165	163
165	163
165	163
165	163
165	163
165	163
165	165
165	165
165	165
165	165
165	165
165	165
165	165
165	165
166	170
166	170
166	170
166	170
166	170
166	170
166	170
166	170
166	169
166	169
166	169
166	169
166	169
166	169
166	169
166	169
166	169
166	169
166	169
166	169
166	169
166	169
166	169
166	172
166	172
166	172
166	172
166	172
166	172
166	172
166	165
166	165
166	165
166	165
166	165
166	165
166	165
166	165
166	163
166	163
166	163
166	163
166	163
166	163
166	163
166	163
166	160
166	160
166	160
166	160
166	160
166	160
166	160
166	160
166	160
166	160
166	160
166	160
166	160
166	160
166	160
167	159
167	159
167	159
167	159
167	159
167	159
167	159
167	162
167	162
167	162
167	162
167	162
167	162
167	162
167	162
167	160
167	160
167	160
167	160
167	160
167	160
167	160
167	160
165	158
165	158
165	158
165	158
165	158
165	158
165	158
165	156
165	156
165	156
165	156
165	156
165	156
165	156
165	156
163	154
163	154
163	154
163	154
163	154
163	154
163	154
163	157
163	157
163	157
163	157
163	157
159	157
159	157
159	157
159	162
159	162
159	162
159	162
159	162
159	162
159	162
159	162
159	133
159	133
159	133
159	133
159	133
159	133
159	133
158	134
158	134
158	134
158	134
158	134
158	134
158	134
158	134
156	134
156	134
156	134
156	134
156	134
156	134
156	134
156	134
156	137
156	137
156	137
156	137
156	137
156	137
156	137
155	165
155	165
155	165
155	165
155	165
155	165
155	165
155	165
155	164
155	164
155	164
155	164
155	164
155	164
155	164
154	164
154	164
154	164
154	164
154	164
154	164
154	164
154	164
154	162
154	162
154	162
154	162
154	162
154	162
154	162
154	162
154	162
154	162
154	162
154	162
154	162
154	162
154	162
154	162
154	162
154	162
154	162
154	162
154	162
154	162
154	162
154	201
154	201
154	201
154	201
154	201
154	201
154	201
154	196
154	196
154	196
154	196
154	196
154	196
154	196
154	196
154	198
154	198
154	198
154	198
154	198
154	198
154	198
154	198
153	162
153	162
153	162
153	162
153	162
153	162
153	162
153	162
153	162
153	162
153	162
153	162
153	162
153	162
153	162
153	163
153	163
153	163
153	163
153	163
153	163
153	163
153	164
153	164
153	164
153	164
153	164
153	164
153	164
153	164
153	101
153	101
153	101
153	101
153	101
153	101
153	101
153	101
153	99
147	99
147	99
147	99
147	99
147	99
147	99
144	98
144	98
144	98
144	98
144	98
144	98
144	98
144	98
145	165
145	165
145	165
145	165
145	165
145	165
145	165
145	165
146	165
146	165
146	165
146	165
146	165
146	165
146	165
146	165
146	165
146	165
146	165
147	165
147	165
147	165
147	165
147	163
147	163
147	163
147	163
147	163
147	163
147	163
147	168
147	168
147	168
147	168
147	168
147	168
147	168
147	168
147	167
147	167
147	167
147	167
147	167
147	167
147	167
147	167
147	170
147	170
147	170
147	170
147	170
147	170
147	170
147	170
147	170
147	170
147	170
147	170
147	170
147	170
147	170
147	173
147	173
147	173
147	173
147	173
147	173
147	173
144	171
144	171
144	171
144	171
144	171
144	171
144	171
144	171
141	173
141	173
141	173
141	173
141	173
141	173
141	173
141	173
140	171
140	171
140	171
140	171
140	171
140	171
140	171
139	174
139	174
139	174
139	174
139	174
139	174
139	174
139	174
139	172
139	172
139	172
139	172
139	172
139	172
139	172
138	170
138	170
138	170
138	170
138	170
138	170
138	170
138	170
137	168
137	168
137	168
137	168
137	168
137	168
137	168
137	168
137	166
137	166
137	166
137	166
137	166
137	166
137	166
137	169
137	169
137	169
137	169
137	169
137	169
137	169
137	169
137	166
137	166
137	166
137	166
137	166
137	166
137	166
137	167
137	167
137	167
137	167
137	167
137	167
137	167
137	167
137	167
137	167
137	167
137	167
137	167
137	167
137	167
137	167
137	167
137	167
137	167
137	167
137	167
137	167
137	167
137	134
137	134
137	134
137	134
137	134
137	134
137	134
137	134
137	132
137	132
137	132
137	132
137	132
137	132
137	132
137	132
137	132
137	132
137	132
137	132
137	132
137	132
137	132
137	132
137	132
137	132
137	132
137	132
137	132
137	132
137	132
137	166
137	166
137	166
137	166
137	166
137	166
137	166
137	167
137	167
137	167
137	167
137	167
137	167
137	167
137	167
137	167
137	167
137	167
137	167
137	167
137	167
137	167
137	167
137	168
137	168
137	168
137	168
137	168
137	168
137	168
137	168
137	168
137	168
137	168
137	168
137	168
137	168
137	168
137	168
137	168
137	168
137	168
137	168
137	168
137	168
137	202
137	202
137	202
137	202
137	202
137	202
132	202
132	202
130	201
130	201
130	201
130	201
130	201
130	201
130	201
130	201
127	201
127	201
127	201
127	201
127	201
127	201
127	201
126	167
126	167
126	167
126	167
126	167
126	167
126	167
126	167
125	167
125	167
125	167
125	167
125	167
125	167
125	167
125	167
125	167
125	167
125	167
125	167
125	167
125	167
125	167
124	166
124	166
124	166
124	166
124	166
124	166
124	166
124	166
124	165
124	165
124	165
124	165
124	165
124	165
124	165
124	166
124	166
124	166
124	166
124	166
124	166
124	166
124	166
123	168
123	168
123	168
123	168
123	168
123	168
123	168
123	166
123	166
123	166
123	166
123	166
123	166
123	166
123	166
123	166
123	166
123	166
123	166
123	166
123	166
123	166
123	166
120	166
120	166
120	166
120	166
120	166
120	166
120	166
118	166
118	166
118	166
118	166
118	166
118	166
118	166
118	166
119	166
119	166
119	166
119	166
119	166
119	166
119	166
120	164
120	164
120	164
120	164
120	164
120	164
120	164
122	164
123	168
123	168
123	168
123	168
123	168
123	168
123	168
123	168
125	168
125	168
125	168
125	168
125	168
125	168
125	168
126	168
126	168
126	168
126	168
126	168
126	168
126	168
126	168
126	169
126	169
126	169
126	169
126	169
126	169
126	169
130	167
130	167
130	167
130	167
130	167
130	167
130	167
130	167
130	165
130	165
130	165
130	165
130	165
130	165
130	165
130	165
131	166
131	166
131	166
131	166
131	166
131	166
131	166
131	166
131	166
131	166
131	166
131	166
131	166
131	166
131	166
131	166
131	166
131	166
131	166
131	166
131	166
131	166
131	166
131	167
131	167
131	167
131	167
131	167
131	167
131	167
131	167
131	167
131	167
131	167
131	167
131	167
131	167
131	167
131	166
131	166
131	166
131	166
131	166
131	166
131	166
132	166
132	166
132	166
132	166
132	166
132	166
132	166
132	166
132	166
132	166
132	166
132	166
132	166
132	166
132	166
132	166
132	167
132	167
132	167
132	167
132	167
132	167
132	167
132	165
132	165
132	165
132	165
132	165
132	165
132	165
132	165
133	163
133	163
133	163
133	163
133	163
133	163
133	163
134	129
134	129
134	129
134	129
134	129
134	129
134	129
134	129
136	131
136	131
136	131
136	131
136	131
136	131
136	131
136	131
154	130
154	130
154	130
154	130
162	130
162	130
162	130
164	165
164	165
164	165
164	165
164	165
164	165
164	165
164	165
164	163
164	163
164	163
164	163
164	163
165	163
165	163
164	161
164	161
164	161
164	161
164	161
164	161
164	161
164	161
163	159
163	159
163	159
163	159
163	159
163	159
163	159
163	159
161	160
161	160
161	160
161	160
161	160
161	160
161	160
159	160
159	160
159	160
159	160
159	160
159	160
159	160
158	160
157	196
157	196
157	196
157	196
157	196
157	196
157	196
157	198
157	198
157	198
157	198
157	198
157	198
157	198
157	198
157	198
157	198
157	198
157	198
157	198
157	198
157	198
157	198
157	166
157	166
157	166
157	166
157	166
157	166
157	166
157	166
157	166
156	166
156	166
156	166
156	166
156	166
156	166
156	166
156	166
156	166
156	166
156	166
156	166
156	166
156	166
156	166
156	166
156	166
156	166
156	166
156	166
156	166
156	166
156	166
156	166
156	166
156	166
156	166
156	166
156	166
156	168
156	168
156	168
156	168
156	168
156	168
156	168
156	169
156	169
156	169
156	169
156	169
156	169
156	169
156	169
156	168
156	168
156	168
156	168
156	168
156	168
156	168
156	168
156	168
156	168
156	168
156	168
156	168
156	168
156	168
156	167
156	167
156	167
156	167
156	167
156	167
156	167
156	167
156	165
156	165
156	165
156	165
156	165
156	165
156	165
156	163
156	163
156	163
156	163
156	163
156	163
156	163
156	163
156	161
156	161
156	161
156	161
156	161
156	161
156	161
156	161
156	161
156	161
156	161
156	161
156	161
156	161
156	161
156	161
156	161
156	161
156	161
156	161
156	161
156	161
156	161
156	159
156	159
156	159
156	159
156	159
156	159
156	159
156	157
156	157
156	157
156	157
156	157
156	157
156	157
156	157
156	155
156	155
156	155
156	155
156	155
156	155
156	155
156	155
156	153
156	153
156	153
156	153
156	153
156	153
156	153
155	151
155	151
155	151
155	151
155	151
155	151
155	151
155	151
155	149
155	149
155	149
155	149
154	149
154	149
154	149
154	147
154	147
154	147
154	147
154	147
154	147
154	147
154	147
152	145
152	145
152	145
152	145
152	145
152	145
152	145
152	145
150	143
150	143
150	143
150	143
150	143
150	143
150	143
145	146
145	146
145	146
145	146
145	146
145	146
145	146
145	146
145	149
145	149
145	149
145	149
145	149
145	149
145	149
145	147
145	147
145	147
145	147
145	147
145	147
145	147
145	147
145	145
146	145
146	145
146	145
146	145
146	145
146	145
146	145
146	143
146	143
146	143
146	143
146	143
146	143
146	143
146	141
146	141
146	141
146	141
146	141
146	141
146	141
146	141
146	114
146	114
146	114
146	114
146	114
146	114
146	114
146	112
146	112
146	112
146	112
146	112
146	112
146	112
146	112
147	115
147	115
147	115
147	115
147	115
147	115
147	115
147	115
147	149
147	149
147	149
147	149
147	149
147	149
147	149
147	154
147	154
147	154
147	154
147	154
147	154
147	154
147	154
147	157
147	157
147	157
147	157
147	157
147	157
147	157
147	157
147	155
147	155
147	155
147	155
147	155
147	155
147	155
147	159
147	159
147	159
147	159
147	159
147	159
147	159
147	159
147	160
147	160
147	160
147	160
147	160
147	160
147	160
147	188
147	188
147	188
147	188
147	188
147	188
147	188
147	188
147	186
147	186
147	186
147	186
147	186
147	186
147	186
147	186
147	189
147	189
147	189
147	189
147	189
147	189
147	189
147	162
147	162
147	162
145	162
145	162
145	162
145	162
145	162
145	160
145	160
145	160
145	160
145	160
145	160
145	160
144	165
144	165
144	165
144	165
144	165
144	165
144	165
144	165
143	164
143	164
143	164
143	164
143	164
143	164
143	164
143	164
143	164
143	164
143	164
143	164
143	164
143	164
142	164
142	165
142	165
142	165
142	165
142	165
142	165
142	165
142	165
142	166
142	166
142	166
142	166
142	166
142	166
142	166
140	166
140	166
140	166
140	166
140	166
140	166
140	166
140	166
139	164
139	164
139	164
139	164
139	164
139	164
139	164
139	164
136	167
136	167
136	167
136	167
136	167
136	167
136	167
135	166
135	166
135	166
135	166
135	166
135	166
135	166
135	166
135	164
135	164
135	164
135	164
135	164
135	164
135	164
135	166
135	166
135	166
135	166
135	166
135	166
135	166
135	166
134	163
134	163
134	163
134	163
133	163
133	163
133	163
133	163
133	163
133	163
133	163
133	163
133	163
133	163
133	163
133	161
133	161
133	161
133	161
133	161
133	161
133	161
133	161
132	159
132	159
132	159
132	159
132	159
132	159
132	159
132	159
131	165
131	165
131	165
131	165
131	165
131	165
131	165
130	166
130	166
130	166
130	166
130	166
130	166
130	166
130	166
128	167
128	167
128	167
128	167
128	167
128	167
127	167
127	167
127	167
127	167
127	167
127	167
127	167
127	167
127	167
125	167
125	167
125	167
125	167
125	167
125	167
125	167
125	167
125	167
125	167
125	167
125	167
125	167
125	167
125	167
125	165
125	165
125	165
125	165
125	165
125	165
125	165
125	165
125	163
125	163
125	163
125	163
125	163
125	163
125	163
125	168
125	168
125	168
125	168
125	168
125	168
125	168
125	168
124	171
124	171
124	171
124	171
124	171
124	171
124	171
124	171
124	169
124	169
124	169
124	169
124	169
124	169
124	169
124	167
124	167
124	167
124	167
124	167
124	167
124	167
124	167
124	165
124	165
124	165
124	165
124	165
124	165
124	165
124	127
124	127
124	127
124	127
124	127
124	127
124	127
124	127
124	126
124	126
124	126
124	126
124	126
124	126
124	126
124	126
124	124
124	124
124	124
124	124
124	124
124	124
124	124
124	157
124	157
124	157
124	157
124	157
124	157
124	157
124	157
124	155
124	155
124	155
124	155
124	155
124	155
124	155
124	158
124	158
124	158
124	158
124	158
124	158
124	158
124	158
124	161
124	161
124	161
124	161
124	161
124	161
124	161
124	161
124	159
124	159
124	159
124	159
124	159
124	159
124	159
124	157
124	157
124	157
124	157
124	157
124	157
124	157
124	157
124	184
124	184
124	184
124	184
124	184
124	184
124	184
124	184
124	182
124	182
124	182
124	182
124	182
124	182
124	182
124	180
124	180
124	180
124	180
124	180
124	180
124	180
124	180
124	183
124	183
124	183
124	183
124	183
124	183
124	183
123	158
123	158
123	158
123	158
123	158
124	158
124	158
124	158
126	156
126	156
126	156
126	156
126	156
126	156
126	156
126	156
128	159
128	159
128	159
128	159
128	159
128	159
128	159
128	157
128	157
128	157
128	157
128	157
128	157
128	157
128	157
129	159
129	159
129	159
129	159
129	159
129	159
129	159
129	157
129	157
129	157
129	157
129	157
129	157
129	157
129	157
129	155
129	155
129	155
129	155
129	155
129	155
129	155
129	155
130	153
130	153
130	153
130	153
130	153
130	153
130	153
130	158
130	158
130	158
130	158
130	158
130	158
130	158
130	158
130	156
130	156
130	156
130	156
130	156
130	156
130	156
130	157
130	157
130	157
130	157
130	157
130	157
130	157
130	157
130	157
130	157
130	157
130	157
130	157
130	157
130	157
130	157
130	154
130	154
130	154
130	154
130	154
130	154
130	154
130	154
130	154
130	154
130	154
130	154
130	154
130	154
130	154
130	153
130	153
130	153
130	153
130	153
130	153
130	153
130	153
130	153
130	153
130	153
130	153
130	153
130	153
130	153
130	154
130	154
130	154
130	154
130	154
130	154
130	154
130	154
132	157
132	157
132	157
132	157
132	157
132	157
132	157
132	156
132	156
132	156
132	156
132	156
132	156
132	156
132	156
132	159
132	159
132	159
132	159
132	159
132	159
132	159
132	159
133	157
133	157
133	157
133	157
133	157
133	157
133	157
133	155
133	155
133	155
133	155
133	155
133	155
133	155
133	155
134	220
134	220
134	220
134	220
135	220
135	220
135	220
136	217
136	217
136	217
136	217
136	217
136	217
136	217
136	217
136	214
136	214
136	214
136	214
136	214
136	214
136	214
136	214
137	155
137	155
137	155
137	155
137	155
137	155
137	155
137	158
137	158
137	158
137	158
137	158
137	158
137	158
137	158
137	156
137	156
137	156
137	156
137	156
137	156
137	156
137	154
137	154
137	154
137	154
137	154
137	154
137	154
137	154
137	119
137	119
137	119
137	119
137	119
137	119
137	119
137	119
137	117
137	117
137	117
137	117
137	117
137	117
137	117
137	115
137	115
137	115
137	115
137	115
137	115
137	115
137	115
137	146
137	146
137	146
137	146
137	146
137	146
137	146
137	146
137	144
137	144
137	144
137	144
137	144
137	144
137	144
137	142
137	142
137	142
137	142
137	142
137	142
137	142
137	142
137	140
137	140
137	140
137	140
137	140
137	140
137	140
137	138
137	138
137	138
137	138
137	138
137	138
137	138
137	138
137	136
137	136
137	136
137	136
137	136
137	136
137	136
137	136
137	158
137	158
137	158
137	158
137	158
137	158
137	158
137	156
137	156
137	156
137	156
137	156
137	156
137	156
137	156
137	152
137	152
137	152
137	152
137	152
137	152
137	152
134	150
134	150
134	150
134	150
134	150
134	150
134	150
131	150
132	125
132	125
132	125
132	125
132	125
132	125
132	125
132	125
133	127
133	127
133	127
133	127
133	127
133	127
133	127
133	125
133	125
133	125
133	125
133	125
133	125
133	125
133	125
132	123
132	123
132	123
132	123
132	123
132	123
132	123
130	126
129	126
129	126
129	126
129	126
129	126
129	126
129	126
129	129
129	129
129	129
129	129
129	129
129	129
129	129
129	129
128	134
128	134
128	134
128	134
128	134
128	134
128	134
128	130
128	130
128	130
128	130
128	130
128	130
128	130
128	130
128	128
128	128
128	128
128	128
128	128
128	128
128	128
128	128
129	126
129	126
129	126
129	126
129	126
129	126
129	126
129	124
129	124
129	124
129	124
129	124
129	124
129	124
129	124
129	127
129	127
129	127
129	127
129	127
129	127
129	127
129	127
129	127
129	127
129	127
129	127
129	127
129	127
129	127
129	125
129	125
129	125
129	125
129	125
129	125
129	125
129	125
130	128
130	128
130	128
130	128
131	128
131	128
131	128
131	124
131	124
131	124
131	124
131	124
131	124
131	124
131	124
131	127
131	127
131	127
131	127
131	127
131	127
131	127
131	125
131	125
131	125
131	125
131	125
131	125
131	125
131	125
132	126
132	126
132	126
132	126
132	126
132	126
132	126
132	126
132	124
132	124
132	124
132	124
132	124
132	124
132	124
132	122
132	122
132	122
132	122
132	122
132	122
132	122
132	122
132	125
132	125
132	125
132	125
132	125
132	125
132	125
132	125
132	171
132	171
132	171
132	171
132	171
132	171
132	171
132	168
132	168
132	168
132	168
132	168
132	168
132	168
132	168
132	172
132	172
132	172
132	172
132	172
132	172
132	172
133	122
133	122
133	122
133	122
133	122
133	122
133	122
133	122
133	125
133	125
133	125
133	125
133	125
133	125
133	125
133	125
135	123
135	123
135	123
135	123
135	123
135	123
135	123
136	126
136	126
136	126
136	126
136	126
136	126
136	126
136	126
136	97
136	97
136	97
136	97
136	97
136	97
136	97
137	95
137	95
138	95
138	95
138	95
138	95
138	95
138	95
139	98
139	98
139	98
139	98
139	98
139	98
139	98
139	98
159	123
159	123
159	123
159	123
159	123
159	123
159	123
162	126
162	126
162	126
162	126
162	126
162	126
162	126
162	126
168	124
168	124
168	124
168	124
168	124
168	124
168	124
170	122
170	122
170	122
170	122
170	122
170	122
170	122
170	122
170	125
170	125
170	125
170	125
170	125
170	125
170	125
170	125
171	123
171	123
171	123
171	123
171	123
171	123
171	123
171	149
171	149
171	149
171	149
171	149
171	149
171	149
171	149
171	146
171	146
171	146
171	146
171	146
171	146
171	146
171	146
171	144
171	144
171	144
171	144
171	144
171	144
171	144
171	145
171	145
171	145
171	145
171	145
171	145
171	145
171	145
171	121
171	121
171	121
171	121
171	121
171	121
171	121
171	119
171	119
172	119
172	119
172	119
172	119
172	119
172	119
172	116
172	116
172	116
172	116
172	116
172	116
172	116
172	116
172	114
172	114
172	114
172	114
172	114
172	114
172	114
172	112
172	112
172	112
172	112
172	112
172	112
172	112
172	112
172	110
172	110
172	110
172	110
172	110
172	110
172	110
172	108
172	108
172	108
172	108
172	108
172	108
172	108
172	108
172	106
172	106
172	106
172	106
172	106
172	106
172	106
172	106
172	104
172	104
172	104
172	104
172	104
172	104
172	104
172	107
172	107
172	107
172	107
172	107
172	107
172	107
172	107
172	105
172	105
172	105
172	105
172	105
172	105
172	105
172	105
172	103
172	103
172	103
172	103
172	103
172	103
172	103
172	101
172	101
172	101
172	101
172	101
172	101
172	101
172	101
172	97
172	97
172	97
172	97
172	97
172	97
172	97
172	95
172	95
172	95
172	95
172	95
172	95
172	95
172	95
171	96
171	96
171	96
171	96
171	96
171	96
171	96
171	96
171	96
171	96
171	96
171	96
171	96
171	96
171	96
169	100
169	100
169	100
169	100
169	100
169	100
169	100
169	100
169	103
169	103
169	103
169	103
169	103
169	103
169	103
168	106
168	106
168	106
168	106
168	106
168	106
168	106
168	106
168	109
168	109
168	109
168	109
168	109
168	109
168	109
168	109
168	112
168	112
168	112
168	112
168	112
168	112
168	112
168	156
168	156
168	156
168	156
168	156
168	156
168	156
168	156
168	153
168	153
168	153
168	153
168	153
168	153
168	153
168	153
168	157
168	157
168	157
168	157
168	157
168	157
168	157
168	111
168	111
168	111
168	111
168	111
168	111
168	111
168	111
168	114
168	114
168	114
168	114
168	114
168	114
168	114
168	112
168	112
168	112
168	112
168	112
168	112
168	112
168	112
168	117
168	117
168	117
168	117
168	117
168	117
168	117
168	117
168	90
168	90
168	90
168	90
168	90
168	90
168	90
168	92
168	92
168	92
168	92
168	92
168	92
168	92
168	92
168	95
168	95
168	95
168	95
168	95
168	95
168	95
168	122
168	122
168	122
168	122
168	122
168	122
168	122
168	122
168	120
168	120
168	120
168	120
168	120
168	120
168	120
168	120
168	118
168	118
168	118
168	118
168	118
168	118
168	118
168	119
168	119
168	119
168	119
168	119
168	119
168	119
168	119
168	118
168	118
168	118
168	118
168	118
168	118
168	118
168	118
167	116
167	116
167	116
167	116
167	116
167	116
167	116
164	140
164	140
161	140
161	140
161	140
161	140
161	140
161	140
161	144
161	144
161	144
161	144
161	144
161	144
161	144
160	142
160	142
160	142
160	142
160	142
160	142
160	142
160	142
158	139
158	139
158	139
158	139
158	139
158	139
158	139
158	139
157	116
157	116
157	116
157	116
157	116
157	116
157	116
156	119
156	119
156	119
156	119
156	119
156	119
156	119
156	119
155	122
155	122
155	122
155	122
155	122
155	122
155	122
155	120
155	120
155	120
155	120
155	120
155	120
155	120
155	120
155	118
155	118
155	118
155	118
155	118
155	118
155	118
155	118
155	121
155	121
155	121
155	121
155	121
155	121
155	121
155	119
155	119
155	119
155	119
155	119
155	119
155	119
155	119
155	117
155	117
155	117
155	117
155	117
155	117
155	117
155	117
155	120
155	120
155	120
155	120
155	120
155	120
155	120
155	118
155	118
155	118
155	118
155	118
155	118
155	118
155	118
155	116
155	116
155	116
155	116
155	116
155	116
155	116
155	115
155	115
155	115
155	115
155	115
155	115
155	115
155	115
155	113
155	113
155	113
155	113
155	113
155	113
155	113
155	113
155	109
155	109
155	109
155	109
155	109
155	109
155	109
150	112
150	112
150	112
150	112
150	112
150	112
150	112
150	112
150	110
150	110
150	110
150	110
150	110
150	110
150	110
150	110
150	110
150	110
150	110
150	110
150	110
150	110
150	110
149	108
149	108
149	108
149	108
149	108
149	108
149	108
149	108
149	106
149	106
149	106
149	106
149	106
149	106
149	106
149	104
149	104
149	104
149	104
149	104
149	104
149	104
149	104
147	102
147	102
147	102
147	102
147	102
147	102
147	102
147	102
146	100
146	100
146	100
146	100
146	100
146	100
146	100
146	104
146	104
146	104
146	104
146	104
146	104
146	104
146	104
146	102
146	102
146	102
146	102
146	102
146	102
146	102
145	100
145	100
145	100
145	100
145	100
145	100
145	100
145	100
145	103
145	103
145	103
145	103
145	103
145	103
145	103
145	103
145	108
145	108
145	108
145	108
144	108
144	108
144	108
144	111
144	111
144	111
144	111
144	111
144	111
144	111
144	111
144	109
144	109
144	109
144	109
144	109
144	109
144	109
144	83
144	83
144	83
144	83
144	83
144	83
144	83
144	83
144	86
144	86
144	86
144	86
144	86
144	86
144	86
144	86
144	84
144	84
144	84
144	84
144	84
144	84
144	84
144	106
144	106
144	106
144	106
144	106
144	106
144	106
144	106
144	109
144	109
144	109
144	109
144	109
144	109
144	109
144	109
144	112
144	112
144	112
144	112
144	112
144	112
144	112
144	117
144	117
143	117
143	117
143	117
143	117
143	117
143	117
143	116
143	116
143	116
143	116
143	116
143	116
143	116
142	118
142	118
142	118
142	118
142	118
142	118
142	118
142	118
141	143
141	143
141	143
141	143
141	143
141	143
141	143
141	143
141	144
141	144
141	144
141	144
140	144
140	144
140	144
139	144
139	144
139	144
139	144
139	144
139	144
139	144
139	144
139	142
139	142
139	142
138	142
138	142
138	142
138	142
137	120
137	120
137	120
137	120
137	120
137	120
137	120
137	120
137	118
137	118
137	118
137	118
137	118
137	118
137	118
137	118
137	118
137	118
137	118
137	118
137	118
137	118
137	118
137	117
137	117
137	117
137	117
137	117
137	117
137	117
137	117
137	115
137	115
137	115
137	115
137	115
137	115
137	115
137	115
136	113
136	113
136	113
136	113
136	113
136	113
136	113
136	111
136	111
136	111
136	111
136	111
136	111
136	111
136	111
136	114
136	114
136	114
136	114
136	114
136	114
136	114
136	112
136	112
136	112
136	112
136	112
136	112
136	112
136	112
136	110
136	110
136	110
136	110
136	110
136	110
136	110
136	110
136	108
136	108
136	108
136	108
136	108
136	108
136	108
136	112
136	112
136	112
136	112
136	112
136	112
136	112
136	112
136	115
136	115
136	115
136	115
136	115
136	115
136	115
136	115
136	115
136	115
136	115
136	115
136	115
136	115
136	115
136	114
136	114
136	114
136	114
136	114
136	114
136	114
136	114
136	112
136	112
136	112
136	112
136	112
136	112
136	112
136	112
136	112
136	112
136	112
136	112
136	112
136	112
136	112
136	115
136	115
136	115
136	115
136	115
136	115
136	115
136	113
136	113
136	113
136	113
136	113
136	113
136	113
136	113
136	111
136	111
133	111
133	111
133	111
133	111
133	111
133	111
133	114
133	114
133	114
133	114
133	114
133	114
133	114
133	112
133	112
133	112
133	112
133	112
133	112
133	112
133	112
131	110
131	110
131	110
131	110
131	110
131	110
131	110
131	110
131	113
131	113
131	113
131	113
130	113
130	113
130	113
130	115
130	115
130	115
130	115
130	115
130	115
130	115
130	115
130	117
130	117
130	117
130	117
130	117
130	117
130	117
130	116
130	116
130	116
130	116
130	116
130	116
130	116
130	116
129	114
129	114
129	114
129	114
129	114
129	114
129	114
129	114
129	115
129	115
129	115
129	115
129	115
129	115
129	115
129	93
129	93
129	93
129	93
129	93
129	93
129	93
129	93
129	90
129	90
129	90
129	90
129	90
129	90
129	90
129	88
129	88
129	88
129	88
129	88
129	88
129	88
129	88
129	110
129	110
129	110
129	110
129	110
129	110
129	110
129	110
129	108
129	108
129	108
129	108
129	108
129	108
129	108
129	106
129	106
129	106
129	106
129	106
129	106
129	106
129	106
129	109
129	109
129	109
129	109
129	109
129	109
129	109
129	109
129	107
129	107
129	107
129	107
129	107
129	107
129	107
129	110
129	110
129	110
129	110
129	110
129	110
129	110
129	110
129	129
129	129
129	129
129	129
129	129
129	129
129	129
129	126
129	126
129	126
129	126
129	126
129	126
129	126
129	126
129	126
129	126
129	126
129	126
129	126
129	126
129	126
129	126
129	124
129	124
129	124
129	124
129	124
129	124
129	124
129	104
129	104
129	104
129	104
129	104
129	104
129	104
129	104
129	102
129	102
129	102
129	102
129	102
129	102
129	102
129	104
129	104
129	104
129	104
129	104
129	104
129	104
129	104
129	105
129	105
129	105
129	105
129	105
129	105
129	105
129	105
129	103
129	103
129	103
129	103
129	103
129	103
129	103
129	101
129	101
129	101
129	101
129	101
129	101
129	101
129	101
129	99
129	99
129	99
129	99
129	99
129	99
129	99
129	99
129	103
129	103
129	103
129	103
129	103
129	103
129	103
129	101
129	101
129	101
129	101
129	101
129	101
129	101
129	101
129	99
129	99
129	99
129	99
129	99
129	99
129	99
129	97
129	97
129	97
129	97
129	97
129	97
129	97
129	97
129	95
129	95
129	95
129	95
129	95
129	95
129	95
129	95
129	98
129	98
129	98
129	98
129	98
129	98
129	98
129	94
129	94
129	94
129	94
129	94
129	94
129	94
129	94
129	94
129	94
129	94
129	94
129	94
129	94
129	94
129	95
129	95
129	95
129	95
129	95
129	95
129	95
129	95
129	95
129	95
129	95
129	95
129	95
129	95
129	95
129	95
129	100
129	100
129	100
129	100
129	100
129	100
129	100
129	98
129	98
129	98
129	98
129	98
129	98
129	98
129	98
129	100
129	100
129	100
129	100
129	100
129	100
129	100
129	100
129	103
129	103
129	103
129	103
129	103
129	103
129	103
129	101
129	101
129	101
129	101
129	101
129	101
129	101
129	101
129	99
129	99
129	99
129	99
129	99
129	99
129	99
129	102
129	102
129	102
129	102
129	102
129	102
129	102
129	102
129	105
129	105
129	105
129	105
129	105
129	105
129	105
129	105
129	103
129	103
129	103
129	103
129	103
129	103
129	103
129	101
129	101
129	101
129	101
129	101
129	101
129	101
129	101
129	99
129	99
129	99
129	99
129	99
129	99
129	99
129	97
129	97
129	97
129	97
129	97
129	97
129	97
129	97
129	75
129	75
129	75
129	75
129	75
129	75
129	75
129	75
128	73
128	73
128	73
128	73
128	73
128	73
128	73
127	72
127	72
127	72
126	72
126	72
126	72
126	72
126	72
125	94
125	94
125	94
125	94
125	94
125	94
125	94
125	94
125	93
125	93
125	93
125	93
125	93
125	93
125	93
125	96
125	96
125	96
125	96
125	96
125	96
125	96
125	96
125	100
125	100
125	100
125	100
125	100
125	100
125	100
125	98
125	98
125	98
125	98
125	98
125	98
125	98
125	98
125	102
125	102
125	102
125	102
125	102
125	102
125	102
125	102
125	119
125	119
125	119
125	119
125	119
125	119
125	119
125	123
125	123
125	123
125	123
125	123
125	123
125	123
125	123
125	120
125	120
125	120
125	120
125	120
125	120
125	120
125	118
125	118
125	118
125	118
125	118
125	118
125	118
125	118
125	102
125	102
125	102
125	102
125	102
125	102
125	102
125	102
125	100
125	100
125	100
125	100
125	100
125	100
125	100
125	98
125	98
125	98
125	98
125	98
125	98
125	98
125	98
125	102
125	102
125	102
125	102
125	102
125	102
125	102
125	102
125	100
125	100
125	100
125	100
125	100
125	100
125	100
125	98
125	98
125	98
125	98
125	98
125	98
125	98
125	98
125	97
125	97
125	97
125	97
125	97
125	97
125	97
125	95
125	95
125	95
125	95
125	95
125	95
125	95
125	95
125	96
125	96
125	96
125	96
125	96
125	96
125	96
125	96
127	99
127	99
127	99
127	99
127	99
127	99
127	99
128	97
128	97
128	97
128	97
128	97
128	97
128	97
128	97
129	99
129	99
129	99
129	99
129	99
129	99
129	99
129	99
132	97
132	97
132	97
132	97
132	97
132	97
132	97
142	100
142	100
142	100
142	100
142	100
142	100
142	100
142	100
146	101
146	101
146	101
146	101
146	101
146	101
146	101
146	103
146	103
146	103
145	103
145	103
145	103
145	103
145	103
145	101
145	101
145	101
145	101
145	101
145	101
145	101
145	101
145	99
145	99
145	99
145	99
145	99
145	99
145	99
145	97
145	97
145	97
145	97
145	97
145	97
145	97
145	97
145	97
145	97
145	97
145	97
145	97
145	97
145	97
145	95
145	95
145	95
145	95
145	95
145	95
145	95
145	95
145	98
145	98
145	98
145	98
145	98
145	98
145	98
145	98
145	103
145	103
145	103
145	103
145	103
145	103
145	103
146	106
146	106
146	106
146	106
146	106
146	106
146	106
146	106
146	104
146	104
146	104
146	104
146	104
146	104
146	104
146	104
147	102
147	102
147	102
147	102
147	102
147	102
147	102
148	100
148	100
148	100
148	100
148	100
148	100
148	100
148	100
148	98
148	98
148	98
148	98
148	98
148	98
148	98
148	96
148	96
148	96
148	96
148	96
148	96
148	96
148	96
148	75
148	75
148	75
148	75
148	75
148	75
148	75
148	75
148	75
148	75
148	75
148	75
148	75
148	75
148	75
148	79
148	79
148	79
148	79
148	79
148	79
148	79
148	79
148	97
148	97
148	97
148	97
148	97
148	97
148	97
148	97
148	95
148	95
148	95
148	95
148	95
148	95
148	95
148	98
148	98
148	98
148	98
148	98
148	98
148	98
149	98
149	101
149	101
149	101
149	101
149	101
149	101
149	101
149	101
149	101
149	101
149	101
149	101
149	101
149	101
149	101
149	103
149	103
149	103
149	103
149	103
149	103
149	103
149	103
149	100
149	100
149	100
149	100
149	100
149	100
149	100
146	126
146	126
146	126
146	126
146	126
146	126
146	126
146	126
145	127
145	127
145	127
145	127
145	127
145	127
145	127
145	125
145	125
145	125
145	125
145	125
145	125
145	125
145	125
145	102
145	102
145	102
145	102
145	102
145	102
145	102
145	102
146	100
146	100
146	100
146	100
147	100
147	100
147	100
147	103
147	103
147	103
147	103
147	103
147	103
147	103
147	103
147	106
147	106
147	106
147	106
147	106
147	106
147	106
147	106
147	108
147	108
147	108
147	108
147	108
147	108
147	108
147	110
147	110
147	110
147	110
147	110
147	110
147	110
147	110
148	108
148	108
148	108
148	108
148	108
148	108
148	108
148	106
148	106
148	106
148	106
148	106
148	106
148	106
148	106
150	108
150	108
150	108
150	108
150	108
150	108
150	108
150	108
150	106
150	106
150	106
150	106
150	106
150	106
150	106
151	104
151	104
151	104
151	104
151	104
151	104
151	104
151	104
152	104
152	104
152	104
152	104
152	104
152	104
152	104
152	102
152	102
152	102
152	102
152	102
152	102
152	102
152	102
152	101
152	101
152	101
152	101
152	101
152	101
152	101
152	101
152	99
152	99
152	99
152	99
152	99
152	99
152	99
152	99
152	99
152	99
152	99
152	99
152	99
152	99
152	99
152	95
152	95
152	95
152	95
152	95
152	95
152	95
152	95
152	96
152	96
152	96
152	96
152	96
152	96
152	96
152	97
152	97
152	97
152	97
152	97
152	97
152	97
152	97
152	95
152	95
152	95
152	95
152	95
152	95
152	95
152	98
152	98
152	98
152	98
152	98
152	98
152	98
152	98
152	98
152	98
152	98
152	98
152	98
152	98
152	98
152	98
152	99
152	99
152	99
152	99
152	99
152	99
152	99
152	100
152	100
152	100
152	100
152	100
152	100
152	100
152	100
152	105
152	105
152	105
152	105
152	105
152	105
152	105
152	102
152	102
152	102
152	102
152	102
152	102
152	102
152	102
152	105
152	105
152	105
152	105
152	105
152	105
152	105
152	105
152	106
152	106
152	106
152	106
152	106
152	106
152	106
152	106
152	106
152	106
152	106
152	106
152	106
152	106
152	106
152	83
152	83
152	83
152	83
152	83
152	83
152	83
152	83
152	83
152	83
152	83
152	83
152	83
152	83
152	83
152	82
152	82
152	82
152	82
152	82
152	82
152	82
152	82
152	105
152	105
152	105
152	105
152	105
152	105
152	105
152	103
152	103
152	103
152	103
152	103
152	103
152	103
152	103
152	105
152	105
152	105
152	105
152	105
152	105
152	105
152	103
152	103
152	103
152	103
152	103
152	103
152	103
152	101
152	101
152	101
152	101
152	101
152	101
152	101
152	101
152	99
152	99
152	99
152	99
152	99
152	99
152	99
152	99
152	97
152	97
152	97
149	97
149	97
149	97
149	97
149	121
149	121
149	121
149	121
149	121
149	121
149	121
149	121
150	125
150	125
150	125
150	125
150	125
150	125
150	125
151	121
151	121
151	121
151	121
151	121
151	121
151	121
151	121
151	103
151	103
151	103
151	103
151	103
152	103
152	103
152	103
152	101
152	101
152	101
152	101
152	101
152	101
152	101
152	103
152	103
152	103
152	103
152	103
152	103
152	103
152	103
152	100
152	100
152	100
152	100
152	100
152	100
152	100
152	102
152	102
152	102
152	102
152	102
152	102
152	102
152	102
152	100
152	100
152	100
152	100
152	100
152	100
152	100
152	100
152	100
152	100
152	100
152	100
152	100
152	100
152	100
152	98
152	98
152	98
152	98
152	98
152	98
152	98
152	98
152	99
152	99
152	99
152	99
152	99
152	99
152	99
152	99
152	104
152	104
152	104
152	104
152	104
152	104
152	104
152	107
152	107
152	107
152	107
152	107
152	107
152	107
152	107
152	105
152	105
152	105
152	105
152	105
152	105
152	105
152	103
152	103
152	103
152	103
152	103
152	103
152	103
152	103
152	108
152	108
152	108
152	108
152	108
152	108
152	108
152	108
152	106
152	106
152	106
152	106
152	106
152	106
152	106
152	105
152	105
152	105
152	105
152	105
152	105
152	105
152	105
152	101
152	101
152	101
152	101
152	101
152	101
152	101
152	104
152	104
152	104
152	104
152	104
152	104
152	104
152	104
152	107
152	107
152	107
152	107
152	107
152	107
152	107
152	107
152	110
152	110
152	110
152	110
152	110
152	110
152	110
152	111
152	111
152	111
152	111
152	111
152	111
152	111
152	111
152	116
152	116
152	116
152	116
152	116
152	116
152	116
152	116
152	115
152	115
152	115
152	115
152	115
152	115
152	115
152	118
152	118
152	118
152	118
152	118
152	118
152	118
152	118
152	116
152	116
152	116
152	116
152	116
152	116
152	116
152	119
152	119
152	119
152	119
152	119
152	119
152	119
152	119
152	117
152	117
152	117
152	117
152	117
152	117
152	117
152	117
152	115
152	115
152	115
152	115
152	115
152	115
152	115
152	113
152	113
152	113
152	113
152	113
152	113
152	113
152	113
152	90
152	90
152	90
152	90
152	90
152	90
152	90
152	90
152	88
152	88
152	88
152	88
152	88
152	88
152	88
152	91
152	91
152	91
152	91
152	91
152	91
152	91
152	91
152	110
152	110
152	110
152	110
152	110
152	110
152	110
152	108
152	108
152	108
152	108
152	108
152	108
152	108
152	108
151	106
151	106
151	106
151	106
151	106
151	106
151	106
151	106
150	109
150	109
150	109
147	109
147	109
147	109
147	109
146	107
146	107
146	107
146	107
146	107
146	107
146	107
146	107
144	110
144	110
144	110
144	110
144	110
144	110
144	110
142	115
142	115
142	115
142	115
142	115
142	115
142	115
142	115
141	143
141	143
141	143
141	143
141	143
140	143
140	143
140	143
140	142
140	142
140	142
140	142
140	142
140	142
140	142
140	140
140	140
140	140
140	140
140	140
140	140
140	140
140	140
140	118
140	118
140	118
140	118
140	118
140	118
140	118
140	118
139	115
139	115
139	115
139	115
139	115
139	115
139	115
139	114
139	114
139	114
139	114
139	114
139	114
139	114
139	114
139	68
139	68
139	68
139	68
139	68
139	68
139	68
139	67
139	67
139	67
139	67
139	67
139	67
139	67
139	67
139	66
139	66
139	66
139	66
139	66
139	66
139	66
139	66
139	106
139	106
139	106
139	106
139	106
139	106
139	106
139	109
139	109
139	109
139	109
139	109
139	109
139	109
139	109
139	114
139	114
139	114
139	114
139	114
139	114
139	114
139	114
139	117
139	117
139	117
139	117
139	117
139	117
139	117
139	120
139	120
139	120
139	120
139	120
139	120
139	120
139	120
138	117
138	117
138	117
138	117
138	117
138	117
138	117
138	117
138	117
138	117
138	117
138	117
138	117
134	117
134	117
131	119
131	119
131	119
131	119
131	119
131	119
131	119
131	119
128	118
128	118
128	118
128	118
128	118
128	118
128	118
127	122
127	122
127	122
127	122
127	122
127	122
127	122
127	122
126	116
126	116
126	116
126	116
126	116
126	116
126	116
125	114
125	114
125	114
125	114
125	114
125	114
125	114
125	114
125	112
125	112
125	112
125	112
125	112
125	112
125	112
125	112
125	110
125	110
125	110
125	110
125	110
125	110
125	110
124	108
124	108
124	108
124	108
124	108
124	108
124	108
124	108
124	106
124	106
124	106
124	106
124	106
124	106
124	106
124	106
124	104
124	104
124	104
124	104
124	104
124	104
124	104
124	102
124	102
124	102
124	102
124	102
124	102
124	102
124	102
124	105
124	105
124	105
124	105
124	105
124	105
124	105
124	103
124	103
124	103
124	103
124	103
124	103
124	103
124	103
124	101
124	101
124	101
124	101
124	101
124	101
124	101
124	101
124	105
124	105
124	105
124	105
124	105
124	105
124	105
124	108
124	108
124	108
124	108
124	108
124	108
124	108
124	108
124	86
124	86
124	86
124	86
124	86
124	86
124	86
124	86
124	89
124	89
124	89
124	89
124	89
124	89
124	89
124	91
124	91
124	91
124	91
124	91
124	91
124	91
124	91
124	109
124	109
124	109
124	109
124	109
124	109
124	109
124	107
124	107
124	107
124	107
124	107
124	107
124	107
124	107
124	105
124	105
124	105
124	105
124	105
124	105
124	105
124	105
124	108
124	108
124	108
124	108
124	108
124	108
124	108
124	106
124	106
124	106
124	106
124	106
124	106
124	106
124	106
124	104
124	104
124	104
124	104
124	104
124	104
124	104
124	102
124	102
124	102
124	102
124	102
124	102
124	102
124	102
123	127
123	127
123	127
123	127
123	127
123	127
123	127
123	127
122	124
122	124
122	124
122	124
122	124
122	124
122	124
122	122
122	122
122	122
122	122
122	122
122	122
122	122
122	122
121	98
121	98
121	98
121	98
121	98
121	98
121	98
121	98
121	96
121	96
120	96
120	96
120	96
120	96
120	96
120	94
120	94
120	94
120	94
120	94
120	94
120	94
120	94
120	57
120	57
120	57
120	57
120	57
120	57
120	57
120	60
120	60
120	60
120	60
120	60
120	60
120	60
120	60
119	58
119	58
119	58
119	58
119	58
119	58
119	58
119	58
119	96
119	96
119	96
119	96
119	96
119	96
119	96
116	99
116	99
116	99
116	99
116	99
116	99
116	99
116	99
116	97
116	97
116	97
116	97
116	97
116	97
116	97
116	97
115	99
115	99
115	99
115	99
115	99
115	99
115	99
114	99
114	99
114	99
114	99
114	99
114	99
114	99
114	99
113	99
113	99
113	99
113	99
113	99
113	99
113	99
113	98
113	98
113	98
113	98
113	98
113	98
113	98
113	98
112	100
112	100
112	100
112	100
112	100
112	100
112	100
112	100
111	103
111	103
111	103
111	103
111	103
111	103
111	103
110	104
110	104
110	104
110	104
110	104
110	104
110	104
110	104
110	100
110	100
110	100
110	100
110	100
110	100
110	100
110	100
110	100
110	100
110	100
110	100
110	100
110	100
110	100
110	101
110	101
110	101
110	101
110	101
110	101
110	101
110	101
110	100
110	100
110	100
110	100
110	100
110	100
110	100
110	98
110	98
110	98
110	98
110	98
110	98
110	98
110	98
110	99
110	99
110	99
110	99
110	99
110	99
110	99
110	99
110	99
110	99
110	99
110	99
110	99
110	99
110	99
110	99
110	99
110	99
110	99
110	99
110	99
110	99
110	99
110	99
110	99
110	99
110	99
110	99
110	99
110	99
110	102
110	102
110	102
110	102
110	102
110	102
110	102
110	102
110	105
110	105
110	105
110	105
110	105
110	105
110	105
110	105
110	103
110	103
110	103
110	103
110	103
110	103
110	103
110	106
110	106
110	106
110	106
110	106
110	106
110	106
110	106
110	86
110	86
110	86
110	86
110	86
110	86
110	86
110	86
110	85
110	85
110	85
110	85
110	85
110	85
110	85
110	87
110	87
110	87
110	87
110	87
110	87
110	87
110	87
110	103
110	103
110	103
110	103
110	103
110	103
110	103
110	103
110	103
110	103
110	103
110	103
110	103
110	103
110	103
110	101
110	101
110	101
110	101
110	101
110	101
110	101
110	101
110	99
110	99
110	99
110	99
110	99
110	99
110	99
110	102
110	102
110	102
110	102
110	102
110	102
110	102
110	102
110	100
110	100
110	100
110	100
110	100
110	100
110	100
110	100
110	103
110	103
110	103
110	103
110	103
110	103
110	103
110	131
110	131
110	131
110	131
110	131
110	131
110	131
110	131
111	129
111	129
111	129
111	129
111	129
111	129
111	129
112	133
112	133
112	133
112	133
112	133
112	133
112	133
112	133
113	110
113	110
113	110
113	110
113	110
113	110
113	110
113	110
115	107
115	107
115	107
115	107
115	107
115	107
115	107
115	106
115	106
115	106
115	106
115	106
115	106
115	106
115	106
116	69
116	69
116	69
116	69
116	69
116	69
116	69
116	71
116	71
116	71
116	71
116	71
116	71
116	71
116	71
117	72
117	72
117	72
117	72
117	72
117	72
117	72
117	72
117	118
117	118
117	118
117	118
117	118
117	118
117	118
117	121
117	121
117	121
117	121
117	121
117	121
117	121
117	121
