101	0
101	0
101	0
101	0
101	0
101	0
103	0
103	0
103	0
103	0
103	0
103	0
103	0
103	0
103	0
103	0
103	0
103	0
103	0
101	0
101	0
101	0
101	0
101	0
101	0
101	0
100	0
100	0
100	0
100	0
100	0
100	0
100	0
98	0
98	0
98	0
98	0
98	0
97	0
97	0
97	0
95	0
95	0
95	0
95	0
95	0
95	0
95	0
93	65
93	65
93	65
93	65
93	65
93	65
93	65
93	65
92	65
92	65
92	65
92	65
92	65
92	65
92	65
91	66
91	66
91	66
91	66
91	66
91	66
91	66
91	64
91	64
91	64
90	64
90	64
90	64
90	64
90	64
90	63
90	63
90	63
90	63
90	63
90	63
90	63
90	67
90	67
90	67
90	67
90	67
90	67
90	67
90	67
91	90
91	90
91	90
91	90
91	90
91	90
91	90
91	88
91	88
91	88
91	88
91	88
91	88
91	88
91	92
91	92
91	92
91	92
91	92
91	92
91	92
91	92
92	74
92	74
92	74
92	74
92	74
92	74
92	74
93	77
93	77
93	77
93	77
93	77
93	77
93	77
93	77
94	80
94	80
94	80
94	80
94	80
94	80
94	80
95	48
95	48
95	48
95	48
95	48
95	48
95	48
95	48
95	48
95	48
95	48
95	48
95	48
95	48
95	48
96	47
96	47
96	47
96	47
96	47
96	47
96	47
96	48
96	48
96	48
96	48
96	48
96	48
96	48
96	48
95	76
95	76
95	76
95	76
95	76
95	76
95	76
95	74
95	74
95	74
95	74
94	74
94	74
94	74
94	77
94	77
94	77
94	77
94	77
94	77
94	77
94	77
94	77
94	77
94	77
94	77
94	77
94	77
93	77
94	75
94	75
94	75
94	75
94	75
94	75
94	75
94	73
94	73
94	73
94	73
94	73
94	73
94	73
94	73
93	67
93	67
93	67
93	67
93	67
93	67
93	67
93	65
93	65
93	65
93	65
93	65
93	65
93	65
93	65
92	63
92	63
92	63
92	63
92	63
92	63
92	63
94	63
94	63
94	63
94	63
94	63
94	63
94	63
95	63
95	63
95	63
95	63
95	63
95	63
95	63
95	63
95	62
95	62
95	62
95	62
95	62
95	62
95	62
96	61
96	61
96	61
96	61
96	61
96	61
96	61
96	61
96	61
96	61
97	61
97	61
97	61
97	61
97	61
97	64
97	64
97	64
97	64
97	64
97	64
97	64
98	67
98	67
98	67
98	67
98	67
98	67
98	67
98	67
99	88
99	88
99	88
99	88
99	88
99	88
99	88
100	84
100	84
100	84
100	84
100	84
100	84
100	84
101	84
101	88
101	88
101	88
101	88
101	88
101	88
101	88
100	75
100	75
100	75
100	75
100	75
100	75
100	75
99	78
99	78
99	78
99	78
99	78
99	78
99	78
99	78
99	83
99	83
99	83
99	83
99	83
99	83
99	83
99	84
99	84
99	84
99	84
99	84
99	84
99	84
99	84
98	86
98	86
98	86
98	86
98	86
98	86
98	86
97	86
97	86
97	86
97	86
97	86
97	86
97	86
96	90
96	90
96	90
96	90
96	90
96	90
96	90
96	90
95	91
95	91
95	91
95	91
95	91
95	91
95	91
95	89
95	89
95	89
97	89
97	89
97	89
97	89
97	89
99	89
99	89
99	89
99	89
99	89
99	89
99	89
100	90
100	90
100	90
100	90
100	90
100	90
100	90
99	93
99	93
99	93
99	93
99	93
99	93
99	93
99	93
99	89
99	89
99	89
99	89
99	89
99	89
99	89
99	83
99	83
99	83
99	83
99	83
99	83
99	83
99	81
99	81
99	81
99	81
99	81
99	81
99	81
99	81
101	79
101	79
101	79
101	79
101	79
101	79
101	79
102	89
102	89
102	89
102	89
102	89
102	89
102	89
102	89
102	92
102	92
102	92
102	92
102	92
102	92
102	92
105	90
105	90
105	90
105	90
105	90
105	90
105	90
105	88
105	88
105	88
105	88
105	88
105	88
105	88
105	88
105	88
105	88
105	88
105	88
105	88
105	88
105	88
107	91
107	91
107	91
107	91
107	91
107	91
107	91
107	91
110	88
110	88
110	88
110	88
110	88
110	88
110	88
115	107
115	107
115	107
115	107
115	107
115	107
115	107
117	111
117	111
117	111
117	111
117	111
117	111
117	111
117	111
119	107
119	107
119	107
119	107
119	107
119	107
119	107
120	91
120	91
120	91
120	91
120	91
120	91
120	91
120	91
120	96
120	96
120	96
120	96
120	96
120	96
120	96
120	99
120	99
120	99
120	99
120	99
120	99
119	99
119	101
119	101
119	101
119	101
119	101
119	101
119	101
119	101
118	99
118	99
118	99
118	99
118	99
118	99
118	99
118	102
118	102
118	102
118	102
118	102
118	102
118	102
118	102
117	100
117	100
117	100
117	100
117	100
117	100
117	100
117	103
117	103
117	103
117	103
117	103
117	103
117	103
117	101
117	101
117	101
117	101
117	101
117	101
117	101
117	101
117	104
117	104
117	104
117	104
117	104
117	104
117	104
118	104
118	104
118	104
118	104
118	104
118	104
118	104
118	104
119	107
119	107
119	107
119	107
119	107
119	107
119	107
119	110
119	110
119	110
119	110
119	110
119	110
119	110
117	97
117	97
117	97
117	97
117	97
117	97
117	97
117	97
116	97
116	97
116	97
116	97
116	97
116	97
116	97
116	95
116	95
116	95
116	95
116	95
116	95
116	95
116	95
117	106
117	106
117	106
117	106
117	106
117	106
117	106
117	104
117	104
117	104
117	104
117	104
117	104
117	104
117	107
118	107
118	107
118	107
118	107
118	107
118	107
118	107
118	109
118	109
118	109
118	109
118	109
118	109
118	109
118	112
118	112
118	112
118	112
118	112
118	112
118	112
118	112
117	110
117	110
117	110
117	110
117	110
117	110
117	110
118	136
117	136
117	136
117	136
117	136
117	136
117	136
117	139
118	139
118	139
118	139
118	139
118	139
118	139
118	139
119	137
119	137
119	137
119	137
119	137
119	137
119	137
119	140
119	140
119	140
119	140
119	140
119	140
119	140
119	140
121	115
121	115
121	115
121	115
121	115
121	115
121	115
122	114
123	114
123	114
123	114
123	114
123	114
123	114
123	117
124	117
124	117
124	117
124	117
124	117
124	117
124	117
124	120
124	120
124	120
124	120
124	120
124	120
124	120
126	123
126	123
126	123
126	123
126	123
126	123
126	123
126	123
126	121
126	121
126	121
126	121
126	121
126	121
126	121
128	121
128	121
128	121
128	121
128	121
128	121
128	121
128	122
129	122
129	122
129	122
129	122
129	122
129	122
129	122
129	122
129	122
129	122
129	122
129	122
129	122
129	122
129	122
129	122
129	122
129	122
129	122
129	122
129	122
129	122
129	125
129	125
129	125
129	125
129	125
129	125
129	125
129	128
129	128
129	128
129	128
129	128
129	128
129	128
130	132
130	132
130	132
130	132
130	132
130	132
130	132
130	132
131	114
131	114
131	114
131	114
131	114
131	114
131	114
131	114
131	114
131	114
131	114
131	114
131	114
131	114
131	114
132	114
132	114
132	114
132	114
132	114
132	114
132	114
132	134
132	134
132	134
132	134
132	134
132	134
132	134
133	132
133	132
133	132
133	132
133	132
133	132
133	132
133	132
133	133
133	133
133	133
133	133
133	133
133	133
133	133
133	133
133	133
133	133
133	133
133	133
133	133
133	133
133	133
133	133
133	133
133	133
133	133
133	133
133	133
133	133
131	133
131	133
131	133
131	133
131	133
131	133
131	133
130	156
130	156
129	156
129	156
129	156
129	156
129	156
129	156
128	156
128	156
128	156
128	156
128	156
128	156
128	156
129	159
129	159
129	159
129	159
129	159
129	159
129	159
129	159
129	156
129	156
129	156
129	156
129	156
129	156
129	156
130	132
130	132
130	132
130	132
130	132
130	132
130	132
132	133
133	133
133	133
133	133
133	133
133	133
133	133
133	133
133	131
134	131
134	131
134	131
134	131
134	131
134	131
134	135
134	135
134	135
134	135
134	135
134	135
134	135
134	135
134	133
134	133
134	133
134	133
134	133
134	133
134	133
135	135
135	135
135	135
135	135
135	135
135	135
135	135
135	137
135	137
135	137
135	137
135	137
135	137
135	137
135	137
135	137
135	137
135	137
135	137
135	137
135	137
135	137
135	135
135	135
135	135
135	135
135	135
135	135
135	135
135	135
135	137
135	137
135	137
135	137
135	137
135	137
135	137
135	137
135	137
135	137
135	137
135	137
135	137
135	137
136	138
136	138
136	138
136	138
136	138
136	138
136	138
136	138
136	138
136	138
136	138
136	138
136	138
136	138
136	138
136	113
136	113
136	113
136	113
136	113
136	113
136	113
136	113
136	114
136	114
136	114
136	114
136	114
136	114
136	114
135	114
135	114
135	114
135	114
135	114
135	114
135	114
135	137
135	137
135	137
135	137
135	137
135	137
135	137
135	137
135	136
135	136
135	136
135	136
135	136
135	136
135	136
135	135
135	135
135	135
135	135
135	135
135	135
135	135
135	135
135	138
135	138
135	138
135	138
135	138
135	138
135	138
136	136
136	136
136	136
136	136
136	136
136	136
136	136
136	134
136	134
136	134
136	134
136	134
136	134
136	134
136	134
137	159
137	159
137	159
137	159
137	159
137	159
137	159
137	160
137	160
137	160
137	160
137	160
137	160
137	160
137	160
138	160
138	160
138	160
138	160
139	160
139	160
139	160
139	136
139	136
139	136
139	136
139	136
139	136
139	136
139	136
139	134
139	134
139	134
139	134
139	134
139	134
139	134
140	133
140	133
140	133
140	133
140	133
140	133
140	133
140	131
140	131
140	131
140	131
140	131
140	131
140	131
140	131
141	129
141	129
141	129
141	129
141	129
141	129
141	129
140	127
140	127
140	127
140	127
140	127
140	127
140	127
140	127
140	130
140	130
140	130
140	130
140	130
140	130
140	130
141	128
141	128
141	128
141	128
141	128
141	128
141	128
141	126
141	126
141	126
141	126
141	126
141	126
141	126
141	126
141	124
141	124
141	124
141	124
141	124
141	124
141	124
141	122
141	122
141	122
141	122
141	122
141	122
141	122
141	122
142	120
142	120
142	120
142	120
142	120
142	120
142	120
142	123
142	123
142	123
142	123
142	123
142	123
142	123
142	105
142	105
142	105
142	105
142	105
142	105
142	105
142	105
142	107
142	107
142	107
142	107
142	107
142	107
142	107
142	106
142	106
142	106
142	106
142	106
143	106
143	106
143	106
143	104
144	104
144	104
144	104
144	104
144	104
144	104
144	132
144	132
144	132
144	132
144	132
144	132
144	132
146	132
146	132
146	132
146	132
146	132
146	132
146	132
146	132
146	130
146	130
146	130
146	130
146	130
146	130
146	130
146	128
146	128
146	128
146	128
146	128
146	128
146	128
146	128
146	131
146	131
146	131
146	131
146	131
146	131
146	131
146	129
146	129
146	129
146	129
146	129
146	129
146	129
146	145
146	145
146	145
146	145
146	145
146	145
146	145
146	145
146	148
146	148
146	148
146	148
146	148
146	148
146	148
145	146
145	146
145	146
145	146
145	146
145	146
145	146
145	146
145	126
145	126
145	126
145	126
145	126
145	126
145	126
144	124
144	124
144	124
144	124
144	124
144	124
144	124
144	122
144	122
144	122
144	122
144	122
144	122
144	122
144	122
144	125
144	125
145	125
145	125
145	125
145	125
145	125
145	123
145	123
145	123
145	123
145	123
145	123
145	123
145	123
146	121
146	121
146	121
146	121
146	121
146	121
146	121
146	119
146	119
146	119
146	119
146	119
146	119
146	119
146	117
146	117
146	117
146	117
146	117
146	117
146	117
146	117
145	119
145	119
145	119
145	119
145	119
145	119
146	119
146	117
146	117
146	117
146	117
146	117
146	117
146	117
146	117
147	115
147	115
147	115
147	115
147	115
147	115
147	115
147	118
147	118
147	118
147	118
147	118
147	118
147	118
147	118
147	116
147	116
147	116
147	116
147	116
147	116
147	116
147	91
147	91
147	91
147	91
147	91
147	91
147	91
146	90
146	90
146	90
146	90
146	90
146	90
146	90
146	90
147	88
147	88
147	88
147	88
147	88
147	88
147	88
147	108
147	108
147	108
147	108
147	108
147	108
147	108
147	108
147	107
147	107
147	107
147	107
147	107
147	107
147	107
147	105
147	105
147	105
147	105
148	105
148	105
148	105
148	103
148	103
148	103
148	103
148	103
148	103
148	103
148	103
148	106
148	106
148	106
148	106
148	106
148	106
148	106
148	104
148	104
148	104
148	104
148	104
148	104
148	104
148	104
147	102
147	102
147	102
147	102
147	102
147	102
147	102
147	115
147	115
147	115
147	115
147	115
147	115
147	115
147	113
147	113
147	113
147	113
147	113
147	113
147	113
147	113
147	115
147	115
147	115
147	115
147	115
147	115
147	115
148	108
148	108
148	108
148	108
148	108
148	108
148	108
148	108
147	106
147	106
147	106
147	106
147	106
147	106
147	106
147	109
147	109
147	109
147	109
147	109
147	109
147	109
147	107
147	107
147	107
147	107
147	107
147	107
147	107
147	107
148	110
148	110
148	110
148	110
148	110
148	110
148	110
149	106
149	106
149	106
149	106
149	106
149	106
149	106
149	106
149	107
149	107
149	107
149	107
149	107
149	107
149	107
149	104
149	104
149	104
149	104
149	104
149	104
149	104
149	102
149	102
149	102
149	102
149	102
149	102
149	102
149	102
149	100
149	100
149	100
149	100
149	100
149	100
149	100
149	98
149	98
149	98
149	98
149	98
149	98
149	98
149	98
149	96
149	96
149	96
149	96
149	96
149	96
149	96
149	98
149	98
149	98
149	98
149	98
149	98
149	98
149	76
149	76
149	76
149	76
149	76
150	76
150	76
150	76
150	74
150	74
150	74
150	74
150	74
150	74
150	74
150	75
150	75
150	75
150	75
150	75
150	75
150	75
150	75
150	98
150	98
150	98
150	98
150	98
150	98
150	98
151	97
151	97
151	97
151	97
151	97
151	97
151	97
151	98
151	98
151	98
150	98
150	98
150	98
150	98
150	98
150	97
150	97
150	97
150	97
150	97
150	97
150	97
150	97
150	97
150	97
150	97
150	97
150	97
150	97
150	97
150	102
150	102
150	102
150	102
150	102
150	102
150	102
150	100
150	100
150	100
150	100
150	100
150	100
150	100
151	114
151	114
151	114
151	114
151	114
151	114
151	114
151	114
152	118
152	118
152	118
152	118
152	118
152	118
152	118
151	113
151	113
151	113
151	113
151	113
151	113
151	113
151	113
152	106
152	106
152	106
152	106
152	106
152	106
153	106
153	104
154	104
154	104
154	104
154	104
154	104
154	104
154	104
154	102
154	102
154	102
154	102
154	102
154	102
154	102
155	105
155	105
155	105
155	105
155	105
155	105
155	105
155	104
155	104
155	104
155	104
155	104
155	104
155	104
155	104
155	107
155	107
155	107
155	107
155	107
155	107
155	107
154	104
154	104
154	104
154	104
153	104
153	104
153	104
153	104
153	102
153	102
153	102
153	102
153	102
153	102
153	102
154	100
154	100
154	100
154	100
154	100
154	100
154	100
154	98
154	98
154	98
154	98
154	98
154	98
154	98
154	98
153	98
153	98
153	98
153	98
153	98
153	98
153	98
154	103
154	103
154	103
154	103
154	103
154	103
154	103
154	103
154	101
154	101
154	101
154	101
154	101
154	101
154	101
154	79
154	79
154	79
154	79
154	79
155	79
155	79
155	81
155	81
155	81
155	81
155	81
155	81
155	81
155	81
155	84
155	84
155	84
155	84
155	84
155	84
155	84
155	113
155	113
155	113
155	113
155	113
155	113
155	113
155	113
155	111
155	111
155	111
155	111
155	111
155	111
155	111
156	109
156	109
156	109
156	109
156	109
156	109
156	109
156	108
156	108
156	108
156	108
156	108
156	108
156	108
156	108
156	105
156	105
156	105
156	105
156	105
156	105
156	105
156	103
156	103
156	103
156	103
156	103
156	103
156	103
156	103
157	103
157	103
157	103
157	103
157	103
157	103
157	103
157	109
157	109
157	109
157	109
157	109
157	109
157	109
157	105
157	105
157	105
157	105
157	105
157	105
157	105
157	105
157	108
157	108
157	108
157	108
157	108
157	108
157	108
158	103
158	103
158	103
158	103
158	103
158	103
158	103
158	103
158	104
158	104
158	104
158	104
158	104
158	104
157	104
157	108
157	108
157	108
157	108
157	108
157	108
157	108
157	107
157	107
157	107
157	107
157	107
157	107
157	107
157	107
157	109
157	109
157	109
157	109
157	109
157	109
157	109
157	107
157	107
157	107
157	107
157	107
157	107
157	107
157	107
157	107
157	107
157	107
157	107
157	107
157	107
157	107
157	105
157	105
157	105
157	105
157	105
157	105
157	105
157	103
157	103
157	103
157	103
157	103
157	103
157	103
157	103
156	101
156	101
156	101
156	101
156	101
156	101
156	101
156	99
156	99
156	99
156	99
156	99
156	99
156	99
156	99
155	102
155	102
155	102
155	102
155	102
155	102
155	102
155	105
155	105
155	105
155	105
155	105
155	105
155	105
155	78
155	78
155	78
155	78
155	78
155	78
155	78
155	78
156	77
156	77
156	77
156	77
156	77
156	77
156	77
156	79
156	79
156	79
156	79
156	79
156	79
157	79
157	79
157	105
157	105
157	105
157	105
157	105
157	105
157	105
158	103
158	103
158	103
158	103
158	103
158	103
158	103
158	108
158	108
158	108
158	108
158	108
158	108
158	108
158	108
157	112
157	112
157	112
157	112
157	112
157	112
157	112
157	110
157	110
157	110
157	110
156	110
156	110
156	110
156	110
156	113
156	113
156	113
156	113
156	113
156	113
156	113
156	116
156	116
156	116
156	116
156	116
156	116
156	116
157	121
157	121
157	121
157	121
157	121
157	121
157	121
157	121
157	119
157	119
157	119
157	119
157	119
157	119
157	119
157	117
157	117
157	117
157	117
157	117
157	117
157	117
157	117
157	108
157	108
157	108
157	108
157	108
157	108
157	108
155	106
155	106
155	106
155	106
155	106
154	106
154	106
154	109
154	109
154	109
154	109
154	109
154	109
154	109
154	109
154	112
154	112
154	112
154	112
154	112
154	112
154	112
154	114
154	114
154	114
154	114
154	114
154	114
154	114
154	114
154	114
154	114
154	114
154	114
154	114
154	114
154	114
154	155
154	155
154	155
155	155
155	155
155	155
155	155
155	159
155	159
155	159
155	159
155	159
155	159
155	159
155	159
154	156
154	156
154	156
154	156
154	156
154	156
154	156
153	110
153	110
153	110
153	110
153	110
153	110
153	110
153	110
152	108
152	108
152	108
152	108
152	108
152	108
152	108
151	111
151	111
151	111
151	111
151	111
151	111
151	111
151	109
151	109
151	109
151	109
151	109
151	109
151	109
151	109
152	77
152	77
152	77
152	77
152	77
152	77
152	77
154	79
154	79
154	79
154	79
154	79
154	79
154	79
154	79
155	81
155	81
155	81
155	81
155	81
155	81
155	81
155	111
155	111
155	111
155	111
155	111
155	111
155	111
155	111
156	109
156	109
156	109
156	109
156	109
156	109
156	109
156	112
156	112
156	112
156	112
156	112
156	112
156	112
156	115
156	115
156	115
156	115
156	115
156	115
156	115
156	115
155	113
155	113
155	113
155	113
155	113
155	113
155	113
154	111
154	111
154	111
154	111
154	111
154	111
154	111
154	112
154	112
154	112
154	112
154	112
154	112
154	112
154	112
154	115
154	115
154	115
154	115
154	115
154	115
154	115
153	119
153	119
153	119
153	119
153	119
153	119
153	119
153	119
153	116
153	116
153	116
153	116
153	116
153	116
153	116
153	115
153	115
153	115
153	115
153	115
153	115
153	115
153	113
153	113
153	113
153	113
153	113
153	113
153	113
153	113
153	111
153	111
153	111
153	111
153	111
153	111
153	111
154	109
154	109
154	109
154	109
154	109
154	109
154	109
154	109
155	112
155	112
155	112
155	112
155	112
155	112
155	112
155	115
155	115
155	115
155	115
155	115
155	115
155	115
155	115
155	160
155	160
155	160
155	160
155	160
155	160
155	160
155	158
155	158
155	158
155	158
155	158
155	158
155	158
156	155
156	155
156	155
156	155
156	155
156	155
156	155
156	155
158	114
158	114
158	114
158	114
158	114
158	114
158	114
158	112
158	112
158	112
158	112
158	112
158	112
158	112
158	112
159	110
159	110
159	110
159	110
159	110
159	110
159	110
158	108
158	108
158	108
158	108
158	108
158	108
158	108
158	74
158	74
158	74
158	74
158	74
158	74
158	74
158	74
158	76
158	76
158	76
158	76
158	76
158	76
158	76
157	78
157	78
157	78
157	78
157	78
157	78
157	78
157	78
157	110
157	110
157	110
157	110
157	110
157	110
157	110
157	113
157	113
157	113
157	113
157	113
157	113
157	113
156	116
156	116
156	116
156	116
156	116
156	116
156	116
156	116
156	119
156	119
156	119
156	119
156	119
156	119
156	119
156	117
156	117
156	117
154	117
154	117
154	117
154	117
154	117
154	115
154	115
154	115
154	115
154	115
154	115
154	115
154	121
154	121
154	121
154	121
154	121
154	121
154	121
154	124
154	124
154	124
154	124
154	124
154	124
154	124
154	124
153	128
153	128
153	128
153	128
153	128
153	128
153	128
154	125
154	125
154	125
154	125
154	125
154	125
154	125
154	125
154	121
154	121
154	121
154	121
154	121
154	121
154	121
153	119
153	119
153	119
153	119
153	119
153	119
153	119
153	117
153	117
153	117
153	117
153	117
153	117
153	117
153	117
151	115
151	115
151	115
151	115
151	115
151	115
150	115
149	113
149	113
149	113
149	113
149	113
149	113
149	113
149	113
149	111
149	111
149	111
149	111
149	111
149	111
149	111
150	153
150	153
150	153
150	153
150	153
150	153
150	153
152	150
152	150
152	150
152	150
152	150
152	150
152	150
152	150
154	147
154	147
154	147
154	147
155	147
155	147
155	147
156	109
156	109
156	109
156	109
156	109
156	109
156	109
156	109
156	107
156	107
156	107
156	107
156	107
156	107
156	107
156	111
156	111
156	111
156	111
156	111
156	111
156	111
157	76
157	76
157	76
157	76
157	76
157	76
157	76
157	76
157	75
157	75
157	75
157	75
157	75
157	75
157	75
157	75
157	75
157	75
157	75
157	75
157	75
157	75
157	75
158	73
158	73
158	73
158	73
158	73
158	73
158	73
159	106
159	106
159	106
159	106
159	106
159	106
159	106
160	104
160	104
160	104
160	104
160	104
160	104
160	104
160	104
160	102
161	102
161	102
161	102
161	102
161	102
161	102
161	100
161	100
161	100
161	100
161	100
161	100
161	100
161	100
161	102
161	102
161	102
161	102
161	102
161	102
161	102
161	105
161	105
161	105
161	105
161	105
161	105
161	105
161	108
161	108
161	108
161	108
161	108
161	108
161	108
161	108
161	111
161	111
161	111
161	111
161	111
161	111
161	111
161	114
161	114
161	114
161	114
161	114
161	114
161	114
161	114
162	117
162	117
162	117
162	117
162	117
162	117
162	117
162	120
162	120
162	120
162	120
162	120
162	120
162	120
162	123
162	123
162	123
162	123
162	123
162	123
162	123
162	123
162	126
162	126
162	126
162	126
162	126
162	126
162	126
162	129
162	129
162	129
162	129
162	129
162	129
162	129
162	129
162	132
162	132
162	132
162	132
162	132
162	132
162	132
162	135
162	135
162	135
162	135
162	135
162	135
162	135
163	181
163	181
163	181
163	181
163	181
163	181
163	181
163	181
163	185
163	185
163	185
163	185
163	185
163	185
163	185
164	189
164	189
164	189
164	189
164	189
164	189
164	189
164	189
164	147
164	147
164	147
164	147
164	147
164	147
164	147
164	149
164	149
164	149
164	149
164	149
164	149
164	149
164	147
164	147
164	147
164	147
164	147
164	147
164	147
164	147
164	99
164	99
164	99
164	99
164	99
164	99
164	99
164	99
164	99
164	99
164	99
164	99
164	99
164	99
164	99
164	102
164	102
164	102
164	102
164	102
164	102
164	102
165	103
165	103
165	103
165	103
165	103
165	103
165	103
165	161
165	161
165	161
165	161
165	161
165	161
165	161
165	161
165	164
165	164
165	164
165	164
165	164
165	164
165	164
165	167
165	167
165	167
165	167
165	167
165	167
165	167
165	167
165	167
165	167
165	167
165	167
165	167
165	167
165	167
165	168
165	168
165	168
165	168
165	168
165	168
165	168
165	168
165	167
165	167
165	167
165	167
165	167
165	167
165	167
165	162
165	162
165	162
165	162
165	162
166	162
166	162
166	162
166	162
166	162
166	162
166	162
166	162
166	162
166	162
166	162
166	162
166	162
166	162
166	162
166	162
166	162
166	167
166	167
166	167
166	167
166	167
166	167
166	167
166	167
165	167
165	167
165	167
165	167
165	167
165	167
165	167
165	167
165	167
165	167
166	167
166	167
166	167
166	167
166	167
166	167
166	167
166	167
166	167
166	167
166	167
166	167
166	168
166	168
166	168
166	168
166	168
166	168
166	168
166	168
166	168
166	168
166	168
166	168
166	168
166	168
166	168
166	166
166	166
166	166
166	166
166	166
166	166
166	166
165	218
165	218
165	218
165	218
165	218
165	218
165	218
167	218
167	218
167	218
167	218
167	218
167	218
167	218
167	218
167	215
167	215
167	215
167	215
167	215
167	215
167	215
168	168
168	168
168	168
168	168
168	168
168	168
168	168
168	168
168	166
168	166
168	166
168	166
168	166
168	166
168	166
168	169
168	169
168	169
168	169
168	169
168	169
168	169
168	105
168	105
168	105
168	105
168	105
168	105
168	105
168	105
167	105
167	105
167	105
167	105
167	105
167	105
167	105
166	104
166	104
166	104
166	104
166	104
166	104
166	104
166	104
165	168
165	168
165	168
165	168
163	168
163	168
163	168
162	167
162	167
162	167
162	167
162	167
162	167
162	167
162	167
162	167
162	167
162	167
162	167
162	167
162	167
162	167
161	166
161	166
161	166
161	166
161	166
161	166
161	166
161	165
161	165
161	165
161	165
161	165
161	165
161	165
161	165
161	164
161	164
161	164
161	164
161	164
161	164
161	164
162	167
162	167
162	167
162	167
162	167
162	167
162	167
163	157
163	157
163	157
163	157
163	157
163	157
163	157
163	157
163	157
163	157
163	157
163	157
163	157
163	157
163	157
163	157
163	157
163	157
163	157
163	157
163	157
163	157
163	157
163	165
163	165
163	165
163	165
163	165
163	165
163	165
162	165
162	165
162	165
162	165
162	165
162	165
162	165
161	164
161	164
160	164
160	164
160	164
160	164
160	164
160	164
159	163
159	163
159	163
159	163
159	163
159	163
159	163
158	162
158	162
158	162
158	162
158	162
158	162
158	162
158	162
159	162
159	162
159	162
159	162
159	162
159	162
159	162
159	161
159	161
159	161
159	161
159	161
159	161
159	161
158	204
159	204
159	204
159	204
159	204
159	204
159	204
159	204
159	203
159	203
159	203
159	203
159	203
159	203
159	203
159	201
159	201
159	201
159	201
159	201
159	201
159	201
159	201
158	160
158	160
158	160
158	160
158	160
158	160
158	160
159	159
159	159
159	159
159	159
159	159
159	159
159	159
159	157
159	157
159	157
159	157
159	157
159	157
159	157
159	157
160	160
160	160
160	160
160	160
160	160
160	160
160	160
160	158
160	158
160	158
160	158
160	158
160	158
160	158
160	158
161	163
161	163
161	163
161	163
161	163
161	163
161	163
162	163
162	163
162	163
162	163
162	163
162	163
162	163
162	163
162	163
162	163
162	163
162	163
162	163
162	163
162	163
163	164
163	164
163	164
163	164
163	164
163	164
163	164
164	164
164	164
164	164
164	164
164	164
164	164
164	164
164	164
164	162
164	162
164	162
164	162
164	162
164	162
164	162
164	160
164	160
164	160
164	160
164	160
164	160
164	160
164	158
164	158
164	158
164	158
164	158
164	158
164	158
164	158
165	145
165	145
165	145
165	145
165	145
165	145
165	145
165	143
165	143
165	143
165	143
165	143
165	143
165	143
165	143
165	141
165	141
165	141
165	141
165	141
165	141
165	141
165	150
165	150
165	150
165	150
165	150
165	150
165	150
165	148
165	148
165	148
165	148
165	148
165	148
165	148
165	148
163	146
163	146
163	146
163	146
163	146
163	146
163	146
162	144
162	144
162	144
162	144
162	144
162	144
162	144
162	144
161	142
161	142
161	142
161	142
161	142
161	142
161	142
160	140
160	140
160	140
160	140
160	140
160	140
160	140
160	173
160	173
160	173
160	173
160	173
160	173
160	173
160	173
161	170
161	170
161	170
161	170
161	170
161	170
161	170
160	174
160	174
160	174
160	174
160	174
160	174
160	174
160	174
160	178
160	178
160	178
160	178
160	178
160	178
160	178
159	145
159	145
159	145
159	145
159	145
159	145
159	145
158	148
158	148
158	148
158	148
158	148
158	148
158	148
158	148
158	151
158	151
158	151
158	151
158	151
158	151
158	151
158	152
158	152
158	152
158	152
158	152
158	152
158	152
158	152
157	155
157	155
157	155
157	155
157	155
157	155
157	155
157	159
157	159
157	159
157	159
157	159
157	159
157	159
157	159
156	159
156	159
156	159
156	159
156	159
156	159
156	159
155	158
155	158
155	158
155	158
155	158
155	158
155	158
155	158
155	158
155	158
155	158
155	158
155	158
155	158
155	158
155	157
155	157
155	157
155	157
155	157
155	157
155	157
155	158
155	158
155	158
155	158
155	158
155	158
155	158
155	158
156	158
156	158
156	158
156	158
156	158
156	158
156	158
156	156
156	156
156	156
156	156
156	156
156	156
156	156
156	142
156	142
156	142
156	142
156	142
156	142
156	142
156	142
155	142
155	142
155	142
155	142
155	142
155	142
155	142
156	143
156	143
156	143
156	143
156	143
156	143
156	143
156	143
156	157
156	157
156	157
156	157
156	157
156	157
156	157
155	157
155	157
155	157
155	157
155	157
155	157
155	157
154	156
154	156
154	156
154	156
154	156
154	156
154	156
154	156
152	154
152	154
152	154
152	154
152	154
152	154
152	154
152	152
152	152
152	152
152	152
153	152
153	152
153	152
153	152
154	156
154	156
154	156
154	156
154	156
154	156
154	156
155	192
155	192
155	192
155	192
155	192
155	192
155	192
156	192
156	192
156	192
156	192
156	192
156	192
156	192
156	192
157	194
157	194
157	194
157	194
157	194
157	194
157	194
158	197
158	197
160	197
160	197
160	197
160	197
160	197
160	197
161	158
161	158
161	158
161	158
161	158
161	158
161	158
162	156
162	156
162	156
162	156
162	156
162	156
162	156
163	154
163	154
163	154
163	154
163	154
163	154
163	154
163	154
164	152
164	152
164	152
164	152
164	152
164	152
164	152
164	152
164	152
164	152
164	152
164	152
164	152
164	152
164	152
164	155
164	155
164	155
164	155
164	155
164	155
164	155
164	158
164	158
164	158
164	158
164	158
164	158
164	158
164	157
164	157
164	157
164	157
164	157
164	157
164	157
164	157
163	160
163	160
163	160
163	160
163	160
163	160
163	160
164	163
164	163
164	163
164	163
164	163
164	163
164	163
164	163
164	166
164	166
164	166
164	166
164	166
164	166
164	166
165	164
165	164
165	164
165	164
165	164
165	164
165	164
165	149
165	149
165	149
165	149
165	149
165	149
165	149
165	149
165	147
165	147
165	147
164	147
164	147
164	147
164	147
164	148
164	148
164	148
164	148
164	148
164	148
164	148
164	148
163	148
163	148
163	148
163	148
163	148
163	148
163	148
162	166
162	166
162	166
162	166
162	166
162	166
162	166
162	165
162	165
162	165
162	165
162	165
162	165
162	165
162	165
161	168
161	168
161	168
161	168
161	168
161	168
161	168
160	172
160	172
160	172
160	172
160	172
160	172
160	172
160	172
160	172
160	172
160	172
159	172
159	172
159	172
159	172
158	172
158	172
158	172
158	172
158	172
158	172
158	172
158	208
158	208
158	208
158	208
158	208
158	208
158	208
158	208
157	209
157	209
157	209
157	209
157	209
157	209
157	209
157	207
157	207
157	207
157	207
157	207
157	207
157	207
157	207
157	169
156	169
156	169
156	169
156	169
156	169
156	169
156	167
156	167
156	167
156	167
156	167
156	167
156	167
156	172
156	172
156	172
156	172
156	172
156	172
156	172
156	172
156	172
156	172
156	172
156	172
156	172
156	172
156	172
157	170
157	170
157	170
157	170
157	170
157	170
158	170
158	170
158	168
159	168
159	168
159	168
159	168
159	168
159	168
159	166
159	166
159	166
159	166
159	166
159	166
159	166
160	169
160	169
160	169
160	169
160	169
160	169
159	169
159	169
159	167
159	167
159	167
159	167
159	167
159	167
159	167
159	165
159	165
159	165
159	165
158	165
158	165
158	165
158	165
157	161
157	161
157	161
157	161
157	161
157	161
157	161
156	164
156	164
156	164
156	164
156	164
156	164
156	164
156	162
156	162
156	162
156	162
156	162
156	162
156	162
156	162
157	137
157	137
157	137
157	137
157	137
157	137
157	137
157	138
157	138
157	138
157	138
157	138
157	138
157	138
157	138
158	138
158	138
158	138
158	138
158	138
158	138
158	138
159	139
159	139
159	139
159	139
159	139
159	139
159	139
159	161
159	161
159	161
159	161
159	161
159	161
159	161
159	161
159	162
159	162
159	162
159	162
159	162
159	162
159	162
159	160
159	160
159	160
159	160
159	160
159	160
159	160
159	160
159	158
159	158
159	158
159	158
159	158
159	158
159	158
160	156
160	156
160	156
160	156
160	156
160	156
160	156
160	156
160	154
160	154
160	154
160	154
160	154
160	154
160	154
160	189
160	189
160	189
160	189
160	189
160	189
160	189
159	189
158	189
158	189
158	189
158	189
158	189
158	189
158	189
158	188
158	188
158	188
158	188
158	188
158	188
158	188
157	156
157	156
157	156
157	156
157	156
157	156
157	156
157	156
156	160
156	160
156	160
156	160
156	160
156	160
156	160
156	161
156	161
156	161
157	161
157	161
157	161
157	161
158	161
158	161
158	161
158	161
158	161
158	161
158	161
158	161
158	160
158	160
158	160
158	160
158	160
158	160
158	160
158	160
158	160
158	160
158	160
158	160
158	160
158	160
158	160
158	160
158	160
158	160
158	160
158	160
158	160
158	160
158	160
158	160
158	160
158	160
158	160
158	160
158	160
158	160
158	160
158	160
158	160
158	160
158	160
158	160
158	160
157	160
157	160
157	160
157	160
157	160
157	160
157	160
156	159
156	159
156	159
156	159
156	159
156	159
156	159
156	159
155	158
155	158
155	158
155	158
155	158
155	158
155	158
156	158
156	158
156	158
156	158
156	158
156	158
156	158
156	133
156	133
156	133
156	133
156	133
155	133
155	133
155	133
155	131
155	131
155	131
155	131
155	131
155	131
155	131
155	132
155	132
155	132
155	132
155	132
155	132
155	132
155	132
155	157
155	157
155	157
155	157
155	157
155	157
155	157
155	158
155	158
155	158
155	158
155	158
155	158
155	158
156	157
156	157
156	157
156	157
156	157
156	157
156	157
156	157
155	158
155	158
155	158
155	158
155	158
155	158
155	158
155	157
155	157
155	157
155	157
155	157
155	157
155	157
155	157
154	157
154	157
154	157
154	157
154	157
154	157
154	157
154	156
154	156
154	156
154	156
154	156
154	156
154	156
154	183
154	183
154	183
154	183
154	183
154	183
154	183
154	183
154	183
154	183
154	183
154	183
154	183
154	183
154	183
154	181
154	181
154	181
154	181
154	181
154	181
154	181
154	181
154	156
154	156
154	156
154	156
154	156
154	156
154	156
153	155
153	155
153	155
153	155
153	155
153	155
153	155
153	156
153	156
153	156
153	156
153	156
153	156
153	156
153	156
154	156
154	156
154	156
154	156
154	156
154	156
154	156
154	157
154	157
154	157
154	157
154	157
154	157
154	157
154	157
154	157
154	157
154	157
154	157
154	157
154	157
154	157
154	155
154	155
154	155
154	155
155	155
155	155
155	155
154	155
154	155
154	155
154	155
154	155
154	155
154	155
154	155
154	155
154	155
154	155
154	155
154	155
154	155
154	155
154	153
154	153
154	153
154	153
154	153
154	153
154	153
154	153
153	151
153	151
153	151
153	151
153	151
153	151
153	151
154	149
154	149
154	149
154	149
154	149
154	149
154	149
156	150
156	150
156	150
156	150
156	150
156	150
156	150
156	150
158	123
158	123
158	123
158	123
158	123
158	123
158	123
159	125
159	125
159	125
159	125
159	125
159	125
159	125
159	125
159	128
159	128
159	128
159	128
159	128
159	128
159	128
159	154
159	154
159	154
159	154
159	154
159	154
159	157
159	157
159	157
159	157
159	157
159	157
159	157
159	157
161	160
161	160
161	160
161	160
161	160
161	160
161	160
162	163
162	163
162	163
162	163
162	163
162	163
162	163
162	163
162	164
162	164
162	164
162	164
162	164
162	164
162	164
161	164
161	164
161	164
161	164
161	164
161	164
161	164
161	163
161	163
161	163
161	163
161	163
161	163
161	163
161	163
160	184
160	184
160	184
160	184
160	184
160	184
160	184
159	184
159	184
159	184
159	184
159	184
159	184
159	184
159	184
158	184
158	184
158	184
158	184
158	184
158	184
158	184
157	160
157	160
157	160
157	160
157	160
157	160
157	160
157	159
157	159
157	159
157	159
157	159
157	159
157	159
157	159
155	159
155	159
155	159
155	159
155	159
155	159
155	159
154	157
154	157
154	157
154	157
154	157
154	157
154	157
154	157
154	157
154	157
154	157
154	157
154	157
154	157
154	157
154	157
154	157
154	157
154	157
154	157
154	157
154	157
154	157
154	157
154	157
154	157
154	157
154	157
154	157
154	157
153	155
153	155
153	155
153	155
153	155
153	155
153	155
152	155
152	155
152	155
152	155
152	155
152	155
152	155
152	155
151	154
151	154
151	154
151	154
151	154
151	154
151	154
151	152
151	152
151	152
151	152
151	152
151	152
151	152
148	150
148	150
148	150
148	150
148	150
148	150
148	150
148	150
145	149
145	149
145	149
145	149
145	149
145	149
145	149
144	118
144	118
144	118
144	118
144	118
144	118
144	118
144	118
144	118
144	118
144	118
144	118
144	118
144	118
144	118
145	118
145	118
145	118
145	118
145	118
145	118
145	118
145	146
145	146
145	146
145	146
145	146
145	146
145	146
145	146
145	146
145	146
145	146
145	146
145	146
145	146
145	146
144	147
144	147
144	147
144	147
144	147
144	147
144	147
144	147
143	146
143	146
143	146
143	146
143	146
143	146
143	146
143	146
143	146
143	146
143	146
143	146
143	146
143	146
143	145
143	145
143	145
143	145
143	145
143	145
143	145
143	145
142	145
142	145
142	145
142	145
142	145
142	145
142	145
142	162
142	162
142	162
142	162
142	162
142	162
142	162
142	162
142	164
142	164
142	164
142	164
142	164
142	164
142	164
143	163
143	163
143	163
143	163
143	163
143	163
143	163
143	163
142	144
142	144
142	144
142	144
142	144
142	144
142	144
142	145
142	145
142	145
142	145
142	145
142	145
142	145
142	144
142	144
142	144
142	144
142	144
142	144
142	144
142	144
143	145
143	145
143	145
143	145
143	145
143	145
143	145
144	145
144	145
144	145
144	145
144	145
144	145
144	145
144	145
143	144
143	144
143	144
143	144
143	144
143	144
143	144
143	145
143	145
143	145
143	145
143	145
143	145
143	145
142	144
142	144
142	144
142	144
142	144
142	144
142	144
142	144
142	147
142	147
142	147
142	147
142	147
142	147
142	147
142	143
142	143
142	143
142	143
142	143
142	143
142	143
142	143
142	143
142	143
142	143
142	143
142	143
142	143
142	143
142	143
142	143
142	143
142	143
143	143
143	143
143	143
143	143
143	143
143	143
143	143
143	111
143	111
143	111
143	111
143	111
143	111
143	111
143	114
143	114
143	114
143	114
143	114
143	114
143	114
143	114
143	115
143	115
143	115
143	115
143	115
143	115
143	115
143	145
143	145
143	145
143	145
143	145
143	145
143	145
144	145
144	145
144	145
144	145
144	145
144	145
144	145
144	145
144	146
144	146
144	146
144	146
144	146
144	146
144	146
145	147
145	147
145	147
145	147
145	147
145	147
145	147
145	147
146	147
146	147
146	147
146	147
147	147
147	147
147	147
147	148
147	148
147	148
147	148
147	148
147	148
147	148
146	148
146	148
146	148
146	148
146	148
146	148
146	148
146	148
145	164
145	164
145	164
145	164
145	164
145	164
145	164
145	164
145	164
145	164
145	164
145	164
145	164
145	164
145	164
144	162
144	162
144	162
144	162
144	162
144	162
143	162
143	144
143	144
143	144
143	144
143	144
143	144
143	144
143	146
143	146
143	146
143	146
143	146
143	146
143	146
143	146
143	145
143	145
143	145
143	145
143	145
143	145
143	145
143	144
143	144
143	144
143	144
143	144
143	144
143	144
143	144
143	144
143	144
143	144
143	144
143	144
143	144
143	144
142	145
142	145
142	145
142	145
142	145
142	145
142	145
142	145
143	144
143	144
143	144
143	144
143	144
143	144
143	144
143	145
143	145
143	145
143	145
143	145
143	145
143	145
144	145
144	145
145	145
145	145
145	145
145	145
145	145
145	145
145	145
145	145
145	145
145	145
145	145
145	145
145	145
144	145
144	145
144	145
144	145
144	145
144	145
144	145
144	145
144	147
144	147
144	147
144	147
144	147
144	147
144	147
144	147
144	147
144	147
144	147
144	147
144	147
144	147
143	112
143	112
143	112
143	112
143	112
143	112
143	112
143	112
143	113
143	113
143	113
143	113
143	113
143	113
143	113
143	112
143	112
143	112
143	112
143	112
143	112
143	112
143	112
143	145
143	145
143	145
143	145
143	145
143	145
143	145
142	144
142	144
142	144
142	144
142	144
142	144
142	144
142	143
142	143
142	143
142	143
142	143
142	143
142	143
142	143
142	143
142	143
142	143
142	143
142	143
142	143
142	143
141	143
141	143
141	143
141	143
141	143
141	143
141	143
141	143
141	143
141	143
141	143
141	143
141	143
141	143
141	143
141	156
141	156
141	156
141	156
141	156
141	156
141	156
140	155
140	155
140	155
140	155
140	155
140	155
140	155
140	155
140	154
140	154
140	154
140	154
140	154
140	154
140	154
138	153
138	153
138	153
138	153
138	153
138	153
138	153
138	153
136	138
136	138
136	138
136	138
136	138
136	138
136	138
136	138
136	138
136	138
136	138
136	138
136	138
136	138
136	138
133	143
133	143
133	143
133	143
133	143
133	143
133	143
132	141
132	141
132	141
132	141
132	141
132	141
132	141
132	139
132	139
132	139
132	139
132	139
132	139
132	139
132	139
132	143
132	143
132	143
132	143
132	143
132	143
132	143
133	143
133	143
133	143
133	143
133	143
133	143
133	143
133	143
133	146
133	146
133	146
133	146
133	146
133	146
133	146
135	144
135	144
135	144
135	144
135	144
135	144
135	144
136	142
136	142
137	142
137	142
137	142
137	142
137	142
137	142
137	140
138	140
138	140
138	140
138	140
138	140
138	140
138	139
138	139
138	139
138	139
138	139
138	139
138	139
138	139
138	137
138	137
138	137
138	137
138	137
138	137
138	137
138	101
138	101
138	101
138	101
138	101
138	101
138	101
138	104
137	104
137	104
137	104
137	104
137	104
137	104
137	104
137	107
137	107
137	107
137	107
137	107
137	107
137	107
137	138
137	138
137	138
137	138
137	138
137	138
137	138
137	138
137	136
137	136
137	136
137	136
137	136
137	136
137	136
138	140
138	140
138	140
138	140
138	140
138	140
138	140
140	138
140	138
140	138
140	138
140	138
140	138
140	138
140	138
141	142
141	142
141	142
141	142
141	142
141	142
141	142
142	143
142	143
142	143
142	143
142	143
142	143
142	143
142	143
143	157
143	157
143	157
143	157
143	157
143	157
143	157
143	158
146	158
146	158
146	158
146	158
146	158
146	158
146	159
146	159
146	159
146	159
146	159
146	159
146	159
146	159
147	148
147	148
147	148
147	148
147	148
147	148
147	148
148	149
148	149
148	149
148	149
148	149
148	149
148	149
148	149
148	149
148	149
148	149
148	149
148	149
148	149
148	149
149	150
149	150
149	150
149	150
149	150
149	150
149	150
150	150
150	150
150	150
150	150
150	150
150	150
150	150
150	150
150	150
150	150
150	150
150	150
150	150
150	150
150	150
150	148
150	148
150	148
150	148
150	148
150	148
150	148
150	148
150	152
150	152
150	152
150	152
151	152
151	152
151	152
151	152
151	152
151	152
151	152
151	152
150	152
150	152
150	152
150	152
150	152
150	152
150	152
151	153
151	153
151	153
151	153
151	153
151	153
151	153
151	153
151	153
151	153
151	153
151	153
151	153
151	153
151	153
150	153
150	153
150	153
150	153
150	153
150	153
150	153
150	113
150	113
150	113
150	113
150	113
150	113
150	113
150	113
150	112
150	112
150	112
150	112
150	112
150	112
150	112
150	111
150	111
150	111
150	111
150	111
150	111
150	111
149	110
149	110
149	110
149	110
149	110
149	110
149	110
149	110
148	151
148	151
148	151
148	151
148	151
148	151
148	151
147	151
147	151
147	151
147	151
147	151
147	151
147	151
147	151
147	149
147	149
147	149
147	149
147	149
147	149
147	149
147	150
147	150
147	150
147	150
147	150
147	150
147	150
147	149
147	149
147	149
147	149
147	149
147	149
147	149
147	149
147	149
147	149
147	149
147	149
147	149
147	149
147	149
146	157
146	157
146	157
146	157
146	157
146	157
146	157
146	157
146	157
145	157
145	157
145	157
145	157
145	157
145	157
145	156
145	156
145	156
145	156
145	156
145	156
145	156
144	147
144	147
144	147
144	147
144	147
144	147
144	147
144	147
144	147
144	147
144	147
144	147
144	145
144	145
144	145
144	145
144	145
143	145
143	145
143	145
143	146
143	146
143	146
143	146
143	146
143	146
143	146
143	145
143	145
143	145
143	145
143	145
143	145
143	145
143	146
143	146
143	146
143	146
143	146
143	146
143	146
143	146
143	145
143	145
143	145
143	145
143	145
143	145
143	145
143	200
143	200
143	200
143	200
143	200
143	200
143	200
143	200
143	200
143	200
143	200
143	200
143	200
143	200
143	200
143	201
143	201
143	201
143	201
143	201
143	201
143	201
143	201
143	144
143	144
143	144
143	144
143	144
143	144
143	144
143	145
143	145
143	145
143	145
143	145
143	145
143	145
143	145
143	145
143	145
143	145
143	145
143	145
143	145
143	145
143	104
143	104
143	104
143	104
143	104
143	104
143	104
143	104
143	104
143	104
143	104
143	104
143	104
143	104
143	104
142	104
142	104
142	104
142	104
142	104
142	104
142	104
142	104
142	104
142	104
142	104
142	104
142	104
142	104
142	144
142	144
142	144
142	144
142	144
142	144
142	144
142	144
142	145
142	145
142	145
142	145
142	145
142	145
142	145
142	144
142	144
142	144
142	144
142	144
142	144
142	144
142	144
143	144
143	144
143	144
143	144
143	144
143	144
143	144
143	144
143	144
143	144
143	144
143	144
143	144
143	144
144	146
144	146
144	146
144	146
144	146
144	146
144	146
144	146
144	151
144	151
144	151
144	151
144	151
144	151
144	151
144	151
144	151
144	151
144	151
144	151
144	151
144	151
144	151
143	151
143	151
143	151
143	151
143	151
143	151
143	151
143	145
143	145
141	145
141	145
141	145
141	145
141	145
141	145
141	145
141	145
141	145
141	145
141	145
141	145
141	145
141	143
141	143
141	143
140	143
140	143
140	143
140	143
140	143
140	143
140	143
140	143
139	142
139	142
139	142
139	142
139	142
139	142
139	142
138	140
138	140
138	140
138	140
138	140
138	140
138	140
138	140
138	140
138	140
138	140
138	140
138	140
138	140
138	140
137	190
137	190
137	190
137	190
137	190
137	190
137	190
136	188
136	188
136	188
136	188
136	188
136	188
136	188
136	188
136	189
136	189
136	189
136	189
136	189
136	189
136	189
135	137
135	137
135	137
135	137
135	137
135	137
135	137
135	136
135	136
135	136
135	136
135	136
135	136
135	136
135	136
134	138
134	138
134	138
134	138
134	138
134	138
134	138
134	95
134	95
134	95
134	95
134	95
134	95
134	95
134	95
134	95
134	95
134	95
134	95
134	95
134	95
134	95
135	96
135	96
135	96
135	96
135	96
135	96
135	96
135	137
135	137
135	137
135	137
135	137
135	137
135	137
135	137
136	136
136	136
136	136
136	136
136	136
136	136
136	136
137	139
137	139
137	139
137	139
137	139
137	139
137	139
137	139
137	140
137	140
137	140
137	140
137	140
137	140
137	140
137	139
137	139
137	139
137	139
137	139
137	139
137	139
137	139
137	139
137	139
137	139
137	139
137	139
137	139
137	139
136	139
136	139
136	139
136	139
136	139
136	139
136	139
137	141
137	141
137	141
137	141
137	141
137	141
137	141
137	141
137	141
137	141
137	141
137	141
137	141
137	141
137	141
136	139
136	139
136	139
136	139
136	139
136	139
136	139
136	139
135	136
133	136
133	136
133	136
133	136
133	136
133	136
133	136
133	136
133	136
133	136
133	136
133	136
133	136
133	136
133	136
133	136
133	136
133	136
133	136
133	136
133	136
135	138
135	138
135	138
135	138
135	138
135	138
135	138
135	137
135	137
135	137
135	137
138	137
138	137
138	137
138	137
138	139
138	139
138	139
138	139
138	139
138	139
138	139
137	137
137	137
137	137
137	137
137	137
137	137
137	137
136	188
136	188
136	188
136	188
136	188
136	188
136	188
136	188
135	186
135	186
135	186
135	186
135	186
135	186
135	186
134	185
134	185
134	185
134	185
134	185
133	185
133	185
133	185
133	135
133	135
133	135
133	135
133	135
133	135
133	135
134	133
134	133
134	133
134	133
134	133
134	133
134	133
134	134
134	134
134	134
134	134
134	134
134	134
134	134
134	134
134	93
134	93
134	93
134	93
134	93
134	93
134	93
134	92
134	92
134	92
134	92
134	92
133	92
133	92
133	92
133	92
133	92
133	92
133	92
133	92
133	92
133	92
134	136
134	136
134	136
134	136
134	136
134	136
134	136
134	134
134	134
134	134
134	134
134	134
134	134
134	134
134	134
134	135
134	135
134	135
134	135
134	135
134	135
134	135
133	135
133	135
133	135
133	135
133	135
133	135
133	135
133	135
133	135
133	135
133	135
133	135
133	135
133	135
133	135
133	135
133	135
133	135
133	135
133	135
133	135
133	135
135	135
135	135
135	135
135	135
135	135
135	135
135	135
135	135
137	137
137	137
137	137
137	137
137	137
137	137
137	137
137	139
137	139
137	139
137	139
137	139
137	139
137	139
137	139
138	140
138	140
138	140
138	140
138	140
138	140
138	140
138	139
138	139
138	139
138	139
138	139
138	139
138	139
138	139
139	140
139	140
139	140
139	140
139	140
139	140
139	140
139	138
139	138
139	138
139	138
139	138
139	138
139	138
140	141
140	141
140	141
140	141
140	141
140	141
140	141
140	141
140	139
140	139
140	139
140	139
140	139
140	139
140	139
143	137
143	137
143	137
143	137
143	137
143	137
143	137
143	137
145	185
145	185
145	185
145	185
145	185
145	185
145	185
146	189
146	189
146	189
146	189
146	189
146	189
146	189
146	195
146	195
146	195
146	195
146	195
146	195
146	195
146	195
147	198
147	198
147	198
147	198
147	198
147	198
147	198
147	149
147	149
147	149
147	149
147	149
147	149
147	149
147	149
147	150
147	150
147	150
147	150
147	150
147	150
147	150
147	150
147	150
147	150
147	150
147	150
147	150
147	150
147	100
147	100
147	100
147	100
147	100
147	100
147	100
147	100
146	99
146	99
146	99
146	99
145	99
145	99
145	99
144	98
144	98
144	98
144	98
144	98
144	98
144	98
144	98
144	147
144	147
144	147
144	147
144	147
144	147
144	147
144	147
144	147
144	147
144	147
144	147
144	147
144	147
144	146
144	146
144	146
144	146
144	146
144	146
144	146
144	146
144	146
144	146
144	146
144	146
144	146
144	146
144	146
144	149
144	149
144	149
144	149
144	149
144	149
144	149
144	149
144	147
144	147
144	147
144	147
144	147
144	147
144	147
144	146
144	146
144	146
144	146
144	146
144	146
144	146
145	146
145	146
145	146
145	146
145	146
145	146
145	146
144	146
145	143
145	143
145	143
145	143
145	143
145	143
145	143
145	141
145	141
145	141
145	141
145	141
145	141
145	141
145	141
144	142
144	142
144	142
144	142
144	142
144	142
144	142
143	140
143	140
143	140
143	140
143	140
143	140
143	140
143	143
143	143
143	143
143	143
143	143
143	143
143	143
143	143
143	145
143	145
143	145
143	145
143	145
143	145
143	145
144	145
144	145
144	145
144	145
144	145
144	145
144	145
144	145
144	143
144	143
144	143
144	143
144	143
144	143
144	143
144	189
144	189
144	189
144	189
144	189
144	189
144	189
145	186
145	186
145	186
145	186
145	186
145	186
145	186
145	186
145	190
145	190
145	190
145	190
145	190
145	190
145	190
146	187
146	187
146	187
146	187
146	187
146	187
146	187
146	187
147	147
147	147
147	147
147	147
147	147
147	147
147	147
148	150
148	150
148	150
148	150
148	150
148	150
148	150
150	152
150	152
150	152
150	152
150	152
150	152
150	152
150	152
151	96
151	96
151	96
151	96
151	96
151	96
151	96
153	99
153	99
153	99
155	99
155	99
155	99
155	99
155	99
156	98
156	98
156	98
156	98
156	98
156	98
156	98
156	151
156	151
156	151
156	151
156	151
156	151
156	151
157	154
157	154
157	154
157	154
157	154
157	154
157	154
157	154
158	157
158	157
158	157
158	157
158	157
158	157
158	157
158	161
159	161
159	161
159	161
159	161
159	161
159	161
159	161
159	159
159	159
159	159
159	159
159	159
159	159
159	159
160	159
160	159
160	159
160	159
160	159
160	159
160	159
160	151
160	151
160	151
160	151
160	151
160	151
160	151
160	151
161	154
161	154
161	154
161	154
161	154
161	154
161	154
161	152
161	152
161	152
161	152
161	152
161	152
161	152
161	152
161	150
161	150
161	150
161	150
161	150
161	150
161	150
160	154
160	154
160	154
160	154
160	154
160	154
160	154
160	154
159	152
159	152
159	152
159	152
159	152
159	152
159	152
159	150
159	150
159	150
159	150
159	150
157	150
157	150
156	153
156	153
156	153
156	153
156	153
156	153
156	153
156	153
156	156
156	156
156	156
156	156
156	156
156	156
156	156
155	161
155	161
155	161
155	161
155	161
155	161
155	161
155	161
154	202
154	202
154	202
154	202
154	202
154	202
154	202
154	202
154	202
153	202
153	202
153	202
153	202
153	202
153	201
153	201
153	201
153	201
153	201
153	201
153	201
153	201
154	156
154	156
154	156
154	156
154	156
154	156
154	156
154	154
154	154
154	154
154	154
154	154
154	154
154	154
154	154
154	157
154	157
154	157
154	157
154	157
154	157
154	157
156	158
157	158
157	158
157	158
157	158
157	158
157	158
158	98
158	98
158	98
158	98
158	98
158	98
158	98
158	98
159	99
159	99
159	99
159	99
159	99
159	99
159	99
159	101
159	101
159	101
159	101
159	101
159	101
159	101
159	101
160	164
160	164
160	164
160	164
160	164
160	164
160	164
161	164
161	164
161	164
161	164
161	164
161	164
161	164
161	164
161	164
161	164
161	164
161	164
161	164
161	164
161	164
161	164
161	164
161	164
161	164
161	164
161	164
161	164
161	164
161	164
161	164
161	164
161	164
161	164
161	164
161	164
162	164
162	164
162	164
162	164
162	164
162	164
162	164
162	154
162	154
162	154
162	154
162	154
162	154
162	154
162	154
162	154
162	154
162	154
162	154
162	154
162	154
162	154
163	155
163	155
163	155
163	155
163	155
163	155
163	155
163	155
163	155
163	155
163	155
163	155
163	155
163	155
163	155
163	165
163	165
163	165
163	165
163	165
163	165
163	165
163	165
163	165
163	165
163	165
163	165
163	165
163	165
163	165
163	165
163	165
163	165
163	165
163	165
163	165
163	165
163	165
163	165
163	165
163	165
163	165
163	165
163	165
163	166
163	166
163	166
163	166
163	166
163	166
163	166
163	166
165	166
165	166
165	166
165	166
165	166
165	166
165	166
166	209
166	209
166	209
166	209
166	209
166	209
167	209
167	210
168	210
168	210
168	210
168	210
168	210
168	210
168	210
169	208
169	208
169	208
169	208
169	208
169	208
169	208
169	166
169	166
169	166
169	166
169	166
169	166
169	166
169	166
169	164
169	164
169	164
169	164
169	164
169	164
169	164
168	162
168	162
169	162
169	162
169	162
169	162
169	162
169	165
168	165
168	165
168	165
168	165
168	165
168	165
168	165
168	168
168	168
168	168
168	168
168	168
168	168
168	168
167	171
167	171
167	171
167	171
167	171
167	171
167	171
167	171
167	171
167	171
167	171
167	171
167	171
167	171
167	171
168	169
168	169
168	169
168	169
168	169
168	169
168	169
167	170
167	170
167	170
167	170
167	170
167	170
167	170
167	170
167	170
167	170
167	170
167	170
167	170
167	170
167	170
166	170
166	170
166	170
166	170
166	170
166	170
166	170
166	170
165	168
165	168
165	168
165	168
165	168
165	168
165	168
164	167
164	167
164	167
164	167
164	167
164	167
164	167
163	153
163	153
163	153
163	153
163	153
163	153
163	153
163	153
162	153
162	153
162	153
162	153
162	153
162	153
162	153
162	152
162	152
162	152
162	152
162	152
162	152
162	152
162	152
161	164
161	164
161	164
161	164
161	164
161	164
161	164
161	164
161	164
161	164
161	164
161	164
161	164
161	164
162	164
162	164
162	164
162	164
162	164
162	164
162	164
162	164
162	164
162	164
162	164
162	164
162	164
162	164
162	164
162	164
162	164
162	164
162	164
162	164
162	164
162	164
162	164
162	163
162	163
162	163
162	163
162	163
162	163
162	163
161	162
160	162
160	162
160	162
160	162
160	162
160	162
160	162
160	202
160	202
160	202
160	202
160	202
160	202
160	202
160	202
160	202
160	202
160	202
160	202
160	202
160	202
159	201
159	201
159	201
159	201
159	201
159	201
159	201
159	201
158	161
158	161
158	161
158	161
157	161
157	161
157	161
156	160
156	160
156	160
156	160
156	160
156	160
156	160
156	160
156	160
156	160
156	160
156	160
156	160
156	160
156	160
156	160
156	160
156	160
156	160
156	160
156	160
156	160
155	158
155	158
155	158
155	158
155	158
155	158
155	158
155	158
155	157
155	157
155	157
155	157
155	157
155	157
155	157
154	157
154	157
154	157
154	157
154	157
154	157
154	157
154	157
154	158
154	158
154	158
154	158
154	158
154	158
154	158
156	157
156	157
156	157
156	157
156	157
156	157
156	157
157	157
157	157
157	157
157	157
157	157
157	157
157	157
157	157
157	158
157	158
157	158
157	158
157	158
157	158
157	158
157	158
157	158
157	158
157	158
157	158
157	158
157	158
157	158
158	159
158	159
157	159
157	159
157	159
157	159
157	159
156	142
156	142
156	142
156	142
156	142
156	142
156	142
155	140
155	140
155	140
155	140
155	140
155	140
155	140
155	140
154	140
154	140
154	140
154	140
154	140
154	140
154	140
153	155
153	155
153	155
153	155
153	155
153	155
153	155
153	155
154	155
154	155
154	155
154	155
154	155
154	155
154	155
153	155
153	155
153	155
153	155
153	155
153	155
153	155
153	153
153	153
153	153
153	153
153	153
153	153
153	153
153	153
153	151
153	151
153	151
153	151
153	151
153	151
153	151
153	149
153	149
153	149
153	149
153	149
153	149
153	149
153	149
153	147
152	147
152	147
152	147
152	147
152	147
153	147
153	183
153	183
153	183
153	189
153	189
153	189
153	189
153	189
153	189
153	189
153	189
154	189
154	189
154	189
154	189
154	189
154	189
154	189
154	153
154	153
154	153
154	153
154	153
154	153
154	153
154	153
154	151
154	151
154	151
154	151
154	151
154	151
154	151
154	149
154	149
154	149
154	149
154	149
154	149
154	149
155	147
155	147
155	147
155	147
155	147
155	147
155	147
155	147
155	145
155	145
155	145
155	145
155	145
155	145
155	145
155	143
154	143
154	143
154	143
154	143
154	143
154	143
154	143
154	142
154	142
154	142
154	142
154	142
155	142
155	142
155	140
155	140
155	140
155	140
155	140
155	140
155	140
157	142
157	142
157	142
157	142
157	142
157	142
157	142
157	142
157	140
157	140
157	140
157	140
157	140
157	140
157	140
159	138
159	138
159	138
159	138
159	138
159	138
159	138
159	138
159	136
159	136
159	136
159	136
159	136
159	136
159	136
159	134
159	134
159	134
159	134
159	134
159	134
160	134
160	118
160	118
160	117
160	117
160	117
160	117
160	117
160	117
160	117
160	117
160	131
160	131
160	131
160	131
160	131
160	131
160	131
160	129
160	129
160	129
160	129
160	129
160	129
160	129
160	129
160	127
160	127
160	127
160	127
160	127
160	127
161	127
161	125
161	125
161	125
161	125
161	125
161	125
161	125
161	128
161	128
161	128
161	128
161	128
161	128
161	128
161	128
163	129
163	129
163	129
163	129
163	129
163	129
163	129
164	127
164	127
164	127
164	127
164	127
164	127
164	127
164	127
165	150
165	150
165	150
165	150
165	150
165	150
165	150
166	154
166	154
166	154
166	154
166	154
166	154
166	154
166	157
166	157
166	157
166	157
166	157
166	157
166	157
166	157
167	134
167	134
167	134
167	134
167	134
167	134
167	134
167	132
167	132
167	132
167	132
167	132
167	132
167	132
167	132
167	130
167	130
167	130
167	130
167	130
167	130
167	130
167	128
167	128
167	128
167	128
167	128
167	128
167	128
168	126
168	126
168	126
168	126
168	126
168	126
168	126
168	126
168	124
168	124
168	124
168	124
168	124
168	124
168	124
167	127
167	127
167	127
167	127
167	127
167	127
167	127
167	127
167	130
167	130
167	130
167	130
167	130
167	130
167	130
167	128
167	128
167	128
167	128
167	128
167	128
167	128
167	131
167	131
167	131
167	131
167	131
167	131
167	131
167	131
165	129
165	129
165	129
165	129
165	129
165	129
165	129
165	127
165	127
165	127
165	127
165	127
165	127
165	127
165	127
165	125
165	125
165	125
165	125
165	125
165	125
165	125
165	108
165	108
165	108
165	108
165	108
165	108
165	108
164	109
164	109
164	109
164	109
164	109
164	109
164	109
164	109
164	108
162	108
162	108
162	108
162	108
162	108
162	108
161	123
161	123
161	123
161	123
161	123
161	123
161	123
161	123
161	128
161	128
161	128
161	128
161	128
161	128
161	128
160	127
160	127
160	127
159	127
159	127
159	127
159	127
158	126
158	126
158	126
158	126
158	126
158	126
158	126
158	126
158	124
158	124
158	124
158	124
158	124
158	124
158	124
157	128
157	128
157	128
157	128
157	128
157	128
157	128
157	128
158	153
158	153
158	153
158	153
158	153
158	153
158	153
158	150
158	150
158	150
158	150
158	150
158	150
158	150
158	148
158	148
158	148
158	148
158	148
158	148
158	148
158	148
158	151
158	151
158	151
158	151
158	151
158	151
158	151
158	129
158	129
158	129
158	129
158	129
158	129
158	129
158	129
158	129
158	129
158	129
158	129
158	129
158	129
158	129
158	128
158	128
158	128
158	128
158	128
158	128
158	128
158	129
158	129
158	129
158	129
158	129
158	129
158	129
158	129
158	127
158	127
158	127
158	127
158	127
158	127
158	127
158	125
158	125
158	125
158	125
158	125
158	125
158	125
158	125
158	128
158	128
158	128
158	128
158	128
158	128
158	128
157	126
157	126
157	126
157	126
157	126
157	126
157	126
157	129
157	129
157	129
157	129
157	129
157	129
157	129
157	129
157	132
157	132
157	132
157	132
157	132
157	132
157	132
158	133
158	133
158	133
158	133
158	133
158	133
158	133
158	133
158	131
158	131
158	131
158	131
158	131
158	131
158	131
158	129
158	129
158	129
158	129
158	129
158	129
158	129
159	107
159	107
159	107
159	107
159	107
159	107
159	107
159	107
159	105
159	105
159	105
159	105
159	105
159	105
159	105
161	103
161	103
161	103
161	103
161	103
161	103
161	103
161	103
162	122
162	122
162	122
162	122
162	122
162	122
162	122
163	120
163	120
163	120
163	120
163	120
163	120
163	120
163	120
163	123
163	123
163	123
164	123
164	123
164	123
164	123
164	121
165	121
165	121
165	121
165	121
165	121
165	121
166	119
166	119
166	119
166	119
166	119
166	119
166	119
166	119
167	117
167	117
167	117
167	117
167	117
167	117
167	117
168	133
168	133
168	133
169	133
169	133
169	133
169	133
169	133
169	131
169	131
169	131
169	131
169	131
169	131
169	131
169	129
169	129
169	129
169	129
169	129
169	129
169	129
170	132
170	132
170	132
170	132
170	132
170	132
170	132
170	132
169	112
169	112
169	112
169	112
169	112
169	112
169	112
169	110
169	110
169	110
169	110
169	110
169	110
169	110
169	110
169	108
169	108
169	108
169	108
169	108
169	108
169	108
170	106
170	106
170	106
170	106
170	106
170	106
170	106
170	104
170	104
170	104
170	104
170	104
170	104
170	104
170	106
170	106
170	106
170	106
170	106
170	106
170	106
172	106
172	109
172	109
172	109
172	109
172	109
172	109
172	109
173	107
173	107
173	107
173	107
173	107
173	107
173	107
173	105
173	105
173	105
173	105
173	105
173	105
173	105
173	105
174	103
174	103
174	103
174	103
174	103
174	103
174	103
174	101
174	101
174	101
174	101
174	101
174	101
174	101
174	101
174	99
175	99
175	99
175	99
175	99
175	99
175	99
175	82
175	82
175	82
175	82
175	82
175	82
175	82
175	84
175	84
175	84
175	84
175	84
175	84
175	84
175	82
175	82
175	82
175	82
175	82
175	82
175	82
175	98
175	98
175	98
175	98
175	98
175	98
175	98
175	98
175	102
175	102
175	102
175	102
175	102
175	102
175	102
175	100
175	100
175	100
175	100
175	100
175	100
175	100
174	104
174	104
174	104
174	104
174	104
174	104
174	104
174	104
175	102
175	102
175	102
175	102
175	102
175	102
175	102
176	100
176	100
176	100
176	100
176	100
176	100
176	100
176	100
176	119
176	119
176	119
176	119
176	119
176	119
176	119
175	116
175	116
175	116
175	116
175	116
175	116
175	116
175	114
176	114
176	114
176	114
176	114
176	114
176	114
176	114
176	98
176	98
176	98
176	98
176	98
176	98
176	98
177	96
177	96
177	96
177	96
177	96
177	96
177	96
177	96
179	94
179	94
179	94
179	94
179	94
179	94
179	94
179	97
179	97
179	97
179	97
179	97
179	97
179	97
179	95
179	95
179	95
179	95
179	95
179	95
179	95
179	95
179	93
179	93
179	93
179	93
179	93
179	93
179	93
179	96
179	96
179	96
179	96
179	96
179	96
179	96
179	96
179	94
175	94
175	94
175	94
175	94
175	94
175	94
175	97
175	97
175	97
175	108
175	108
175	108
175	108
175	108
175	108
175	108
175	108
175	113
175	113
175	113
175	113
175	113
175	113
175	113
175	93
175	93
175	93
175	93
175	93
175	93
175	93
175	91
175	91
175	91
175	91
175	91
175	91
175	91
175	91
175	90
175	90
175	90
175	90
175	90
175	90
175	90
175	88
175	88
175	88
175	88
175	88
175	88
175	88
175	88
173	113
173	113
173	113
173	113
173	113
173	113
173	113
