87	0
87	0
87	0
87	0
87	0
87	0
86	0
86	0
86	0
86	0
86	0
86	0
86	0
86	0
86	0
86	0
86	0
86	0
86	0
86	0
85	0
85	0
85	0
85	0
85	0
85	0
85	0
85	0
85	0
85	0
85	0
85	0
85	0
85	0
85	0
87	0
87	0
87	0
87	0
87	0
87	0
87	0
87	0
88	59
88	59
88	59
88	59
88	59
88	59
88	59
89	60
89	60
89	60
89	60
89	60
90	60
90	60
90	60
91	63
91	63
91	63
91	63
91	63
91	63
91	63
91	62
91	62
91	62
91	62
91	62
91	62
91	62
91	62
91	65
91	65
91	65
91	65
91	65
91	65
91	65
91	65
91	67
91	67
91	67
91	67
91	67
91	67
91	67
90	70
90	70
90	70
90	70
90	70
90	70
90	70
90	70
90	95
90	95
90	95
90	95
90	95
90	95
90	95
89	97
89	97
89	97
89	97
89	97
89	97
89	97
89	97
88	99
88	99
88	99
88	99
88	99
88	99
88	99
88	74
88	74
88	74
88	74
88	74
88	74
88	74
88	74
90	74
90	74
90	74
90	74
90	74
90	74
90	74
92	73
92	73
92	73
92	73
92	73
92	73
92	73
94	51
94	51
94	51
94	51
94	51
94	51
94	51
98	53
98	53
98	53
98	53
98	53
98	53
98	53
98	53
100	52
100	52
100	52
100	52
100	52
100	52
100	52
102	77
102	77
102	77
102	77
102	77
102	77
102	77
102	77
103	80
103	80
103	80
103	80
103	80
103	80
103	80
103	83
103	83
103	83
104	83
104	83
104	83
104	83
104	83
104	86
104	86
104	86
104	86
104	86
104	86
104	86
105	85
105	85
105	85
105	85
105	85
105	85
105	85
105	85
106	87
106	87
106	87
106	87
106	87
106	87
106	87
109	88
109	88
109	88
109	88
109	88
109	88
109	88
111	88
111	99
113	99
113	99
113	99
113	99
113	99
113	99
115	97
115	97
115	97
115	97
115	97
115	97
115	97
115	97
117	96
117	96
117	96
117	96
117	96
117	96
117	96
120	87
120	87
120	87
120	87
120	87
120	87
120	87
120	87
122	85
122	85
122	85
122	85
122	85
122	85
122	85
124	83
126	83
126	83
126	83
126	83
126	83
126	83
126	83
127	81
127	81
127	81
127	81
127	81
127	81
127	81
129	79
129	79
129	79
129	79
129	79
129	79
129	79
129	79
131	77
131	77
131	77
131	77
131	77
131	77
131	77
132	75
132	75
132	75
132	75
132	75
132	75
132	75
132	75
133	73
133	73
133	73
133	73
133	73
133	73
133	73
133	73
133	73
133	73
133	73
133	73
133	73
133	73
133	73
133	74
133	74
133	74
133	74
133	74
133	74
133	74
133	75
133	75
133	75
133	75
133	75
133	75
133	75
133	75
133	78
133	78
133	78
133	78
133	78
133	78
133	78
133	74
133	74
133	74
133	74
133	74
133	74
133	74
133	74
133	60
133	60
133	60
133	60
133	60
133	60
133	60
132	62
132	62
132	62
132	62
132	62
132	62
132	62
132	62
132	63
132	63
132	63
132	63
132	63
132	63
132	63
132	77
132	77
132	77
132	77
132	77
132	77
132	77
132	77
132	80
132	80
132	80
132	80
132	80
132	80
132	80
132	84
132	84
132	84
132	84
132	84
132	84
132	84
132	84
133	84
133	84
133	84
133	84
133	84
133	84
133	84
134	84
134	84
134	84
134	84
134	84
134	84
134	84
134	83
134	83
134	83
134	83
134	83
134	83
134	83
134	83
134	83
134	83
134	83
134	83
134	83
134	83
134	83
134	99
134	99
134	99
134	99
134	99
134	99
134	99
134	99
134	99
134	99
134	99
134	99
134	99
134	99
134	99
135	100
135	100
135	100
135	100
135	100
135	100
135	100
135	85
135	85
135	85
135	85
135	85
135	85
136	85
136	86
136	86
136	86
136	86
136	86
136	86
136	86
136	86
136	86
136	86
136	86
136	86
136	86
136	86
136	86
137	87
137	87
137	87
137	87
137	87
137	87
137	87
137	87
138	87
138	87
138	87
138	87
138	87
138	87
138	87
139	85
139	85
139	85
139	85
139	85
139	85
139	85
139	85
139	88
139	88
140	88
140	88
140	88
140	88
140	88
140	88
140	88
140	88
140	88
140	88
140	88
140	88
140	88
141	88
141	88
141	88
141	88
141	88
141	88
141	88
141	91
141	91
141	91
141	91
141	91
141	91
141	91
141	91
141	88
141	88
141	88
141	88
141	88
141	88
141	88
141	89
141	89
141	89
141	89
141	89
141	89
141	89
141	89
141	90
141	90
141	90
141	90
141	90
141	90
141	90
141	81
141	81
141	81
141	81
141	81
141	81
141	81
141	80
141	80
141	80
141	80
141	80
141	80
141	80
141	78
141	78
141	78
141	78
141	78
141	78
142	78
142	78
142	83
142	83
142	83
142	83
142	83
142	83
142	83
142	86
142	86
142	86
142	86
142	86
142	86
142	86
142	86
142	84
142	84
142	84
142	84
142	84
142	84
142	84
143	87
143	87
143	87
143	87
143	87
143	87
143	87
143	87
143	86
143	86
143	86
143	86
143	86
143	86
143	86
143	87
143	87
143	87
143	87
143	87
143	87
143	87
143	87
143	86
143	86
143	86
143	86
143	86
143	86
143	86
143	109
143	109
143	109
143	109
143	109
143	109
143	109
143	109
143	113
143	113
143	113
143	113
143	113
143	113
143	113
143	116
143	116
142	116
142	116
142	116
142	116
142	116
142	116
142	89
142	89
142	89
142	89
142	89
142	89
142	89
142	89
142	87
142	87
142	87
142	87
142	87
142	87
142	87
142	90
142	90
142	90
142	90
142	90
142	90
142	90
142	90
141	59
141	59
142	59
142	59
142	59
142	59
142	59
142	58
142	58
142	58
142	58
142	58
142	58
142	58
142	58
142	60
142	60
142	60
142	60
142	60
142	60
142	60
142	92
142	92
142	92
142	92
142	92
142	92
142	92
142	92
143	93
143	93
143	93
143	93
143	93
143	93
143	93
143	91
143	91
143	91
143	91
143	91
143	91
143	91
143	91
143	93
143	93
143	93
143	93
143	93
143	93
143	93
143	93
143	93
143	93
143	93
143	93
143	93
143	93
143	93
143	96
143	96
143	96
143	96
143	96
143	96
143	96
143	99
143	99
143	99
143	99
143	99
143	99
143	99
143	99
143	102
143	102
143	102
143	102
143	102
143	102
143	102
143	103
143	103
143	103
143	103
143	103
143	103
143	103
143	103
143	106
143	106
143	106
143	106
143	106
143	106
143	106
143	102
143	102
143	102
143	102
143	102
143	102
143	102
144	104
144	104
144	104
144	104
144	104
144	104
144	104
144	107
144	107
144	107
144	107
144	107
144	107
144	107
144	107
145	105
145	105
145	105
145	105
145	105
145	105
145	105
145	102
145	102
145	102
145	102
146	102
146	102
146	102
146	102
146	102
146	102
146	102
146	102
146	102
146	102
146	102
147	136
147	136
147	136
147	136
147	136
147	136
147	136
147	136
148	131
148	131
148	131
148	131
148	131
148	131
148	131
148	131
148	131
148	131
148	131
148	131
148	131
148	131
148	131
148	136
148	136
148	136
148	136
148	136
148	136
148	136
148	136
149	96
149	96
149	96
149	96
149	96
149	96
149	96
149	98
149	98
149	98
149	98
149	98
149	98
149	98
149	98
149	96
149	96
149	96
149	96
149	96
149	96
149	96
150	73
150	73
150	73
150	73
150	73
150	73
150	73
150	73
151	75
151	75
151	75
151	75
151	75
151	75
151	75
151	75
151	75
151	75
151	75
151	75
151	75
151	75
151	75
150	96
150	96
150	96
150	96
150	96
150	96
150	96
150	94
150	94
150	94
150	94
150	94
150	94
150	94
150	94
149	93
149	93
149	93
149	93
149	93
148	93
148	93
148	91
148	91
148	91
148	91
148	91
148	91
148	91
148	91
148	92
148	92
148	92
148	92
148	92
148	92
148	92
148	90
148	90
148	90
148	90
148	90
148	90
148	90
148	90
148	88
148	88
148	88
148	88
148	88
148	88
148	88
148	96
148	96
148	96
148	96
148	96
148	96
148	96
148	96
148	100
148	100
148	100
148	100
148	100
148	100
148	100
149	100
149	100
149	100
149	100
149	100
149	100
149	100
149	100
149	87
149	87
149	87
149	87
149	87
149	87
149	87
149	87
148	87
148	87
148	87
148	87
148	87
148	87
148	87
148	87
148	87
148	87
148	87
148	87
148	87
148	87
148	87
149	87
149	87
149	87
149	87
149	87
149	87
149	87
149	90
149	90
149	90
149	90
149	90
149	90
149	90
149	90
150	88
150	88
150	88
150	88
150	88
150	88
150	88
150	89
150	89
150	89
150	89
150	89
150	89
150	89
150	89
150	89
150	89
150	89
150	89
150	89
150	89
150	89
150	89
150	89
150	89
150	89
150	89
150	89
150	89
150	89
151	94
151	94
151	94
151	94
151	94
151	94
151	94
152	92
152	92
152	92
152	92
152	92
152	92
152	92
152	92
153	90
153	90
153	90
153	90
153	90
153	90
153	90
153	88
153	88
153	88
153	88
153	88
153	88
153	88
153	88
153	74
153	74
153	74
153	74
153	74
153	74
153	74
153	72
153	72
153	72
153	72
153	72
153	72
153	72
153	72
153	75
153	75
153	75
153	75
153	75
153	75
153	75
152	85
152	85
152	85
152	85
152	85
152	85
152	85
152	85
152	85
152	85
152	85
152	85
152	85
152	85
152	85
152	85
152	85
152	85
152	85
152	85
152	85
152	85
152	85
152	85
152	85
152	85
152	85
152	85
152	85
152	85
152	83
152	83
152	83
152	83
152	83
152	83
152	83
153	83
153	81
153	81
153	81
153	81
153	81
153	81
153	81
154	84
154	84
154	84
154	84
154	84
154	84
154	84
154	84
154	107
154	107
155	107
155	107
155	107
155	107
155	107
154	105
154	105
154	105
154	105
154	105
154	105
154	105
154	105
154	108
154	108
154	108
154	108
154	108
154	108
154	108
154	91
154	91
154	91
154	91
154	91
154	91
154	91
154	91
153	94
153	94
153	94
153	94
153	94
153	94
153	94
153	94
153	95
153	95
153	95
153	95
153	95
153	95
153	95
153	95
153	95
153	95
153	95
153	95
153	95
153	95
153	95
153	99
153	99
153	99
153	99
153	99
153	99
153	99
153	95
153	95
153	95
153	95
153	95
153	95
153	95
153	95
153	94
153	94
154	94
154	94
154	94
154	94
154	94
154	97
154	97
154	97
154	97
154	97
154	97
154	97
154	97
155	100
155	100
155	100
155	100
155	100
155	100
155	100
155	98
155	98
155	98
155	98
155	98
155	98
155	98
155	98
156	96
156	96
156	96
156	96
156	96
156	96
156	96
156	101
156	101
156	101
156	101
157	101
157	101
157	101
157	101
157	99
157	99
157	99
157	99
157	99
157	99
157	99
158	96
158	96
158	96
158	96
158	96
158	96
158	96
158	96
159	97
159	97
159	97
159	97
159	97
159	97
159	97
159	93
159	93
160	93
160	93
160	93
160	93
160	93
160	93
160	102
160	102
160	102
160	102
160	102
160	102
160	102
160	105
160	105
160	105
160	105
160	105
160	105
160	105
160	105
161	110
161	110
161	110
161	110
161	110
161	110
161	110
161	108
161	108
161	108
161	108
161	108
161	108
161	108
161	108
161	112
161	112
161	112
161	112
161	112
161	112
160	112
160	110
160	110
160	110
160	110
160	110
160	110
160	110
160	110
160	145
160	145
160	145
160	145
160	145
160	145
160	145
160	145
161	142
161	142
161	142
161	142
161	142
161	142
161	142
161	139
161	139
161	139
161	139
161	139
161	139
161	139
161	139
161	135
161	135
161	135
161	135
161	135
161	135
161	135
161	101
161	101
161	101
161	101
161	101
161	101
161	101
161	101
161	102
161	102
161	102
161	102
161	102
161	102
161	102
161	105
161	105
161	105
161	105
161	105
161	105
161	105
161	105
160	72
160	72
160	72
160	72
160	72
160	72
160	72
160	72
160	72
160	72
160	72
160	72
160	72
160	72
160	72
160	76
160	76
160	76
160	76
160	76
160	76
160	76
161	104
161	104
161	104
161	104
161	104
161	104
161	104
161	104
161	102
161	102
162	102
162	102
162	102
162	102
162	102
162	100
162	100
162	100
162	100
162	100
162	100
162	100
162	100
162	103
162	103
162	103
162	103
162	103
162	103
162	103
162	106
162	106
162	106
162	106
162	106
162	106
162	106
161	106
160	109
160	109
160	109
160	109
160	109
160	109
160	109
159	110
159	110
159	110
159	110
159	110
159	110
159	110
159	110
157	116
157	116
157	116
157	116
157	116
157	116
157	116
156	118
156	118
156	118
156	118
156	118
156	118
156	118
156	118
155	116
155	116
155	116
155	116
155	116
155	116
155	116
155	106
155	106
155	106
155	106
155	106
155	106
155	106
155	106
155	104
155	104
155	104
155	104
155	104
155	104
155	104
156	102
156	102
156	102
156	102
156	102
156	102
156	102
156	102
156	100
156	100
156	100
156	100
156	100
156	100
156	100
156	100
156	101
156	101
156	101
156	101
156	101
156	101
156	101
157	99
157	99
157	99
157	99
157	99
157	99
157	99
157	99
158	100
158	100
158	100
158	100
158	100
158	100
158	100
158	105
158	105
158	105
158	105
158	105
158	105
158	105
158	105
159	103
159	103
159	103
159	103
159	103
159	103
159	103
159	101
159	101
159	101
159	101
159	101
159	101
159	101
159	101
159	99
159	99
159	99
159	99
159	99
159	99
159	99
159	98
159	98
159	98
159	98
159	98
159	98
159	98
159	98
159	98
159	98
159	98
159	98
159	98
159	98
159	98
159	78
159	78
159	78
159	78
159	78
159	78
159	78
159	79
160	79
160	79
160	79
160	79
160	79
160	79
160	81
160	81
160	81
160	81
160	81
160	81
160	81
160	81
160	105
160	105
160	105
160	105
160	105
160	105
160	105
161	103
161	103
161	103
161	103
161	103
161	103
161	103
161	103
161	100
161	100
161	100
161	100
161	100
161	100
161	100
161	99
161	99
162	99
162	99
162	99
162	99
162	99
162	99
162	102
162	102
162	102
162	102
162	102
162	102
162	102
162	107
162	107
162	107
162	107
162	107
162	107
162	107
162	107
162	127
162	127
162	127
162	127
162	127
162	127
162	127
162	129
162	129
162	129
162	129
162	129
162	129
162	129
162	129
161	130
161	130
161	130
161	130
161	130
161	130
161	130
161	127
161	127
161	127
161	127
161	127
161	127
161	127
161	127
161	113
161	113
161	113
161	113
161	113
161	113
161	113
161	113
161	114
161	114
161	114
161	114
161	114
161	114
161	114
161	112
161	112
161	112
161	112
161	112
161	112
161	112
161	112
162	115
162	115
162	115
162	115
162	115
162	115
162	115
162	113
162	113
162	113
162	113
162	113
162	113
162	113
162	113
162	111
162	111
162	111
162	111
162	111
162	111
162	111
161	114
161	114
161	114
161	114
161	114
161	114
161	114
161	114
161	118
161	118
161	118
161	118
161	118
161	118
161	118
162	121
162	121
162	121
162	121
162	121
162	121
162	121
162	121
161	119
162	119
162	119
162	119
162	119
162	119
162	119
162	117
162	117
162	117
162	117
162	117
162	117
162	117
162	117
162	115
162	115
162	115
162	115
162	115
162	115
162	115
162	118
162	118
162	118
162	118
162	118
162	118
162	118
162	118
161	110
161	110
161	110
161	110
161	110
161	110
161	110
161	113
161	113
161	113
161	113
161	113
161	113
161	113
161	113
162	116
162	116
162	116
162	116
162	116
162	116
162	116
162	130
162	130
162	130
162	130
162	130
162	130
162	130
162	130
162	133
162	133
162	133
162	133
162	133
162	133
162	133
162	136
162	136
162	136
162	136
162	136
162	136
162	136
162	136
162	139
162	139
162	139
162	139
162	139
162	139
162	139
162	139
162	139
162	139
162	139
162	139
162	139
162	139
161	139
161	142
161	142
161	142
161	142
161	142
161	142
161	142
161	179
161	179
161	179
161	179
161	179
161	179
161	179
161	179
161	177
161	177
161	177
161	177
161	177
161	177
161	177
162	174
162	174
162	174
162	174
162	174
162	174
162	174
162	174
162	172
162	172
162	172
162	172
162	172
162	172
162	172
162	132
162	132
162	132
162	132
162	132
162	132
162	132
162	132
162	135
162	135
162	135
162	135
162	135
162	135
162	135
162	135
162	133
162	133
162	133
162	133
162	133
162	133
162	133
161	84
161	84
161	84
161	84
161	84
161	84
161	84
161	84
161	86
161	86
161	86
161	86
161	86
161	86
161	86
161	84
161	84
161	84
161	84
161	84
161	84
161	84
161	84
161	135
161	135
161	135
161	135
161	135
161	135
161	135
161	133
161	133
161	133
161	133
161	133
161	133
161	133
161	133
162	131
162	131
162	131
162	131
162	131
162	131
162	131
162	134
162	134
162	134
162	134
162	134
162	134
162	134
162	134
161	132
161	132
161	132
161	132
161	132
161	132
161	132
161	131
161	131
161	131
161	131
161	131
161	131
161	131
161	131
162	137
162	137
162	137
162	137
162	137
162	137
162	137
162	140
162	140
162	140
162	140
162	140
162	140
162	140
162	140
162	143
162	143
163	143
163	143
163	143
163	143
163	143
163	146
163	146
163	146
163	146
163	146
163	146
163	146
163	146
163	147
163	147
163	147
163	147
163	147
163	147
163	147
163	150
163	150
163	150
163	150
163	150
163	150
163	150
163	150
163	154
163	154
163	154
163	154
163	154
163	154
163	154
163	154
163	154
163	154
163	154
163	154
163	154
163	154
163	154
163	154
163	154
163	154
163	154
163	154
163	154
163	154
164	154
164	154
164	154
164	154
164	154
164	154
164	154
164	154
164	218
164	218
164	218
164	218
164	218
164	218
164	218
164	222
164	222
164	222
164	222
164	222
164	222
164	222
164	222
164	227
164	227
164	227
164	227
164	227
164	227
164	227
164	162
164	162
164	162
164	162
164	162
164	162
164	162
164	162
165	162
165	162
165	162
165	162
165	162
165	162
165	162
165	162
165	162
165	162
165	162
165	162
164	162
164	162
164	162
164	160
164	160
164	160
164	160
164	160
164	160
164	160
164	160
164	122
164	122
164	122
164	122
164	122
164	122
164	122
163	125
163	125
163	125
163	125
163	125
163	125
163	125
163	125
163	125
163	125
163	125
163	125
163	125
163	125
162	167
162	167
162	167
162	167
162	167
162	167
162	167
161	167
161	165
161	165
161	165
161	165
161	165
161	165
161	165
161	163
161	163
161	163
161	163
161	163
161	163
161	163
161	163
161	161
161	161
161	161
161	161
161	161
161	161
161	161
161	159
161	159
161	159
161	159
161	159
161	159
161	159
161	159
161	159
161	159
161	159
161	159
161	159
161	159
161	159
160	176
160	176
160	176
160	176
160	176
160	176
160	176
160	176
160	174
160	174
160	174
160	174
160	174
160	174
160	174
159	175
159	175
159	175
159	175
159	175
159	175
159	175
159	175
159	172
159	172
159	172
159	172
159	172
159	172
159	172
158	152
158	152
158	152
158	152
158	152
158	152
158	152
158	152
158	157
158	157
158	157
158	157
158	157
158	157
158	157
158	155
158	155
158	155
158	155
158	155
158	155
158	155
158	155
158	153
158	153
158	153
158	153
158	153
158	153
158	153
158	156
158	156
158	156
158	156
158	156
158	156
158	156
158	156
159	154
159	154
159	154
159	154
159	154
159	154
159	154
159	152
159	152
159	152
159	152
159	152
159	152
159	152
159	152
160	150
160	150
160	150
160	150
160	150
160	150
160	150
160	153
160	153
160	153
160	153
160	153
160	153
160	153
160	153
159	156
159	156
159	156
159	156
159	156
159	156
159	156
159	160
159	160
159	160
159	160
159	160
159	160
159	160
159	160
159	160
159	160
159	160
159	160
159	160
159	160
159	160
159	135
159	135
159	135
159	135
159	135
159	135
159	135
159	135
158	133
158	133
158	133
158	133
158	133
158	133
158	133
158	133
158	132
158	132
158	132
158	132
158	132
158	132
158	132
158	130
158	130
158	130
158	130
158	130
158	130
158	130
158	130
159	158
159	158
159	158
159	158
159	158
159	158
159	158
159	158
159	158
159	158
159	158
159	158
159	158
159	158
159	158
160	158
160	158
160	158
160	158
160	158
160	158
160	158
159	157
159	157
159	157
159	157
159	157
159	157
159	157
159	157
159	157
159	157
159	157
159	157
159	157
159	157
159	157
159	157
159	157
159	157
159	157
158	157
158	157
158	157
158	157
158	192
158	192
158	192
158	192
158	192
158	192
158	192
158	192
158	192
158	192
158	192
158	192
158	192
158	192
158	192
158	192
158	192
158	192
158	192
158	192
158	192
158	192
158	156
158	156
158	156
158	156
158	156
158	156
158	156
158	156
157	156
157	156
156	156
156	156
156	156
156	156
156	156
155	154
155	154
155	154
155	154
155	154
155	154
155	154
155	154
154	152
154	152
154	152
154	152
154	152
154	152
154	152
152	150
152	150
152	150
152	150
152	150
152	150
152	150
152	150
152	148
152	148
152	148
152	148
152	148
151	148
151	148
151	153
151	153
151	153
151	153
151	153
151	153
151	153
151	153
152	152
152	152
152	152
152	152
152	152
152	152
152	152
153	152
153	152
153	152
153	152
153	152
153	152
153	152
153	152
154	152
154	152
154	152
154	152
154	152
154	152
154	152
154	153
154	153
154	153
154	153
154	153
154	153
154	153
154	153
154	152
154	152
154	152
154	152
154	152
154	152
154	152
153	154
153	154
153	154
153	154
153	154
153	154
153	154
153	154
152	145
152	145
152	145
152	145
152	145
152	145
152	145
151	148
151	148
151	148
151	148
151	148
151	148
151	148
151	148
151	146
151	146
151	146
151	146
151	146
151	146
151	146
152	144
152	144
152	144
152	144
152	144
152	144
152	144
152	144
153	155
153	155
153	155
153	155
153	155
153	155
153	155
154	158
154	158
154	158
154	158
154	158
154	158
154	158
154	158
154	156
154	156
154	156
154	156
154	156
154	156
154	156
154	156
154	159
154	159
154	159
154	159
154	159
154	159
154	159
154	157
154	157
154	157
154	157
154	157
154	157
154	157
154	157
154	155
154	155
154	155
154	155
154	155
154	155
154	155
154	203
154	203
154	203
154	203
154	203
154	203
154	203
154	203
155	202
155	202
155	202
155	202
155	202
155	202
155	202
155	199
155	199
155	199
155	199
155	199
155	199
155	199
155	199
153	152
153	152
153	152
153	152
153	152
153	152
153	152
153	150
153	150
153	150
153	150
153	150
153	150
153	150
153	150
152	152
152	152
152	152
152	152
152	152
152	152
152	152
152	150
152	150
152	150
152	150
152	150
152	150
152	150
152	150
151	106
151	106
151	106
151	106
151	106
151	106
151	106
152	107
152	107
152	107
152	107
152	107
152	107
152	107
152	107
153	107
153	107
153	107
153	107
153	107
153	107
153	107
153	155
153	155
153	155
153	155
153	155
153	155
153	155
153	155
153	156
153	156
153	156
153	156
153	156
153	156
153	156
153	154
153	154
153	154
153	154
153	154
153	154
153	154
153	154
152	150
152	150
152	150
152	150
152	150
152	150
152	150
151	150
151	150
151	150
151	150
151	150
151	150
151	150
151	150
150	150
150	150
150	150
150	150
150	150
150	150
150	150
150	159
150	159
149	159
149	159
149	159
149	159
149	159
149	159
148	160
148	160
148	160
148	160
148	160
148	160
148	160
148	156
148	156
148	156
148	156
148	156
148	156
148	156
148	156
148	148
148	148
148	148
148	148
148	148
148	148
148	148
149	148
149	148
149	148
149	148
149	148
149	148
149	148
149	148
150	148
150	148
150	148
150	148
150	148
150	148
150	148
151	149
151	149
151	149
151	149
151	149
151	149
151	149
151	149
151	149
151	149
151	149
151	149
151	149
151	149
151	149
152	154
152	154
152	154
152	154
152	154
152	154
152	154
152	154
152	154
152	154
152	154
152	154
152	154
152	154
152	154
153	153
153	153
153	153
153	153
153	153
153	153
153	153
153	153
154	153
154	153
154	153
154	153
154	153
154	153
154	153
154	153
154	153
154	153
154	153
154	153
154	153
154	153
154	153
154	153
154	153
154	153
154	153
154	153
154	153
154	153
154	153
154	153
154	153
154	153
154	153
154	153
154	153
154	153
154	151
154	151
154	151
154	151
154	151
154	151
154	151
154	151
154	116
154	116
154	116
154	116
154	116
154	116
154	116
154	115
154	115
154	115
154	115
154	115
154	115
154	115
154	115
154	117
154	117
154	117
154	117
154	117
154	117
154	117
154	115
154	115
154	115
154	115
154	115
154	115
154	115
154	115
154	153
154	153
154	153
154	153
154	153
154	153
154	153
154	154
154	154
154	154
154	154
154	154
154	154
154	154
154	154
154	152
154	152
154	152
154	152
154	152
154	152
154	152
154	155
154	155
154	155
154	155
154	155
154	155
154	155
154	155
154	154
154	154
154	154
154	154
154	154
154	154
154	154
155	155
155	155
155	155
155	155
155	155
155	155
155	155
155	155
155	178
155	178
155	178
155	178
155	178
155	178
155	178
155	178
155	178
155	178
155	178
155	178
155	178
155	178
155	178
154	178
154	178
154	178
154	178
154	178
154	178
154	178
154	155
154	155
154	155
154	155
154	155
154	155
154	155
154	155
153	154
153	154
153	154
153	154
153	154
153	154
153	154
152	153
152	153
152	153
152	153
152	153
152	153
152	153
152	153
152	153
152	153
152	153
152	153
152	153
152	153
152	153
152	153
152	153
152	153
152	153
152	153
152	153
152	153
152	153
152	153
152	153
152	153
152	153
152	153
152	153
152	153
153	153
153	153
153	153
153	153
153	153
153	153
153	153
153	153
153	153
153	153
153	153
153	153
153	153
153	153
153	153
153	156
153	156
153	156
153	156
153	156
153	156
153	156
153	156
153	159
153	159
153	159
153	159
153	159
153	159
153	159
153	159
153	159
153	159
153	159
153	159
153	159
153	159
153	159
152	157
152	157
152	157
152	157
152	157
152	157
152	157
152	155
152	155
152	155
152	155
152	155
152	155
152	155
152	155
151	139
151	139
151	139
151	139
151	139
151	139
151	139
151	139
150	140
150	140
150	140
150	140
150	140
150	140
150	140
150	138
150	138
150	138
150	138
150	138
150	138
150	138
150	138
150	161
150	161
150	161
150	161
150	161
150	161
150	161
151	159
151	159
151	159
151	159
151	159
151	159
151	159
151	159
151	157
152	157
152	157
152	157
152	157
152	157
152	157
153	155
153	155
153	155
153	155
153	155
153	155
153	155
153	155
153	159
153	159
153	159
153	159
153	159
153	159
153	159
154	157
154	157
154	157
154	157
154	157
154	157
154	157
154	157
154	155
154	155
154	155
154	155
154	155
154	155
154	155
154	191
154	191
154	191
154	191
154	191
154	191
154	191
154	191
154	194
154	194
154	194
154	194
154	194
154	194
154	194
154	191
154	191
154	191
154	191
154	191
154	191
154	191
154	191
154	155
154	155
154	155
154	155
154	155
154	155
154	155
154	154
154	154
154	154
154	154
154	154
154	154
154	154
154	154
155	154
155	154
155	154
155	154
155	154
155	154
155	154
154	95
154	95
154	95
154	95
154	95
154	95
154	95
154	95
154	94
154	94
154	94
154	94
154	94
154	94
154	94
153	94
153	94
153	94
153	94
153	94
153	94
153	94
153	94
153	94
153	94
153	94
153	94
153	94
153	94
153	94
152	154
152	154
152	154
152	154
152	154
152	154
152	154
152	154
152	153
152	153
152	153
152	153
152	153
152	153
152	153
153	150
153	150
153	150
153	150
153	150
153	150
153	150
153	150
153	151
153	151
153	151
153	151
153	151
153	151
153	151
153	152
153	152
153	152
153	152
153	152
153	152
153	152
153	152
153	152
153	152
153	152
153	152
153	152
153	152
153	152
153	150
153	150
153	150
152	150
152	150
152	150
152	150
152	150
152	150
152	150
152	150
152	150
152	150
152	150
152	150
152	153
152	153
152	153
152	153
152	153
152	153
152	153
152	153
152	152
152	152
152	152
152	152
152	152
152	152
152	152
153	152
153	152
153	152
153	152
153	152
153	152
153	152
153	152
154	153
154	153
154	153
154	153
154	153
154	153
154	153
154	153
155	153
155	153
155	153
155	153
155	153
155	153
155	153
156	153
156	153
156	153
156	153
156	153
156	153
156	153
156	153
156	153
156	153
156	153
156	153
156	153
156	153
156	153
156	154
155	154
155	154
155	154
155	154
155	154
155	154
155	154
155	211
155	211
155	211
155	211
155	211
155	211
155	211
154	209
154	209
154	209
154	209
154	209
154	209
154	209
154	209
154	209
154	209
154	209
154	209
154	209
154	209
154	209
154	155
154	155
154	155
154	155
154	155
154	155
154	155
154	155
154	155
154	155
154	155
154	155
154	155
155	155
155	155
155	154
155	154
155	154
155	154
155	154
155	154
155	154
155	154
155	111
155	111
155	111
155	111
155	111
155	111
155	111
156	111
156	111
156	111
156	111
156	111
156	111
156	111
156	111
156	113
156	113
156	113
156	113
156	113
156	113
156	113
156	155
156	155
155	155
155	155
155	155
155	155
155	155
155	155
155	154
155	154
155	154
155	154
155	154
155	154
155	154
155	154
155	154
155	154
154	154
154	154
154	154
154	154
154	154
153	152
153	152
153	152
153	152
153	152
153	152
153	152
153	155
153	155
153	155
153	155
153	155
153	155
153	155
153	155
152	152
153	152
153	152
153	152
153	152
153	152
153	152
153	152
153	152
153	152
153	152
153	152
153	152
153	152
153	152
153	164
153	164
153	164
153	164
153	164
153	164
153	164
153	164
153	164
153	164
153	164
153	164
153	164
153	164
153	164
152	164
152	164
152	164
152	164
152	164
152	164
152	164
152	155
152	155
152	155
152	155
152	155
152	155
152	155
152	155
152	158
152	158
152	158
152	158
152	158
152	158
152	158
152	159
152	159
152	159
152	159
152	159
152	159
152	159
152	159
152	160
152	160
152	160
152	160
152	160
152	160
152	160
151	161
151	161
151	161
151	161
151	161
151	161
151	161
151	161
151	165
151	165
151	165
151	165
151	165
151	165
151	165
151	165
152	166
152	166
152	166
152	166
152	166
152	166
152	166
153	164
153	164
153	164
153	164
153	164
153	164
153	164
153	164
153	163
153	163
153	163
153	163
153	163
153	163
153	163
154	161
154	161
154	161
154	161
154	161
154	161
154	161
154	161
154	164
154	164
154	164
154	164
154	164
154	164
154	164
154	162
154	162
154	162
154	162
154	162
154	162
154	162
154	162
153	160
153	160
153	160
153	160
153	160
153	160
153	160
153	128
153	128
153	128
153	128
153	128
153	128
151	128
151	128
151	130
151	130
151	130
151	130
151	130
151	130
151	130
151	129
151	129
151	129
151	129
151	129
151	129
151	129
151	129
150	159
150	159
150	159
150	159
150	159
150	159
150	159
150	159
150	159
150	159
150	159
150	159
150	159
150	159
150	159
150	157
150	157
150	157
150	157
150	157
150	157
150	157
150	155
150	155
150	155
150	155
150	155
150	155
150	155
150	155
151	153
151	153
151	153
151	153
151	153
151	153
151	153
151	150
152	150
152	150
152	150
152	150
152	150
152	150
152	150
152	151
152	151
152	151
152	151
152	151
152	151
152	151
153	179
153	179
153	179
153	179
153	179
153	179
153	179
153	179
153	177
153	177
153	177
153	177
153	177
153	177
153	177
153	175
153	175
153	175
153	175
153	175
153	175
153	175
153	175
154	146
154	146
154	146
154	146
154	146
154	146
154	146
154	149
154	149
154	149
154	149
154	149
154	149
154	149
154	149
154	147
154	147
154	147
154	147
154	147
154	147
154	147
155	150
155	150
155	150
155	150
155	150
155	150
155	150
155	150
156	154
156	154
157	154
157	154
157	154
157	154
157	154
157	152
157	152
157	152
157	152
157	152
157	152
157	152
157	152
157	157
157	157
157	157
157	157
157	157
157	157
157	157
158	157
158	157
158	157
158	157
158	157
158	157
158	157
158	157
157	157
157	157
157	157
157	157
157	157
157	157
157	157
157	155
157	155
157	155
157	155
157	155
157	155
157	155
157	155
157	157
157	157
157	157
157	157
157	157
157	157
157	157
157	157
156	157
156	157
156	157
156	157
156	157
156	157
156	157
155	156
155	156
155	156
155	156
155	156
155	156
155	156
155	156
154	141
154	141
154	141
154	141
154	141
154	141
154	141
153	141
153	141
153	141
153	141
153	141
153	141
153	141
153	141
153	144
153	144
153	144
153	144
153	144
153	144
153	144
152	161
152	161
152	161
152	161
152	161
152	161
152	161
152	161
152	160
152	160
152	160
152	160
152	160
152	160
152	160
152	160
152	160
152	160
153	160
153	160
153	160
153	160
153	160
153	161
153	161
153	161
153	161
153	161
153	161
153	161
152	164
152	164
152	164
152	164
152	164
152	164
152	164
152	164
152	169
152	169
152	169
152	169
152	169
152	169
152	169
151	167
151	167
151	167
151	167
151	167
151	167
151	167
151	167
151	211
151	211
151	211
151	211
151	211
151	211
151	211
151	209
151	209
151	209
151	209
151	209
151	209
151	209
151	209
151	206
151	206
151	206
151	206
151	206
151	206
151	206
151	159
151	159
151	159
151	159
151	159
151	159
151	159
151	159
151	157
151	157
151	157
151	157
151	157
151	157
150	157
151	159
151	159
151	159
151	159
151	159
151	159
151	159
151	159
151	100
151	100
151	100
151	100
151	100
151	100
151	100
151	102
151	102
151	102
151	102
151	102
151	102
151	102
151	102
151	101
151	101
151	101
151	101
151	101
151	101
151	101
151	156
151	156
151	156
151	156
151	156
151	156
151	156
151	156
151	154
151	154
151	154
151	154
151	154
151	154
151	154
150	152
150	152
150	152
150	152
150	152
150	152
149	152
149	152
149	156
149	156
149	156
149	156
149	156
149	156
149	156
147	157
147	157
147	157
147	157
147	157
147	157
147	157
147	157
147	157
147	157
147	157
147	157
147	157
147	157
147	157
147	162
147	162
147	162
147	162
147	162
147	162
147	162
147	162
148	170
148	170
148	170
148	170
148	170
148	170
149	170
149	170
150	168
150	168
150	168
150	168
150	168
150	168
150	168
150	167
150	167
150	167
150	167
150	167
150	167
150	167
150	167
151	162
151	162
151	162
151	162
151	162
151	162
151	162
152	166
152	166
152	166
152	166
152	166
152	166
152	166
152	166
152	164
152	164
152	164
152	164
152	164
152	164
152	164
152	162
152	162
152	162
152	162
152	162
152	162
152	162
152	162
152	166
152	166
152	166
152	166
152	166
152	166
153	166
153	164
153	164
153	164
153	164
153	164
153	164
153	164
153	164
153	162
153	162
153	162
153	162
153	162
153	162
153	162
153	222
153	222
154	222
154	222
154	222
154	222
154	222
154	222
154	227
154	227
154	227
154	227
154	227
154	227
154	227
154	224
154	224
154	224
154	224
154	224
154	224
154	224
154	224
154	159
154	159
154	159
154	159
154	159
154	159
154	159
154	157
154	157
154	157
154	157
154	157
154	157
154	157
154	157
153	153
153	153
153	153
153	153
153	153
153	153
153	153
152	117
152	117
152	117
152	117
152	117
152	117
152	117
152	117
151	119
151	119
151	119
151	119
151	119
151	119
151	119
151	118
151	118
151	118
151	118
151	118
151	118
151	118
151	118
151	160
151	160
151	160
151	160
151	160
151	160
151	160
150	158
150	158
150	158
150	158
150	158
150	158
150	158
150	158
150	156
150	156
150	156
150	156
150	156
150	156
150	156
150	154
150	154
150	154
150	154
150	154
150	154
150	154
150	154
150	157
150	157
150	157
150	157
150	157
150	157
150	157
150	157
150	157
150	157
151	157
151	157
151	157
151	157
151	157
151	159
151	159
151	159
151	159
151	159
151	159
151	159
152	178
152	178
152	178
152	178
152	178
152	178
152	178
153	176
153	176
153	176
153	176
153	176
153	176
153	176
153	181
153	181
153	181
153	181
153	181
153	181
152	181
152	181
152	161
152	161
152	161
152	161
152	161
152	161
152	161
152	161
152	161
152	161
152	161
152	161
152	161
152	161
152	161
151	159
151	159
151	159
151	159
151	159
151	159
151	159
151	159
151	157
151	157
151	157
151	157
151	157
151	157
151	157
152	155
152	155
152	155
152	155
152	155
152	155
152	155
152	155
152	153
152	153
152	153
152	153
152	153
152	153
152	153
153	151
153	151
153	151
153	151
153	151
153	151
153	151
154	151
154	154
154	154
154	154
154	154
154	154
154	154
154	154
155	157
155	157
155	157
155	157
155	157
155	157
155	157
156	157
156	155
156	155
156	155
156	155
156	155
156	155
156	155
156	153
156	153
156	153
156	153
156	153
156	153
156	153
156	153
156	158
156	158
156	158
156	158
156	158
156	158
156	158
155	157
155	157
155	157
155	157
155	157
155	157
155	157
155	157
154	132
154	132
154	132
154	132
154	132
154	132
154	132
153	130
153	130
153	130
153	130
153	130
153	130
153	130
153	130
152	130
152	130
152	130
152	130
152	130
152	130
152	130
152	153
152	153
152	153
153	153
153	153
153	153
153	153
153	153
152	152
152	152
152	152
152	152
152	152
152	152
152	152
152	151
152	151
152	151
152	151
152	151
152	151
152	151
152	151
152	152
152	152
152	152
152	152
152	152
152	152
152	152
153	152
153	152
153	152
153	152
153	152
153	152
153	152
153	152
153	152
153	152
153	152
153	152
153	152
153	152
153	152
153	153
153	153
153	153
153	153
153	153
153	153
153	153
153	153
154	185
154	185
154	185
154	185
154	185
154	185
154	185
154	187
154	187
154	187
154	187
154	187
154	187
154	187
154	187
154	188
154	188
154	188
154	188
154	188
154	188
154	188
154	188
154	152
153	152
153	152
153	152
153	152
153	152
153	152
152	153
152	153
152	153
152	153
152	153
152	153
152	153
152	153
152	152
152	152
152	152
152	152
152	152
152	152
152	152
152	152
152	152
152	152
152	152
152	152
152	152
152	152
152	152
152	151
152	151
152	151
152	151
152	151
152	151
152	151
153	151
153	151
153	151
153	151
153	151
153	151
153	151
153	151
153	151
153	151
153	151
153	151
153	151
153	151
153	151
153	152
154	152
154	152
154	152
154	152
154	152
154	152
154	152
153	153
153	153
153	153
153	153
153	153
153	153
153	153
154	153
154	153
154	153
154	153
154	153
154	153
154	153
154	153
154	154
154	154
154	154
154	154
154	154
154	154
154	154
156	155
156	155
156	155
156	155
156	155
156	155
156	155
156	155
155	158
155	158
155	158
155	158
155	158
155	158
155	158
155	148
155	148
155	148
155	148
155	148
154	148
154	148
154	148
154	151
154	151
154	151
154	151
154	151
154	151
154	151
154	149
154	149
154	149
154	149
154	149
154	149
154	149
154	149
152	155
152	155
152	155
152	155
152	155
152	155
152	155
150	158
150	158
150	158
150	158
150	158
150	158
150	158
150	158
150	159
150	159
150	159
150	159
150	159
150	159
150	159
149	157
149	157
149	157
149	157
149	157
149	157
149	157
149	157
149	158
149	158
149	158
149	158
149	158
149	158
149	158
149	156
149	156
149	156
149	156
149	156
149	156
149	156
149	156
149	203
149	203
149	203
149	203
149	203
149	203
149	203
150	201
150	201
150	201
150	201
150	201
150	201
150	201
150	201
151	198
151	198
151	198
151	198
151	198
151	198
151	198
151	198
151	195
151	195
151	195
151	195
151	195
151	195
151	195
151	150
151	150
151	150
151	150
151	150
151	150
151	150
151	150
150	150
150	150
150	150
150	150
150	150
150	150
150	150
150	150
150	150
150	150
149	150
149	150
149	150
149	150
149	150
149	104
149	104
149	104
149	104
149	104
149	104
149	104
149	104
149	104
149	104
149	104
149	104
149	104
149	104
149	104
150	102
150	102
150	102
150	102
150	102
150	102
150	102
151	146
151	146
151	146
151	146
151	146
151	146
151	146
151	146
150	147
150	147
150	147
150	147
150	147
150	147
150	147
149	147
149	147
149	147
149	147
149	147
149	147
149	147
149	147
149	147
147	147
147	147
147	147
147	147
147	147
147	147
147	150
147	150
147	150
147	150
147	150
147	150
147	150
147	150
146	147
146	147
146	147
146	147
146	147
146	147
146	147
145	147
145	147
145	147
145	147
145	147
145	147
145	147
145	147
145	156
145	156
145	156
145	156
145	156
145	156
145	156
146	155
146	155
146	155
146	155
146	155
146	155
146	155
146	155
146	156
146	156
146	156
146	156
146	156
146	156
146	156
147	147
147	147
147	147
147	147
147	147
147	147
147	147
147	147
147	148
147	148
147	148
147	148
147	148
147	148
147	148
148	149
148	149
148	149
148	149
148	149
148	149
148	149
148	149
148	147
148	147
148	147
148	147
148	147
148	147
148	147
148	147
148	145
147	145
147	145
147	145
147	145
147	145
147	145
147	143
147	143
147	143
147	143
147	143
147	143
147	143
147	143
147	141
147	141
147	141
147	141
147	141
147	141
148	141
148	139
148	139
148	139
148	139
148	139
148	139
148	139
148	139
149	137
149	137
149	137
149	137
149	137
149	137
149	137
149	135
149	135
149	135
149	135
149	135
150	135
150	135
150	135
151	133
151	133
151	133
151	133
151	133
151	133
151	133
151	136
151	136
151	136
151	136
151	136
151	136
151	136
152	136
152	138
152	138
152	138
152	138
152	138
152	138
152	138
153	111
153	111
153	111
153	111
153	111
153	111
153	111
153	111
154	111
154	111
154	111
154	111
154	111
154	111
154	111
154	110
154	110
154	110
154	110
154	110
154	110
154	110
154	110
153	140
153	140
153	140
153	140
153	140
153	140
153	140
153	143
153	143
153	143
153	143
153	143
153	143
153	143
153	143
153	146
153	146
153	146
153	146
153	146
153	146
153	146
153	144
152	144
152	144
152	144
152	144
152	144
152	144
152	144
151	142
151	142
151	142
151	142
151	142
151	142
151	142
149	142
149	142
149	142
149	142
149	142
149	142
149	142
149	142
149	140
149	140
149	140
149	140
149	140
149	140
149	140
149	161
149	161
149	161
149	161
149	161
149	161
149	161
149	161
150	159
150	159
150	159
150	159
150	159
150	159
150	159
150	163
150	163
150	163
150	163
150	163
150	163
150	163
150	163
149	142
149	142
149	142
149	142
149	142
149	142
149	142
149	142
148	140
148	140
148	140
148	140
148	140
148	140
148	140
147	138
147	138
147	138
147	138
147	138
147	138
146	138
146	138
146	136
146	136
146	136
146	136
146	136
146	136
146	136
146	134
146	134
146	134
146	134
146	134
146	134
146	134
146	134
146	132
146	132
146	132
146	132
146	132
146	132
146	132
145	130
145	130
145	130
145	130
145	130
145	130
145	130
146	130
146	128
146	128
146	128
146	128
146	128
146	128
146	128
145	126
145	126
145	126
145	126
145	126
145	126
145	126
145	126
145	129
145	129
145	129
145	129
145	129
145	129
145	129
146	127
146	127
146	127
146	127
146	127
146	127
146	127
146	127
146	125
146	125
146	125
146	125
146	125
146	125
146	125
147	129
147	129
147	129
147	129
147	129
147	129
147	129
147	129
148	118
148	118
148	118
148	118
148	118
148	118
148	118
149	116
149	116
149	116
149	116
149	116
149	116
149	116
149	116
149	113
149	113
149	113
149	113
149	113
149	113
149	113
151	126
151	126
151	126
151	126
152	126
152	126
152	126
152	126
153	129
153	129
153	129
153	129
153	129
153	129
153	129
153	126
153	126
153	126
153	126
153	126
153	126
153	126
153	126
155	129
155	129
155	129
155	129
155	129
155	129
155	129
157	127
157	127
157	127
157	127
157	127
157	127
157	127
157	127
158	129
158	129
158	129
158	129
160	129
160	129
160	129
161	163
161	163
161	163
161	163
161	163
161	163
161	163
161	163
162	166
162	166
162	166
162	166
162	166
162	166
162	166
162	166
163	173
163	173
163	173
163	173
163	173
163	173
163	173
164	169
164	169
164	169
164	169
164	169
164	169
164	169
164	169
166	133
167	133
167	133
167	133
167	133
167	133
167	133
168	133
168	133
168	133
168	133
168	133
168	133
168	133
168	133
169	133
169	133
169	133
169	133
169	133
169	133
169	133
169	83
169	83
169	83
169	83
169	83
169	83
169	83
169	83
169	83
169	83
169	83
169	83
169	83
169	83
169	83
169	83
169	83
169	83
169	83
169	83
169	83
169	83
169	83
169	131
169	131
169	131
169	131
169	131
169	131
169	131
169	130
169	130
169	130
169	130
169	130
169	130
169	130
169	130
170	128
170	128
170	128
170	128
170	128
170	128
170	128
170	126
170	126
170	126
170	126
170	126
170	126
170	126
170	126
170	124
170	124
170	124
170	124
170	124
170	124
170	124
170	122
170	122
170	122
170	122
170	122
170	122
170	122
170	122
170	125
170	125
170	125
170	125
170	125
170	125
170	125
170	124
170	124
170	124
170	124
170	124
170	124
170	124
170	124
170	122
170	122
170	122
170	122
170	122
170	122
170	122
170	120
170	120
170	120
170	120
170	120
170	120
170	120
170	120
170	117
170	117
170	117
170	117
170	117
170	117
170	117
171	113
171	113
171	113
171	113
171	113
171	113
171	113
171	113
171	113
171	113
171	113
171	113
171	113
171	113
171	113
171	113
171	118
171	118
171	118
171	118
171	118
171	118
171	118
171	116
171	116
171	116
171	116
171	116
171	116
171	116
171	116
171	114
170	114
170	114
170	114
170	114
170	114
170	114
170	156
170	156
170	156
170	156
170	156
170	156
170	156
170	156
170	156
170	156
170	156
170	156
170	156
170	156
170	156
170	153
170	153
170	153
170	153
170	153
170	153
170	153
170	153
170	113
170	113
170	113
170	113
170	113
170	113
170	113
171	116
171	116
171	116
171	116
171	116
171	116
171	116
171	116
171	114
171	114
171	114
171	114
171	114
171	114
171	114
172	117
172	117
172	117
172	117
172	117
172	117
172	117
172	117
173	86
173	86
173	86
173	86
173	86
173	86
173	86
173	85
173	85
173	85
173	85
173	85
173	85
173	85
173	85
173	83
173	83
173	83
173	83
173	83
173	83
173	83
173	109
173	109
173	109
173	109
173	109
173	109
173	109
173	109
173	110
173	110
173	110
173	110
173	110
173	110
173	110
172	112
172	112
172	112
172	112
172	112
172	112
172	112
172	112
172	115
172	115
172	115
172	115
172	115
171	115
171	115
171	113
171	113
171	113
171	113
171	113
171	113
171	113
171	113
171	116
171	116
171	116
171	116
171	116
171	116
171	116
170	127
170	127
170	127
170	127
170	127
170	127
170	127
170	127
170	124
170	124
170	124
170	124
170	124
170	124
170	124
170	128
170	128
170	128
170	128
170	128
170	128
170	128
171	131
171	131
171	131
171	131
171	131
171	131
171	131
172	116
172	116
172	116
172	116
172	116
172	116
172	116
172	116
173	114
173	114
173	114
173	114
173	114
173	114
173	114
173	114
174	115
174	115
174	115
174	115
174	115
174	115
174	115
175	118
176	118
176	118
176	118
176	118
176	118
176	118
176	118
177	116
177	116
177	116
177	116
177	116
177	116
177	116
178	116
178	116
178	116
178	116
178	116
178	116
178	116
178	116
178	118
178	118
178	118
178	118
178	118
178	118
178	118
179	121
179	121
179	121
179	121
179	121
179	121
179	121
179	121
179	124
179	124
179	124
179	124
179	124
179	124
179	124
180	122
180	122
180	122
180	122
180	122
180	122
180	122
180	122
181	120
181	120
181	120
181	120
181	120
181	120
181	120
181	118
181	118
181	118
181	118
181	118
181	118
181	118
181	118
181	116
181	116
181	116
181	116
181	116
181	116
181	116
180	101
180	101
180	101
180	101
180	101
180	101
180	101
180	101
180	99
180	99
180	99
180	99
180	99
180	99
180	99
181	98
181	98
181	98
181	98
181	98
181	98
181	98
180	113
180	113
180	113
180	113
180	113
180	113
180	113
180	112
180	112
180	112
180	112
180	112
180	112
180	112
180	112
180	110
180	110
180	110
180	110
180	110
180	110
180	110
179	108
179	108
179	108
179	108
180	108
180	108
180	108
180	108
180	104
180	104
180	104
180	104
180	104
180	104
180	104
180	100
180	100
180	100
180	100
180	100
180	100
180	100
180	100
180	122
180	122
180	122
180	122
180	122
180	122
180	122
180	127
180	127
180	127
180	127
180	127
180	127
180	127
180	127
180	123
180	123
180	123
180	123
180	123
180	123
180	123
180	121
180	121
180	121
180	121
180	121
180	121
180	121
180	121
179	105
179	105
179	105
179	105
179	105
179	105
179	105
179	103
179	103
179	103
179	103
179	103
179	103
179	103
179	103
179	105
179	105
179	105
179	105
179	105
179	105
179	105
179	105
179	107
178	107
178	107
178	107
178	107
178	107
178	107
178	110
178	110
178	110
178	110
178	110
178	110
178	110
178	110
178	108
178	108
178	108
178	108
178	108
178	108
178	108
178	108
178	108
178	108
178	108
178	108
178	108
178	108
178	108
178	111
178	111
178	111
178	111
178	111
178	111
178	111
179	114
179	114
179	114
179	114
179	114
179	114
179	114
179	117
179	117
179	117
179	117
179	117
179	117
179	117
178	115
178	115
178	115
178	115
178	115
178	115
178	115
178	115
178	118
178	118
178	118
178	118
178	118
178	118
178	118
177	114
177	114
177	114
177	114
177	114
177	114
177	114
177	114
176	117
176	117
176	117
176	117
176	117
176	117
176	117
176	115
176	115
176	115
176	115
176	115
176	115
176	115
176	115
176	118
176	118
176	118
176	118
176	118
176	118
176	118
175	127
175	127
175	127
175	127
174	127
174	127
174	127
174	127
174	130
174	130
174	130
174	130
174	130
174	130
174	130
174	128
174	128
174	128
174	128
174	128
174	128
174	128
174	128
174	126
174	126
175	126
175	126
175	126
175	126
175	126
175	124
175	124
175	124
175	124
175	124
175	124
175	124
175	124
175	122
175	122
175	122
175	122
175	122
175	122
175	122
175	157
175	157
175	157
175	157
175	157
175	157
175	157
175	157
174	161
174	161
174	161
174	161
174	161
174	161
174	161
174	165
174	165
174	165
174	165
174	165
174	165
174	165
174	165
174	124
174	124
174	124
174	124
174	124
174	124
174	124
174	122
174	122
174	122
174	122
174	122
174	122
174	122
174	122
175	120
175	120
175	120
175	120
175	120
175	120
175	120
175	118
175	118
175	118
175	118
175	118
175	118
175	118
175	118
175	80
175	80
175	80
175	80
175	80
175	80
175	80
176	79
176	79
176	79
176	79
176	79
176	79
176	79
176	79
176	77
176	77
176	77
176	77
176	77
176	77
176	77
176	110
176	110
176	110
176	110
176	110
176	110
176	110
176	110
176	108
176	108
176	108
176	108
176	108
176	108
176	108
176	108
175	111
175	111
175	111
175	111
175	111
175	111
175	111
175	114
175	114
175	114
175	114
175	114
175	114
175	114
175	114
174	117
174	117
174	117
174	117
174	117
174	117
174	117
173	115
173	115
173	115
173	115
173	115
173	115
173	115
173	115
173	119
173	119
173	119
172	119
172	119
172	119
172	119
172	121
172	121
172	121
172	121
172	121
172	121
172	121
172	121
172	119
172	119
172	119
172	119
172	119
172	119
172	119
172	124
172	124
172	124
172	124
172	124
172	124
172	124
172	124
172	118
172	118
172	118
172	118
172	118
172	118
172	118
172	118
172	118
172	118
172	118
172	118
172	118
172	118
172	118
172	118
172	118
172	118
172	118
172	118
172	118
172	118
172	116
172	116
172	116
172	116
172	116
172	116
172	116
172	116
172	114
172	114
172	114
172	114
172	114
172	114
172	114
173	119
173	119
173	119
173	119
173	119
173	119
173	119
173	119
173	119
173	119
173	119
173	119
173	119
173	119
173	119
173	120
173	120
173	120
173	120
173	120
173	120
173	120
173	120
173	116
173	116
173	116
173	116
173	116
173	116
173	116
172	114
172	114
172	114
172	114
172	114
172	114
172	114
172	114
172	117
172	117
172	117
172	117
172	117
172	117
172	117
172	120
172	120
172	120
172	120
172	120
172	120
172	120
172	120
171	96
171	96
171	96
171	96
171	96
171	96
171	96
171	94
171	94
171	94
171	94
171	94
171	94
171	94
171	94
170	93
170	93
170	93
170	93
170	93
170	93
170	93
170	91
170	91
170	91
170	91
170	91
170	91
170	91
170	91
171	115
171	115
171	115
171	115
171	115
171	115
171	115
172	113
172	113
172	113
172	113
172	113
172	113
172	113
172	113
174	111
174	111
174	111
174	111
174	111
174	111
174	111
176	114
176	114
176	114
176	114
176	114
176	114
178	114
178	114
180	117
180	117
180	117
180	117
180	117
180	117
180	117
180	117
180	115
180	115
180	115
180	115
180	115
180	115
182	115
182	136
184	136
184	136
184	136
184	136
184	136
184	136
184	136
184	136
184	136
184	136
184	136
184	136
184	136
184	136
185	139
185	139
185	139
185	139
185	139
185	139
185	139
185	139
185	124
185	124
185	124
185	124
185	124
185	124
185	124
185	122
185	122
185	122
185	122
185	122
185	122
185	122
185	122
184	120
184	120
184	120
184	120
184	120
184	120
184	120
184	118
184	118
184	118
184	118
184	118
184	118
184	118
184	118
185	121
185	121
185	121
185	121
185	121
185	121
185	121
186	124
186	124
186	124
186	124
186	124
186	124
186	124
186	124
186	127
186	127
186	127
186	127
186	127
186	127
186	127
187	126
187	126
187	126
187	126
187	126
187	126
187	126
187	126
187	124
187	124
187	124
187	124
187	124
187	124
187	124
187	122
187	122
187	122
187	122
187	122
187	122
187	122
187	122
186	120
186	120
186	120
186	120
186	120
186	120
186	120
186	124
186	124
186	124
186	124
186	124
186	124
186	124
186	124
186	122
186	122
186	122
186	122
186	122
186	122
186	122
185	106
185	106
185	106
185	106
185	106
185	106
185	106
185	106
185	104
185	104
185	104
185	104
185	104
185	104
185	104
185	103
185	103
185	103
187	103
187	103
187	103
187	103
187	103
187	101
187	101
187	101
187	101
187	101
187	101
187	101
188	113
188	113
188	113
188	113
188	113
188	113
188	113
188	113
189	113
189	113
189	113
189	113
189	113
189	113
189	113
189	111
189	111
189	111
189	111
189	111
189	111
189	111
189	111
190	109
190	109
190	109
190	109
190	109
190	109
190	109
191	107
191	107
191	107
191	107
191	107
191	107
191	107
191	107
191	105
191	105
191	105
191	105
191	105
191	105
191	105
191	105
192	129
192	129
192	129
192	129
192	129
192	129
192	129
192	124
192	124
192	124
192	124
192	124
192	124
192	124
192	124
192	120
192	120
192	120
192	120
192	120
192	120
192	120
193	95
193	95
193	95
193	95
193	95
193	95
193	95
193	95
193	95
193	95
193	95
193	95
193	95
193	95
193	95
194	99
194	99
194	99
194	99
194	99
194	99
194	99
194	60
194	60
194	60
194	60
194	60
194	60
194	60
194	58
194	58
194	58
194	58
194	58
194	58
194	58
194	58
194	57
194	57
194	57
194	57
194	57
194	57
194	57
195	59
195	59
195	59
195	59
195	59
195	59
195	59
195	59
195	100
195	100
195	100
195	100
195	100
195	100
195	100
195	103
195	103
195	103
195	103
195	103
195	103
195	103
195	103
195	101
195	101
195	101
195	101
195	101
195	101
195	101
195	101
195	101
195	101
195	101
195	101
195	101
195	101
195	101
195	104
195	104
195	104
195	104
195	104
195	104
195	104
195	101
195	101
195	101
195	101
195	101
195	101
195	101
195	101
195	99
195	99
195	99
195	99
195	99
195	99
195	99
195	97
195	97
195	97
195	97
195	97
195	97
195	97
195	95
195	95
195	95
195	95
195	95
195	95
195	95
194	95
194	95
194	95
194	95
194	95
194	95
194	95
194	95
194	98
194	98
194	98
194	98
194	98
194	98
194	98
194	101
194	101
194	101
194	101
194	101
194	101
194	101
194	101
194	99
194	99
194	99
194	99
194	99
194	99
194	99
194	102
194	102
194	102
194	102
194	102
194	102
194	102
194	102
194	104
194	104
194	104
194	104
194	104
194	104
194	104
194	100
194	100
194	100
194	100
194	100
194	100
194	100
194	100
194	135
194	135
194	135
194	135
194	135
194	135
194	135
194	139
194	139
194	139
194	139
194	139
194	139
194	139
194	139
194	139
194	139
194	139
194	139
194	139
194	139
194	139
194	106
194	106
194	106
194	106
194	106
194	106
194	106
194	106
195	107
195	107
195	107
195	107
195	107
195	107
195	107
195	105
195	105
195	105
195	105
195	105
195	105
195	105
195	105
196	77
196	77
196	77
196	77
197	77
197	77
197	77
197	77
197	79
197	79
197	79
197	79
197	79
197	79
197	79
198	78
198	78
198	78
198	78
198	78
198	78
198	78
198	78
198	76
198	76
198	76
198	76
198	76
198	76
198	76
198	104
198	104
198	104
198	104
198	104
198	104
198	104
198	104
198	102
198	102
198	102
198	102
198	102
198	102
198	102
198	101
198	101
198	101
198	101
198	101
198	101
198	101
198	101
198	103
198	103
198	103
198	103
198	103
198	103
198	103
198	99
198	99
198	99
198	99
198	99
198	99
198	99
198	99
198	98
198	98
198	98
198	98
198	98
198	98
198	98
197	104
197	104
197	104
197	104
197	104
197	104
197	104
197	104
196	102
196	102
196	102
196	102
196	102
196	102
196	102
195	103
195	103
195	103
195	103
195	103
195	103
195	103
195	103
194	94
194	94
194	94
194	94
194	94
194	94
194	94
193	93
193	93
193	93
193	93
193	93
193	93
193	93
193	93
193	92
192	92
192	92
192	92
192	92
192	92
192	92
191	93
191	93
191	93
191	93
191	93
191	93
191	93
191	93
191	91
191	91
191	91
191	91
191	91
191	91
191	91
190	91
190	91
190	91
190	91
190	91
190	91
190	91
190	91
190	93
190	93
190	93
190	93
189	93
189	93
189	93
189	91
188	91
188	91
188	91
188	91
188	91
188	91
188	91
188	91
188	91
188	91
188	91
188	91
188	91
188	91
187	94
187	94
187	94
187	94
187	94
187	94
187	94
187	94
187	97
187	97
187	97
187	97
187	97
187	97
187	97
186	102
186	102
186	102
186	102
186	102
186	102
186	102
186	102
186	103
186	103
186	103
186	103
186	103
186	103
186	103
186	82
186	82
186	82
186	82
186	82
186	82
186	82
186	82
186	80
186	80
186	80
186	80
186	80
186	80
186	80
186	79
186	79
186	79
186	79
186	79
186	79
186	79
186	79
186	96
186	96
186	96
186	96
186	96
186	96
186	96
186	93
186	93
186	93
186	93
186	93
186	93
186	93
186	93
186	93
186	93
186	93
186	93
186	93
186	93
186	93
187	96
187	96
187	96
187	96
187	96
187	96
187	96
187	96
188	99
188	99
188	99
188	99
188	99
188	99
188	99
189	99
189	99
189	99
189	99
189	99
189	99
189	99
189	99
189	97
189	97
189	97
189	97
189	97
189	97
189	97
189	97
189	118
189	118
189	118
189	118
189	118
189	118
189	118
189	119
189	119
189	119
189	119
189	119
189	119
189	119
189	119
190	124
190	124
190	124
190	124
190	124
190	124
190	124
190	105
190	105
190	105
190	105
190	105
190	105
190	105
190	105
191	108
191	108
191	108
191	108
191	108
191	108
191	108
191	111
192	111
192	111
192	111
192	111
192	111
192	111
192	111
193	109
193	109
193	109
193	109
193	109
193	109
193	109
193	112
193	112
193	112
193	112
193	112
193	112
193	112
193	112
194	110
194	110
194	110
194	110
194	110
194	110
194	110
195	108
195	108
195	108
195	108
195	108
195	108
195	108
195	108
196	106
196	106
196	106
196	106
196	106
196	106
196	106
196	104
196	104
196	104
196	104
196	104
196	104
196	104
196	104
196	102
196	102
196	102
196	102
196	102
196	102
196	102
196	100
196	100
196	100
196	100
196	100
196	100
196	100
196	100
196	98
196	98
196	98
196	98
196	98
196	98
196	98
196	96
196	96
196	96
196	96
196	96
196	96
196	96
196	96
196	86
196	86
196	86
196	86
196	86
196	86
196	86
196	88
196	88
196	88
196	88
196	88
196	88
196	88
196	88
196	89
196	89
196	89
196	89
196	89
196	89
196	89
197	96
197	96
197	96
197	96
197	96
197	96
197	96
197	96
197	94
197	94
197	94
197	94
197	94
197	94
197	94
198	94
198	94
198	94
198	94
198	94
198	94
198	94
198	94
198	97
198	97
198	97
198	97
198	97
198	97
198	97
198	95
198	95
198	95
198	95
198	95
198	95
198	95
198	95
198	98
198	98
198	98
198	98
198	98
198	98
198	98
198	96
198	96
198	96
198	96
198	96
198	96
198	96
198	96
198	127
198	127
198	127
198	127
198	127
198	127
198	127
199	131
199	131
199	131
199	131
199	131
199	131
199	131
199	131
199	132
199	132
199	132
199	132
199	132
199	132
199	132
199	132
199	104
199	104
199	104
199	104
199	104
199	104
199	104
199	106
199	106
199	106
199	106
199	106
199	106
199	106
199	106
200	107
200	107
200	107
200	107
200	107
200	107
200	107
200	68
200	68
200	68
200	68
200	68
200	68
200	68
200	68
200	68
200	68
200	68
200	68
200	68
200	68
200	68
200	69
200	69
200	69
200	69
200	69
200	69
200	69
200	69
200	111
200	111
200	111
200	111
200	111
200	111
200	111
199	109
199	109
199	109
199	109
199	109
199	109
199	109
199	109
199	105
199	105
199	105
199	105
199	105
199	105
199	105
199	103
199	103
199	103
199	103
199	103
199	103
199	103
199	103
199	101
199	101
199	101
199	101
199	101
199	101
199	101
199	106
199	106
199	106
199	106
199	106
199	106
199	106
199	106
200	106
200	106
200	106
200	106
200	106
200	106
200	106
199	111
199	111
199	111
199	111
199	111
199	111
199	111
199	111
199	115
199	115
199	115
199	115
199	115
199	115
199	115
199	114
199	114
199	114
199	114
199	114
199	114
199	114
199	114
199	114
199	114
199	114
199	114
199	114
199	114
199	114
199	114
199	114
199	114
199	114
199	114
199	114
199	114
199	114
199	116
199	116
199	116
199	116
199	116
199	116
199	116
199	115
199	115
199	115
199	115
199	115
199	115
199	115
199	115
199	115
199	115
199	115
199	115
199	115
199	115
199	115
199	113
199	113
199	113
199	113
199	113
199	113
199	113
199	113
199	115
199	115
199	115
199	115
199	115
199	115
199	115
198	155
198	155
198	155
198	155
198	155
198	155
198	155
198	155
198	153
198	153
198	153
198	153
198	153
198	153
198	153
198	150
198	150
198	150
198	150
198	150
198	150
198	150
198	150
198	106
198	106
198	106
198	106
198	106
198	106
198	106
198	104
198	104
198	104
198	104
198	104
198	104
198	104
198	104
198	102
198	102
199	102
199	102
199	102
199	102
199	102
198	74
198	74
198	74
198	74
198	74
198	74
198	74
198	74
198	74
198	74
198	74
198	74
198	74
198	74
198	74
198	74
198	74
198	74
198	74
198	74
198	74
198	74
198	74
198	99
198	99
198	99
198	99
198	99
198	99
198	99
198	98
198	98
198	98
198	98
198	98
198	98
198	98
198	98
198	101
198	101
198	101
198	101
198	101
198	101
198	101
198	101
198	104
198	104
197	104
197	104
197	104
197	104
197	104
197	102
197	102
197	102
197	102
197	102
197	102
197	102
197	102
196	100
196	100
196	100
196	100
196	100
196	100
196	100
195	98
195	98
195	98
195	98
195	98
195	98
195	98
195	98
195	109
195	109
195	109
195	109
195	109
195	109
195	109
195	111
195	111
195	111
195	111
195	111
195	111
195	111
195	111
195	111
195	111
195	111
195	111
195	111
195	111
195	111
194	101
194	101
194	101
194	101
194	101
194	101
194	101
194	101
194	98
194	98
194	98
194	98
194	98
194	98
194	98
194	96
194	96
194	96
194	96
194	96
194	96
194	96
194	96
194	100
194	100
194	100
194	100
194	100
194	100
194	100
193	103
193	103
193	103
193	103
193	103
193	103
193	103
193	103
193	104
193	104
193	104
193	104
193	104
193	104
193	104
193	101
193	101
193	101
193	101
193	101
193	101
193	101
193	101
193	102
193	102
193	102
193	102
193	102
193	102
193	102
192	100
192	100
192	100
192	100
192	100
192	100
192	100
192	100
192	103
192	103
192	103
192	103
192	103
192	103
192	103
191	101
191	101
191	101
191	101
191	101
191	101
191	101
191	101
190	97
190	97
190	97
190	97
190	97
190	97
190	97
191	96
191	96
191	96
191	96
191	96
191	96
191	96
191	96
192	79
192	79
192	79
192	79
192	79
193	79
193	79
193	77
193	77
193	77
193	77
193	77
193	77
193	77
193	77
195	76
195	76
195	76
195	76
195	76
195	76
195	76
195	94
195	94
195	94
195	94
195	94
195	94
195	94
195	94
196	99
196	99
196	99
196	99
196	99
196	99
196	99
197	99
197	99
197	99
197	99
197	99
197	99
197	99
197	99
197	101
197	101
197	101
197	101
197	101
197	101
197	101
198	104
198	104
198	104
198	104
198	104
198	104
198	104
198	104
198	101
198	101
198	101
198	101
198	101
198	101
198	101
198	103
198	103
198	103
198	103
198	103
198	103
198	103
198	103
197	127
197	127
197	127
197	127
197	127
197	127
197	127
198	125
198	125
198	125
198	125
198	125
198	125
198	125
199	125
198	127
198	127
198	127
198	127
198	127
198	127
198	127
198	127
198	101
198	101
198	101
198	101
198	101
198	101
198	101
198	102
198	102
198	102
198	102
198	102
198	102
198	102
198	102
198	103
198	103
198	103
198	103
198	103
198	103
198	103
198	104
198	104
198	104
198	104
198	104
198	104
198	104
198	104
198	103
198	103
198	103
198	103
198	103
198	103
198	103
198	106
198	106
198	106
198	106
198	106
198	106
198	106
198	106
198	107
198	107
198	107
198	107
198	107
198	107
198	107
198	107
198	107
198	107
198	107
198	107
198	107
198	107
198	107
197	105
197	105
197	105
197	105
197	105
197	105
197	105
196	103
196	103
196	103
196	103
196	103
196	103
196	103
196	103
