86	0
86	0
86	0
86	0
86	0
86	0
85	0
85	0
85	0
85	0
85	0
85	0
86	0
86	0
86	0
86	0
86	0
86	0
86	0
86	0
86	0
86	0
86	0
86	0
86	0
86	0
86	0
86	0
86	0
86	65
86	65
86	65
86	65
86	65
86	0
86	0
86	0
86	0
86	0
86	0
86	0
86	0
87	0
87	0
87	0
87	0
88	0
88	0
88	0
88	0
88	59
88	59
88	59
88	59
88	59
88	59
88	59
88	59
88	81
88	81
88	81
88	81
88	81
88	81
88	81
89	82
89	82
89	82
89	82
89	82
89	82
89	82
89	82
88	83
88	83
88	83
88	83
88	83
88	83
88	83
88	83
85	84
85	84
85	84
85	84
85	84
85	84
85	84
87	86
87	86
87	86
87	86
87	86
87	86
87	86
87	86
87	84
87	84
87	84
87	84
87	84
87	84
87	84
87	84
89	82
89	82
89	82
89	82
89	82
89	82
89	82
90	82
90	82
90	82
90	82
90	82
90	82
90	82
90	82
90	82
90	82
90	82
90	82
91	82
91	82
91	82
91	82
92	85
92	85
92	85
92	85
92	85
92	85
92	85
92	85
94	89
94	89
94	89
94	89
94	89
94	89
94	89
95	89
95	89
95	89
95	89
95	89
95	89
95	89
95	89
93	87
93	87
93	87
93	87
93	87
93	87
93	87
93	87
92	85
92	85
92	85
92	85
92	85
92	85
92	85
92	88
92	88
92	88
92	88
92	88
92	88
92	88
92	88
92	86
92	86
92	86
92	86
92	86
92	86
92	86
92	86
92	89
92	89
92	89
92	89
92	89
92	89
92	89
92	89
93	92
93	92
93	92
93	92
93	92
93	92
93	92
94	95
94	95
94	95
94	95
95	95
95	95
95	95
95	95
96	98
96	98
96	98
96	98
96	98
96	98
96	98
96	98
96	102
96	102
96	102
96	102
96	102
96	102
96	102
97	105
97	105
97	105
97	105
97	105
97	105
97	105
97	105
97	108
97	108
97	108
97	108
97	108
97	108
97	108
97	108
97	108
97	108
97	108
97	108
97	108
97	108
97	108
96	108
96	108
96	108
96	108
96	108
96	108
96	108
96	108
96	106
96	106
96	106
96	106
96	106
96	106
96	106
97	106
97	104
97	104
97	104
97	104
97	104
97	104
97	104
97	104
98	107
98	107
98	107
98	107
98	107
98	107
98	107
99	105
99	105
99	105
99	105
99	105
99	105
99	105
99	105
99	103
99	103
99	103
99	103
99	103
99	103
99	103
99	103
100	103
100	103
100	103
100	103
100	103
100	103
100	103
99	103
99	103
99	103
99	103
99	103
99	103
99	103
99	103
99	103
99	103
99	103
99	103
99	103
99	103
99	103
99	103
99	106
99	106
99	106
99	106
99	106
99	106
99	106
99	104
99	104
99	104
99	104
99	104
99	104
99	104
99	104
99	107
99	107
99	107
99	107
99	107
99	107
99	107
99	107
100	110
100	110
100	110
100	110
100	110
100	110
100	110
100	110
100	113
100	113
100	113
100	113
100	113
100	113
100	113
101	111
101	111
101	111
101	111
101	111
101	111
101	111
101	111
102	109
102	109
102	109
102	109
102	109
102	109
102	109
102	109
102	107
102	107
102	107
102	107
102	107
102	107
102	107
102	111
101	111
101	111
101	111
101	111
101	111
101	111
101	111
101	109
101	109
101	109
101	109
101	109
101	109
101	109
101	109
101	113
101	113
101	113
101	113
101	113
101	113
101	113
101	113
102	113
102	113
102	113
102	113
102	113
102	113
102	113
103	112
103	112
103	112
103	112
103	112
103	112
103	112
104	112
104	110
104	110
104	110
104	110
104	110
104	110
104	110
104	110
104	108
104	108
104	108
104	108
104	108
104	108
104	108
106	110
106	110
106	110
106	110
106	110
106	110
106	110
106	110
107	109
107	109
107	109
107	109
107	109
107	109
107	109
107	109
109	107
109	107
109	107
109	107
109	107
109	107
109	107
109	108
108	108
108	108
108	108
108	108
108	108
108	108
108	108
109	107
109	107
109	107
109	107
109	107
109	107
109	107
109	107
108	107
108	107
108	107
108	107
108	107
108	107
108	107
108	107
108	105
108	105
108	105
108	105
108	105
108	105
108	105
107	101
107	101
107	101
107	101
107	101
107	101
107	101
106	101
106	101
106	101
106	101
106	101
106	101
106	101
106	101
106	101
106	101
106	101
106	101
106	101
106	101
106	101
106	101
105	101
105	101
105	101
105	101
105	101
105	101
105	101
105	101
105	100
105	100
105	100
105	100
105	100
105	100
105	100
105	100
104	97
104	97
104	97
104	97
104	97
104	97
104	97
104	100
104	100
104	100
104	100
104	100
104	100
104	100
104	100
104	98
104	98
104	98
104	98
104	98
104	98
104	98
104	98
104	96
104	96
105	96
105	96
105	96
105	96
105	96
105	96
104	96
104	96
104	96
104	96
104	96
104	96
104	96
104	95
104	95
104	95
104	95
104	95
104	95
104	95
105	95
105	96
105	96
105	96
105	96
105	96
105	96
105	96
105	96
106	98
106	98
106	98
106	98
106	98
106	98
106	98
105	99
105	99
105	99
105	99
105	99
105	99
105	99
105	99
105	99
105	99
105	99
105	99
105	99
105	99
105	99
105	99
104	99
104	99
104	99
104	99
104	99
104	99
104	99
103	99
103	99
102	99
102	99
102	99
102	99
102	99
102	99
102	98
102	98
102	98
102	98
102	98
102	98
102	98
102	98
102	97
102	97
102	97
102	97
102	97
102	97
102	97
102	97
102	97
102	97
102	97
102	97
102	97
102	97
102	97
102	96
102	96
102	96
102	96
102	96
102	96
102	96
103	96
103	96
103	96
103	96
103	96
103	96
103	96
103	96
103	96
102	94
102	94
102	94
102	94
102	94
102	94
102	94
102	92
102	92
102	92
102	92
102	92
102	92
102	92
102	92
102	90
102	90
102	90
102	90
102	90
102	90
102	90
102	90
100	88
100	88
100	88
100	88
100	88
100	88
100	88
100	88
100	91
100	91
100	91
100	91
100	91
100	91
100	91
101	94
101	94
101	94
101	94
101	94
101	94
101	94
101	94
101	97
101	97
101	97
101	97
101	97
101	97
101	97
101	97
101	102
101	102
101	102
101	102
101	102
101	102
101	102
101	100
101	100
101	100
101	100
101	100
101	100
101	100
101	100
101	98
101	98
101	98
101	98
101	98
101	98
101	98
101	98
101	96
101	96
101	96
101	96
101	96
101	96
101	96
102	97
102	97
102	97
101	97
101	97
101	97
101	97
101	97
102	95
102	95
102	95
102	95
102	95
102	95
102	95
102	95
102	93
102	93
102	93
102	93
102	93
102	93
102	93
102	93
101	93
101	93
101	93
101	93
101	93
101	93
101	93
102	93
102	93
102	93
102	93
102	93
102	93
102	93
102	93
101	92
101	92
101	92
101	92
101	92
101	92
101	92
101	92
101	94
101	94
101	94
101	94
101	94
101	94
101	94
101	96
101	96
101	96
101	96
101	96
101	96
101	96
101	96
101	97
101	97
101	97
101	97
101	97
101	97
101	97
101	97
101	97
101	97
101	97
101	97
101	97
101	97
101	97
102	95
102	95
102	95
102	95
102	95
102	95
102	95
102	95
101	93
101	93
101	93
101	93
101	93
101	93
101	93
101	93
101	91
101	91
101	91
101	91
101	91
101	91
101	91
102	91
102	94
102	94
102	94
102	94
102	94
102	94
102	94
103	97
103	97
103	97
103	97
103	97
103	97
103	97
103	97
102	95
102	95
102	95
102	95
102	95
102	95
102	95
102	95
102	93
102	93
102	93
102	93
102	93
102	93
102	93
101	91
101	91
101	91
101	91
101	91
101	91
101	91
101	91
101	89
101	89
101	89
101	89
101	89
101	89
101	89
101	89
101	92
101	92
101	92
101	92
101	92
101	92
101	92
101	90
101	90
101	90
101	90
101	90
101	90
101	90
101	90
101	88
101	88
101	88
101	88
101	88
101	88
101	88
101	88
101	86
101	86
101	86
101	86
101	86
101	86
101	86
101	86
100	87
100	87
100	87
100	87
100	87
100	87
100	87
99	90
99	90
99	90
99	90
99	90
99	90
99	90
99	90
97	88
97	88
97	88
97	88
97	88
97	88
97	88
97	88
97	86
97	86
97	86
97	86
97	86
97	86
97	86
97	89
97	89
97	89
97	89
97	89
97	89
97	89
97	89
97	87
97	87
97	87
97	87
97	87
97	87
97	87
97	87
98	85
98	85
98	85
98	85
98	85
98	85
98	85
98	83
98	83
98	83
98	83
98	83
98	83
98	83
98	83
98	81
98	81
98	81
98	81
98	81
98	81
98	81
98	81
98	82
98	82
98	82
98	82
98	82
98	82
98	82
97	82
97	81
98	81
98	81
98	81
98	81
98	81
98	81
97	84
97	84
97	84
97	84
97	84
97	84
97	84
97	84
98	86
98	86
98	86
98	86
98	86
98	86
98	86
98	86
98	84
98	84
98	84
98	84
98	84
98	84
98	84
99	85
99	85
99	85
99	85
99	85
99	85
99	85
100	85
100	83
100	83
100	83
100	83
100	83
100	83
100	83
100	83
102	86
102	86
102	86
102	86
102	86
102	86
102	86
102	89
102	89
102	89
102	89
102	89
102	89
102	89
102	89
103	92
103	92
103	92
103	92
103	92
103	92
103	92
103	92
103	95
103	95
103	95
103	95
103	95
103	95
103	95
102	95
102	100
103	100
103	100
103	100
103	100
103	100
103	100
102	98
102	98
102	98
102	98
102	98
102	98
102	98
102	98
102	99
102	99
102	99
102	99
102	99
102	99
102	99
102	99
101	99
101	99
101	99
101	99
101	99
101	99
101	99
101	98
101	98
101	98
101	98
101	98
101	98
101	98
101	98
101	99
101	99
101	99
101	99
101	99
101	99
101	99
101	99
102	99
102	99
102	99
102	99
102	99
102	99
102	99
102	100
102	100
102	100
102	100
103	100
103	100
103	100
103	100
103	100
103	100
103	100
103	100
103	100
103	100
103	100
103	100
104	99
104	99
104	99
104	99
104	99
104	99
104	99
104	99
104	97
104	97
104	97
104	97
104	97
104	97
104	97
104	99
104	99
104	99
104	99
104	99
104	99
104	99
104	99
104	97
104	97
103	97
103	97
103	97
103	97
103	97
103	97
102	97
102	97
102	97
102	97
102	97
102	97
102	97
102	95
102	95
102	95
102	95
102	95
102	95
102	95
102	95
102	93
102	93
102	93
102	93
102	93
102	93
102	93
102	93
102	91
102	91
102	91
102	91
102	91
102	91
102	91
102	89
102	89
102	89
102	89
102	89
102	89
102	89
102	89
101	92
101	92
101	92
101	92
101	92
101	92
101	92
101	92
101	95
101	95
101	95
101	95
101	95
101	95
101	95
100	95
100	98
101	98
101	98
101	98
101	98
101	98
101	98
100	100
100	100
100	100
100	100
100	100
100	100
100	100
100	100
100	99
100	99
100	99
100	99
100	99
100	99
100	99
100	99
100	97
100	97
100	97
100	97
100	97
100	97
100	97
99	97
99	97
99	97
99	97
99	97
99	97
99	97
100	97
100	97
100	97
100	97
100	97
100	97
100	97
100	97
100	97
101	97
101	97
101	97
101	97
101	97
101	97
101	97
101	97
101	97
101	97
101	97
101	97
101	97
101	97
101	97
101	97
101	97
101	97
101	97
101	97
101	97
101	97
101	97
101	100
101	100
101	100
101	100
101	100
101	100
100	100
100	100
100	98
100	98
100	98
100	98
100	98
100	98
100	98
99	96
99	96
99	96
99	96
99	96
99	96
99	96
99	96
99	94
99	94
99	94
99	94
98	94
98	94
98	94
98	94
98	95
98	95
98	95
98	95
98	95
98	95
98	95
98	99
98	99
98	99
98	99
98	99
98	99
98	99
98	99
99	100
99	100
99	100
99	100
99	100
99	100
99	100
99	100
100	100
100	100
100	100
100	100
100	100
100	100
100	100
101	98
101	98
101	98
101	98
101	98
101	98
101	98
101	98
101	96
101	96
101	96
101	96
101	96
101	96
101	96
101	96
100	98
100	98
100	98
100	98
100	98
100	98
100	98
100	98
100	98
100	98
100	98
100	98
100	98
100	98
100	98
100	97
100	97
100	97
100	97
100	97
100	97
100	97
100	97
100	95
100	95
100	95
100	95
100	95
100	95
100	95
100	95
100	93
100	93
100	93
100	93
100	93
100	93
100	93
101	97
101	97
101	97
101	97
101	97
101	97
101	97
101	97
101	98
101	98
101	98
101	98
101	98
101	98
101	98
101	98
101	98
101	98
101	98
101	98
101	98
101	98
101	98
101	98
100	98
100	98
100	98
100	98
100	98
100	98
100	98
101	99
101	99
101	99
101	99
101	99
101	99
101	99
101	99
101	99
101	99
101	99
101	99
101	99
101	99
101	99
100	99
100	98
101	98
101	98
101	98
101	98
101	98
101	98
101	98
101	98
101	98
101	98
101	98
101	98
101	98
101	98
102	98
102	98
102	98
102	98
102	98
102	98
102	98
102	98
103	98
103	98
103	98
103	98
103	98
103	98
103	98
103	98
103	98
103	98
103	98
103	98
103	98
103	98
104	98
104	98
103	98
103	98
103	98
103	98
103	98
103	98
103	98
102	99
102	99
102	99
102	99
102	99
102	99
102	99
102	99
102	97
102	97
102	97
102	97
102	97
102	97
102	97
100	99
100	99
100	99
100	99
100	99
100	99
100	99
100	99
100	98
100	98
100	98
100	98
100	98
100	98
100	98
100	98
100	98
100	98
100	98
100	98
100	98
100	98
100	98
100	98
100	98
100	98
100	98
100	98
100	98
100	98
100	98
100	97
100	97
100	97
100	97
99	97
99	97
99	97
99	97
100	95
100	95
100	95
100	95
100	95
100	95
100	95
100	93
100	93
100	93
100	93
100	93
100	93
100	93
100	93
99	91
99	91
99	91
99	91
99	91
99	91
99	91
99	91
100	94
100	94
100	94
100	94
100	94
100	94
100	94
100	94
100	98
100	98
100	98
100	98
100	98
100	98
100	98
101	98
101	98
101	98
101	98
101	98
101	98
101	98
101	98
102	99
102	99
102	99
102	99
102	99
102	99
102	99
102	99
102	97
102	97
102	97
102	97
102	97
102	97
102	97
103	100
103	100
103	100
103	100
103	100
103	100
103	100
103	100
103	99
103	99
103	99
103	99
103	99
103	99
103	99
103	99
103	99
103	99
103	99
103	99
103	99
103	99
103	99
104	99
104	99
104	99
104	99
104	99
104	99
104	99
106	99
106	99
106	99
106	99
106	99
106	99
106	99
106	99
106	99
108	99
108	99
108	99
108	99
108	99
108	99
108	99
108	99
108	100
108	100
108	100
108	100
108	100
108	100
108	100
111	101
111	101
111	101
111	101
111	101
111	101
111	101
111	101
111	102
111	102
111	102
111	102
111	102
111	102
111	102
109	102
109	103
107	103
107	103
107	103
107	103
107	103
107	103
106	102
106	102
106	102
106	102
106	102
106	102
106	102
106	102
105	103
105	103
105	103
105	103
105	103
105	103
105	103
105	103
105	106
105	106
105	106
105	106
105	106
105	106
105	106
106	104
106	104
106	104
106	104
106	104
106	104
106	104
107	104
107	104
107	104
107	104
107	104
107	104
107	104
107	104
107	104
109	102
109	102
109	102
109	102
109	102
109	102
109	102
109	102
110	100
110	100
110	100
110	100
111	100
111	100
111	100
108	101
108	101
108	101
108	101
108	101
108	101
108	101
108	101
106	100
106	100
106	100
106	100
106	100
106	100
106	100
106	100
103	99
103	99
103	99
103	99
103	99
103	99
103	99
100	99
100	99
100	99
100	99
100	99
100	99
100	99
100	99
98	98
98	98
97	98
97	98
97	98
97	98
97	98
97	98
97	97
97	97
97	97
97	97
97	97
97	97
97	97
98	97
98	97
98	97
98	97
98	97
98	97
98	97
98	97
98	96
102	96
102	96
102	96
102	96
102	96
102	96
102	96
102	97
102	97
102	97
102	97
102	97
102	97
102	97
102	97
102	98
102	98
102	98
102	98
102	98
102	98
102	98
101	97
101	97
101	97
101	97
101	97
101	97
101	97
101	97
98	97
98	97
98	97
98	97
98	97
98	97
98	97
98	97
98	97
99	97
99	97
99	97
99	97
99	97
99	97
99	98
99	98
99	98
99	98
99	98
99	98
99	98
99	98
99	98
99	98
99	98
99	98
99	98
99	98
99	98
99	98
100	99
100	99
100	99
100	99
100	99
100	99
100	99
103	99
103	99
103	99
103	99
103	99
103	99
103	99
104	99
104	100
104	100
104	100
104	100
104	100
104	100
104	100
104	100
104	100
104	100
104	100
104	100
104	100
104	100
104	100
104	100
102	100
102	100
102	100
102	100
102	100
102	100
102	100
101	100
101	100
101	100
101	100
101	100
101	100
101	100
101	100
101	99
101	99
101	99
101	99
101	99
101	99
100	99
100	99
100	99
100	99
100	99
100	99
100	99
100	99
100	99
100	99
100	99
100	99
100	99
100	99
100	99
100	99
100	99
100	99
100	99
100	99
100	99
99	99
99	99
99	99
99	99
98	99
98	99
98	99
98	99
98	99
98	99
98	99
96	98
96	98
96	98
96	98
96	98
96	98
96	98
96	98
95	98
95	98
95	98
95	98
95	98
95	98
95	98
95	98
95	98
95	98
95	98
95	98
95	98
95	98
95	98
95	98
95	97
95	97
95	97
95	97
95	97
95	97
95	97
96	97
96	97
96	97
96	97
96	97
96	97
96	97
96	97
97	96
97	96
97	96
97	96
97	96
97	96
97	96
97	96
99	97
99	97
99	97
99	97
99	97
99	97
99	97
99	95
99	95
99	95
99	95
99	95
99	95
99	95
99	95
99	97
99	97
99	97
99	97
99	97
99	97
99	97
99	97
95	95
95	95
95	95
95	95
95	95
95	95
95	95
94	93
94	93
94	93
94	93
94	93
94	93
94	93
93	93
93	96
93	96
93	96
93	96
93	96
93	96
93	96
93	96
94	94
94	94
94	94
94	94
94	94
94	94
94	94
94	94
95	96
95	96
95	96
95	96
95	96
95	96
95	96
97	94
97	94
97	94
97	94
97	94
97	94
97	94
97	94
97	92
97	92
97	92
97	92
97	92
97	92
97	92
98	92
98	95
97	95
97	95
97	95
97	95
97	95
97	95
96	95
96	95
96	95
96	95
96	95
96	95
96	95
96	95
96	93
96	93
96	93
96	93
96	93
96	93
96	93
96	93
96	91
96	91
96	91
96	91
96	91
96	91
96	91
96	89
96	89
96	89
96	89
96	89
96	89
96	89
97	89
97	86
98	86
98	86
98	86
98	86
98	86
98	86
98	86
98	89
98	89
98	89
98	89
98	89
98	89
98	89
98	89
99	87
99	87
99	87
99	87
99	87
99	87
99	87
101	86
101	86
101	86
101	86
101	86
101	86
101	86
101	86
101	85
101	85
101	85
101	85
101	85
101	85
101	85
101	85
101	88
101	88
101	88
101	88
101	88
101	88
101	88
101	90
101	90
101	90
101	90
101	90
101	90
101	90
101	90
103	92
103	92
103	92
103	92
103	92
103	92
103	92
103	92
104	92
104	92
104	92
104	92
104	92
104	92
104	92
105	93
105	93
105	93
105	93
105	93
105	93
105	93
105	93
106	93
106	93
106	93
106	93
106	93
106	93
106	93
106	93
106	94
106	94
106	94
106	94
106	94
106	94
106	94
106	94
106	95
106	95
106	95
106	95
107	95
107	95
107	95
108	93
108	93
108	93
108	93
108	93
108	93
108	93
108	93
108	93
108	93
108	93
108	93
108	93
108	93
108	93
109	93
109	97
110	97
110	97
110	97
110	97
110	97
110	97
110	100
110	100
110	100
110	100
110	100
110	100
110	100
110	100
109	103
109	103
109	103
109	103
109	103
109	103
109	103
109	103
109	99
109	99
109	99
109	99
109	99
109	99
109	99
108	102
108	102
108	102
108	102
108	102
108	102
108	102
109	102
109	105
109	105
109	105
109	105
109	105
109	105
109	105
109	105
109	105
109	105
109	105
109	105
109	105
109	105
109	105
110	106
110	106
110	106
110	106
110	106
110	106
110	106
110	106
111	104
111	104
111	104
111	104
111	104
111	104
111	104
111	104
112	100
112	100
112	100
112	100
112	100
112	100
112	100
113	100
113	98
115	98
115	98
115	98
115	98
115	98
115	98
117	103
117	103
117	103
117	103
117	103
117	103
117	103
117	103
116	107
116	107
116	107
116	107
116	107
116	107
116	107
116	107
114	105
114	105
114	105
114	105
114	105
114	105
114	105
114	108
114	108
114	108
114	108
114	108
114	108
114	108
112	108
112	112
112	112
112	112
112	112
112	112
112	112
112	112
112	112
111	112
111	112
111	112
111	112
111	112
111	112
111	112
111	115
111	115
111	115
111	115
111	115
111	115
111	115
111	115
112	118
112	118
112	118
112	118
112	118
112	118
112	118
112	118
112	116
112	116
112	116
112	116
112	116
112	116
112	116
112	116
111	120
111	120
111	120
111	120
111	120
111	120
111	120
111	121
111	121
111	121
111	121
111	121
111	121
111	121
111	121
112	121
112	121
112	121
112	121
112	121
112	121
112	121
112	121
112	120
112	120
112	120
112	120
112	120
112	120
112	120
112	123
112	123
112	123
112	123
112	123
112	123
112	123
112	123
112	121
112	121
112	121
112	121
112	121
112	121
112	121
112	121
111	119
111	119
111	119
111	119
111	119
111	119
111	119
112	117
112	117
112	117
112	117
112	117
112	117
112	117
112	117
112	120
112	120
112	120
112	120
112	120
112	120
112	120
112	120
113	119
113	119
113	119
113	119
113	119
113	119
113	119
113	119
113	119
115	119
115	119
115	119
115	119
115	119
115	119
115	117
115	117
115	117
115	117
115	117
115	117
115	117
115	117
116	115
116	115
116	115
116	115
116	115
116	115
116	115
116	115
116	113
116	113
116	113
116	113
116	113
116	113
116	113
115	111
115	111
115	111
115	111
115	111
115	111
115	111
115	111
115	109
115	109
115	109
115	109
115	109
115	109
115	109
115	109
115	112
115	112
115	112
115	112
115	112
115	112
115	112
114	110
114	110
114	110
114	110
114	110
114	110
114	110
114	110
114	108
114	108
114	108
114	108
114	108
114	108
114	108
114	108
114	106
114	106
114	106
114	106
114	106
114	106
114	106
114	106
114	106
114	106
114	106
114	106
114	106
114	106
114	106
114	104
114	104
114	104
114	104
114	104
114	104
114	104
114	104
114	102
114	102
114	102
114	102
115	102
115	102
115	102
115	102
115	98
115	98
115	98
115	98
115	98
115	98
115	98
115	96
115	96
115	96
115	96
115	96
115	96
115	96
115	96
116	97
116	97
116	97
116	97
116	97
116	97
116	97
116	97
117	98
117	98
117	98
117	98
117	98
117	98
117	98
117	103
117	103
117	103
117	103
118	103
118	103
118	103
118	103
118	101
118	101
118	101
118	101
118	101
118	101
118	101
118	101
118	99
118	99
118	99
118	99
118	99
118	99
118	99
117	104
117	104
117	104
117	104
117	104
117	104
117	104
117	104
116	102
116	102
116	102
116	102
116	102
116	102
116	102
116	102
115	99
115	99
115	99
115	99
115	99
115	99
115	99
115	99
115	97
115	97
115	97
115	97
115	97
115	97
115	97
116	93
116	93
116	93
116	93
116	93
116	93
116	93
117	93
117	96
118	96
118	96
118	96
118	96
118	96
118	96
118	96
118	92
118	92
118	92
118	92
118	92
118	92
118	92
119	90
119	90
119	90
119	90
119	90
119	90
119	90
119	90
119	92
119	92
119	92
119	92
119	92
119	92
119	92
119	92
119	95
119	95
119	95
119	95
119	95
119	95
119	95
119	92
119	92
119	92
119	92
119	92
119	92
119	92
119	92
118	95
118	95
118	95
118	95
118	95
118	95
118	95
118	95
118	98
118	98
118	98
118	98
118	98
118	98
118	98
118	98
117	98
117	98
117	98
117	98
117	98
117	98
117	98
117	96
117	96
117	96
117	96
117	96
117	96
117	96
117	96
117	99
116	99
116	99
116	99
116	99
116	99
116	99
116	99
116	97
116	97
116	97
116	97
116	97
116	97
116	97
117	95
117	95
117	95
117	95
117	95
117	95
117	95
117	95
118	100
118	100
118	100
118	100
118	100
118	100
118	100
118	100
119	98
119	98
119	98
119	98
119	98
119	98
119	98
120	96
120	96
120	96
120	96
120	96
120	96
120	96
120	96
121	99
121	99
121	99
121	99
121	99
121	99
121	99
121	99
121	97
121	97
121	97
121	97
120	97
120	97
120	97
120	97
119	100
119	100
119	100
119	100
119	100
119	100
119	100
118	104
118	104
118	104
118	104
118	104
118	104
118	104
118	104
116	102
116	102
116	102
116	102
116	102
116	102
116	102
116	102
114	104
114	104
114	104
114	104
114	104
114	104
114	104
114	107
114	107
114	107
114	107
114	107
114	107
114	107
114	107
114	105
114	105
114	105
114	105
114	105
114	105
114	105
114	105
114	108
114	108
114	108
114	108
114	108
114	108
114	108
114	106
115	106
115	106
115	106
115	106
115	106
115	106
115	106
115	111
115	111
115	111
115	111
115	111
115	111
115	111
115	111
116	114
116	114
116	114
116	114
116	114
116	114
116	114
116	117
116	117
116	117
116	117
116	117
116	117
116	117
116	117
117	116
117	116
117	116
117	116
117	116
117	116
117	116
117	116
117	116
117	116
117	116
117	116
117	116
117	116
117	116
117	116
117	114
117	114
117	114
117	114
117	114
117	114
117	114
117	114
117	114
117	114
117	114
117	114
117	114
117	114
117	114
117	112
117	112
117	112
117	112
117	112
117	112
117	112
117	112
117	113
117	113
117	113
117	113
117	113
117	113
117	113
118	116
118	116
118	116
118	116
118	116
118	116
118	116
118	116
119	114
119	114
119	114
119	114
119	114
119	114
119	114
119	114
119	118
119	118
119	118
119	118
119	118
119	118
119	118
119	118
119	118
119	118
119	118
119	118
119	118
119	118
119	118
119	116
119	116
119	116
119	116
119	116
119	116
119	116
119	116
119	114
119	114
119	114
119	114
119	114
119	114
119	114
119	114
119	112
119	112
119	112
119	112
119	112
119	112
119	112
119	110
119	110
119	110
119	110
119	110
119	110
119	110
119	110
119	114
119	114
119	114
119	114
119	114
119	114
119	114
119	114
119	117
119	117
119	117
119	117
119	117
119	117
119	117
119	120
119	120
119	120
119	120
119	120
119	120
119	120
119	120
119	119
119	119
119	119
119	119
119	119
119	119
119	119
119	119
119	119
119	119
119	119
119	119
119	119
119	119
119	119
120	119
120	119
120	119
120	119
120	119
120	119
120	119
120	119
121	119
121	119
121	119
121	119
121	119
121	119
121	119
121	119
121	119
121	119
121	119
121	119
121	119
121	119
121	119
120	118
120	118
120	118
120	118
120	118
120	118
120	118
120	118
121	118
121	118
121	118
121	118
121	118
121	118
121	118
121	118
121	119
121	119
121	119
121	119
121	119
121	119
121	119
121	119
121	119
121	119
121	119
121	119
121	119
121	119
121	119
121	119
121	119
121	119
121	119
121	119
121	119
121	119
121	119
121	119
121	119
121	119
121	119
121	119
121	119
121	119
121	119
120	120
120	120
120	120
120	120
120	120
120	120
120	120
120	121
120	121
120	121
120	121
120	121
120	121
120	121
120	121
120	119
120	119
120	119
120	119
120	119
120	119
119	119
119	119
119	117
118	117
118	117
118	117
118	117
118	117
118	117
118	115
118	115
118	115
118	115
118	115
118	115
118	115
118	115
117	113
117	113
117	113
117	113
117	113
117	113
117	113
117	113
117	116
117	116
117	116
117	116
117	116
117	116
117	116
117	116
118	117
118	117
118	117
118	117
118	117
118	117
118	117
118	118
118	118
118	118
118	118
118	118
118	118
118	118
118	118
118	118
118	118
118	118
118	118
118	118
118	118
118	118
118	118
118	116
118	116
118	116
118	116
118	116
118	116
118	116
119	114
119	114
119	114
119	114
119	114
119	114
119	114
119	114
119	118
119	118
119	118
119	118
119	118
119	118
119	118
119	118
119	118
119	118
119	118
119	118
119	118
119	118
119	118
120	120
120	120
120	120
120	120
120	120
120	120
120	120
120	120
120	120
120	120
120	120
120	120
120	120
120	120
120	120
120	120
120	118
120	118
120	118
120	118
120	118
120	118
120	118
120	121
120	121
120	121
120	121
120	121
120	121
120	121
120	121
121	124
121	124
121	124
121	124
121	124
121	124
121	124
121	124
123	122
123	122
123	122
123	122
123	122
123	122
123	122
123	122
124	120
124	120
124	120
124	120
124	120
124	120
124	120
125	118
125	118
125	118
125	118
125	118
125	118
125	118
125	118
124	121
124	121
124	121
124	121
124	121
124	121
124	121
124	121
124	119
124	119
124	119
124	119
124	119
124	119
124	119
124	119
124	119
124	119
124	119
124	119
124	119
124	119
124	119
124	119
124	119
124	119
124	119
124	119
124	119
124	119
124	119
124	119
124	119
124	119
124	119
124	119
124	119
124	119
124	119
124	119
124	119
124	119
124	119
124	119
124	119
123	119
123	119
123	119
123	119
123	119
123	119
123	119
123	119
123	119
122	119
122	119
122	119
122	119
122	119
122	119
122	119
122	119
121	119
121	119
121	119
121	119
121	119
121	119
121	119
121	119
121	119
121	119
121	119
121	119
121	119
121	119
121	119
120	119
120	119
120	119
120	119
120	119
120	119
120	119
120	119
119	119
119	119
119	119
119	119
119	119
119	119
119	119
120	119
120	119
120	119
120	119
120	119
120	119
120	119
120	119
121	119
121	119
121	119
121	119
121	119
121	119
121	119
121	119
121	119
121	119
121	119
121	119
121	119
121	119
121	119
122	119
122	119
122	119
122	119
122	119
122	119
122	119
122	119
123	120
123	120
123	120
123	120
123	120
123	120
123	120
123	120
123	119
123	119
123	119
123	119
123	119
123	119
123	119
124	119
124	119
124	119
124	119
123	119
123	119
123	119
123	119
124	119
124	119
124	119
124	119
124	119
124	119
124	119
124	119
123	120
123	120
123	120
123	120
123	120
123	120
123	120
123	120
123	119
123	119
123	119
123	119
123	119
123	119
123	119
123	119
123	119
123	119
123	119
123	119
123	119
123	119
123	119
124	119
124	119
124	119
124	119
124	119
124	119
124	119
124	119
125	120
125	120
125	120
125	120
125	120
125	120
125	120
125	120
125	120
125	120
125	120
125	120
125	120
125	120
125	120
125	119
124	119
124	119
124	119
124	119
124	119
124	119
124	119
124	119
124	119
124	119
124	119
124	119
124	119
124	119
123	120
123	120
123	120
123	120
123	120
123	120
123	120
123	120
123	120
123	120
123	120
123	120
123	120
123	120
123	120
123	120
122	120
122	120
122	120
122	120
122	120
122	120
122	120
122	120
122	120
122	120
122	120
122	120
122	120
122	120
122	120
123	120
123	120
123	120
123	120
123	120
123	120
123	120
123	120
123	120
123	120
123	120
123	120
123	120
123	120
123	120
123	120
122	119
122	119
122	119
122	119
122	119
122	119
122	119
122	119
122	119
122	119
122	119
122	119
122	119
122	119
122	119
122	119
122	119
122	119
122	119
122	119
122	119
122	119
122	119
122	119
122	119
122	119
122	119
122	119
122	119
122	119
122	119
122	119
122	119
122	119
122	119
122	119
122	119
122	119
122	119
122	119
122	119
122	119
122	119
122	119
122	119
122	119
122	119
122	119
122	119
122	119
122	119
122	119
122	119
122	119
122	119
122	119
122	119
122	119
122	119
122	119
122	119
122	119
122	119
122	119
122	119
122	119
122	119
122	119
122	119
122	119
122	119
122	119
122	119
121	119
121	119
121	119
122	119
122	119
122	119
122	119
122	119
122	119
122	119
122	119
121	119
121	119
121	119
121	119
121	119
121	119
121	119
121	119
121	119
121	119
121	119
121	119
121	119
121	119
121	119
121	119
121	120
121	120
121	120
121	120
121	120
121	120
121	120
121	120
121	120
121	120
121	120
121	120
121	120
121	120
121	120
122	119
122	119
122	119
122	119
122	119
122	119
122	119
122	119
122	119
122	119
122	119
122	119
122	119
122	119
122	119
123	120
124	120
124	120
124	120
124	120
124	120
124	120
124	120
124	118
124	118
124	118
124	118
124	118
124	118
124	118
124	118
124	119
124	119
124	119
124	119
124	119
124	119
124	119
123	118
123	118
123	118
123	118
123	118
123	118
123	118
123	118
121	119
121	119
121	119
121	119
121	119
121	119
121	119
120	119
120	120
120	120
120	120
120	120
120	120
120	120
120	120
120	119
120	119
120	119
120	119
120	119
120	119
120	119
120	119
120	117
120	117
120	117
120	117
120	117
120	117
120	117
120	117
121	119
121	119
121	119
121	119
121	119
121	119
121	119
121	119
122	117
122	117
122	117
122	117
122	117
122	117
122	117
122	119
123	119
123	119
123	119
123	119
123	119
123	119
123	119
123	117
123	117
123	117
123	117
123	117
123	117
123	117
123	117
123	115
123	115
123	115
123	115
123	115
123	115
123	115
123	113
123	113
123	113
123	113
123	113
123	113
123	113
123	113
123	111
123	111
123	111
123	111
123	111
123	111
123	111
123	111
123	111
123	111
123	111
123	111
123	111
123	111
123	111
123	114
123	114
123	114
123	114
123	114
123	114
123	114
123	114
123	119
123	119
123	119
123	119
123	119
123	119
123	119
123	119
123	120
123	120
123	120
123	120
123	120
123	120
123	120
123	120
124	118
124	118
124	118
124	118
124	118
124	118
124	118
125	120
125	120
125	120
125	120
125	120
125	120
125	120
125	120
125	123
125	123
125	123
125	123
125	123
125	123
125	123
125	123
125	120
125	120
125	120
125	120
124	120
124	120
124	120
124	120
124	120
124	120
124	120
124	120
124	120
124	120
124	120
123	119
123	119
123	119
123	119
123	119
123	119
123	119
123	119
122	119
122	119
122	119
122	119
122	119
122	119
122	119
121	119
121	119
121	119
121	119
121	119
121	119
121	119
121	119
122	119
122	119
122	119
122	119
122	119
122	119
122	119
122	119
122	119
122	119
122	119
122	119
122	119
122	119
122	119
122	118
122	118
122	118
122	118
122	118
122	118
122	118
123	118
124	119
124	119
124	119
124	119
124	119
124	119
124	119
124	119
124	120
124	120
124	120
124	120
124	120
124	120
124	120
124	120
125	120
125	120
125	120
125	120
125	120
125	120
125	120
124	120
124	120
124	120
124	120
124	120
124	120
124	120
124	120
124	119
124	119
124	119
124	119
124	119
124	119
124	119
124	119
124	117
124	117
124	117
124	117
124	117
124	117
124	117
124	120
124	120
124	120
124	120
124	120
124	120
124	120
124	120
124	120
124	120
124	120
124	120
124	120
124	120
124	120
124	120
124	119
124	119
124	119
124	119
124	119
124	119
124	119
124	117
124	117
124	117
124	117
124	117
124	117
124	117
124	117
124	115
124	115
124	115
124	115
124	115
124	115
124	115
124	115
124	116
124	116
124	116
124	116
124	116
124	116
124	116
124	116
124	116
124	116
124	116
124	116
124	116
124	116
124	116
124	115
124	115
124	115
124	115
124	115
124	115
124	115
124	115
123	114
123	114
123	114
123	114
123	114
123	114
123	114
123	114
122	113
122	113
122	113
122	113
122	113
122	113
122	113
120	115
120	115
120	115
120	115
120	115
120	115
120	115
120	115
119	113
119	113
119	113
119	113
119	113
119	113
119	113
119	113
120	116
120	116
120	116
120	116
120	116
120	116
120	116
120	117
120	117
120	117
120	117
120	117
120	117
120	117
120	117
121	118
121	118
121	118
121	118
121	118
121	118
121	118
121	118
121	118
121	118
121	118
121	118
121	118
121	118
121	118
121	121
121	121
121	121
121	121
122	121
122	121
122	121
122	121
121	118
121	118
121	118
121	118
121	118
121	118
121	118
121	118
119	116
119	116
119	116
119	116
119	116
119	116
119	116
118	116
118	116
118	116
118	116
118	116
118	116
118	116
118	116
116	115
116	115
116	115
116	115
116	115
116	115
116	115
116	115
117	114
117	114
117	114
117	114
117	114
117	114
117	114
119	116
119	116
119	116
119	116
119	116
119	116
119	116
119	116
120	116
120	116
120	116
120	116
120	116
120	116
120	116
120	116
120	118
120	118
120	118
120	118
120	118
120	118
120	118
120	118
118	116
118	116
118	116
118	116
118	116
118	116
118	116
117	118
117	118
117	118
117	118
117	118
117	118
117	118
117	118
115	115
115	115
115	115
115	115
115	115
115	115
115	115
115	115
114	115
114	115
114	115
114	115
114	115
114	115
114	115
113	115
113	115
113	115
113	115
113	115
113	115
113	115
113	115
114	115
114	115
114	115
114	115
114	115
114	115
114	115
114	115
112	117
112	117
112	117
112	117
112	117
112	117
112	117
112	116
112	116
112	116
112	116
112	116
112	116
112	116
112	116
111	121
111	121
111	121
111	121
111	121
111	121
111	121
109	121
109	124
109	124
109	124
109	124
109	124
109	124
109	124
108	122
108	122
108	122
108	122
108	122
108	122
108	122
108	122
108	120
108	120
108	120
108	120
107	120
107	120
107	120
107	120
107	123
107	123
107	123
107	123
107	123
107	123
107	123
107	123
106	121
106	121
106	121
106	121
106	121
106	121
106	121
106	119
106	119
106	119
106	119
106	119
106	119
106	119
106	119
105	122
105	122
105	122
105	122
105	122
105	122
105	122
105	122
105	125
105	125
105	125
105	125
105	125
105	125
105	125
105	123
105	123
105	123
105	123
105	123
105	123
105	123
105	123
105	126
105	126
105	126
105	126
105	126
105	126
105	126
105	126
105	129
105	129
105	129
105	129
105	129
105	129
105	129
105	132
105	132
105	132
105	132
105	132
105	132
105	132
105	132
104	130
104	130
104	130
104	130
104	130
104	130
104	130
104	130
105	128
105	128
105	128
105	128
105	128
105	128
105	128
105	126
105	126
105	126
105	126
105	126
105	126
105	126
104	126
105	124
105	124
105	124
105	124
105	124
105	124
105	124
105	124
105	123
105	123
105	123
105	123
105	123
105	123
105	123
105	123
105	121
105	121
105	121
105	121
105	121
105	121
105	121
106	119
106	119
106	119
106	119
106	119
106	119
106	119
106	119
107	117
107	117
107	117
107	117
107	117
107	117
107	117
108	117
108	120
108	120
108	120
108	120
108	120
108	120
108	120
108	123
108	123
108	123
108	123
108	123
108	123
108	123
108	123
108	121
108	121
108	121
108	121
108	121
108	121
108	121
108	121
106	119
106	119
106	119
106	119
106	119
106	119
106	119
106	124
106	124
106	124
106	124
106	124
105	124
105	124
105	124
105	128
105	128
105	128
105	128
105	128
105	128
105	128
105	128
105	126
105	126
105	126
105	126
105	126
105	126
105	126
105	131
105	131
105	131
105	131
103	131
103	131
103	131
103	131
105	129
105	129
105	129
105	129
105	129
105	129
105	129
105	129
106	127
106	127
106	127
106	127
106	127
106	127
106	127
106	127
108	130
108	130
108	130
108	130
108	130
108	130
108	130
106	132
106	132
106	132
106	132
106	132
106	132
106	132
106	132
106	130
106	130
106	130
106	130
104	130
104	130
104	130
104	130
105	128
105	128
105	128
105	128
105	128
105	128
105	128
105	126
105	126
105	126
105	126
105	126
105	126
105	126
105	126
105	124
105	124
105	124
105	124
105	124
105	124
105	124
105	124
106	122
106	122
106	122
106	122
106	122
106	122
106	122
107	120
107	120
107	120
107	120
107	120
107	120
107	120
107	120
104	118
104	118
104	118
104	118
104	118
104	118
104	118
104	118
101	121
101	121
101	121
101	121
101	121
101	121
101	121
100	123
100	123
100	123
100	123
100	123
100	123
100	123
100	123
100	125
100	125
100	125
100	125
100	125
100	125
100	125
100	125
100	123
100	123
100	123
100	123
100	123
100	123
100	123
100	123
99	125
99	125
99	125
99	125
99	125
99	125
99	125
99	122
99	122
99	122
99	122
99	122
99	122
99	122
98	122
97	120
97	120
97	120
97	120
97	120
97	120
97	120
97	120
101	118
101	118
101	118
101	118
101	118
101	118
101	118
103	116
103	116
103	116
103	116
103	116
103	116
103	116
103	116
106	114
106	114
106	114
106	114
106	114
106	114
106	114
106	114
108	112
108	112
108	112
108	112
108	112
108	112
108	112
110	110
110	110
110	110
110	110
110	110
110	110
110	110
110	110
110	108
110	108
110	108
110	108
110	108
110	108
110	108
110	108
110	109
110	109
110	109
110	109
110	109
110	109
110	109
110	108
110	108
110	108
110	108
110	108
110	108
110	108
110	108
110	106
110	106
110	106
110	106
110	106
110	106
110	106
110	106
110	109
110	109
110	109
110	109
110	109
110	109
110	109
110	109
110	107
110	107
110	107
110	107
110	107
110	107
110	107
110	105
110	105
110	105
110	105
109	105
109	105
109	105
109	105
109	103
109	103
109	103
109	103
109	103
109	103
109	103
109	103
109	103
109	103
109	103
109	103
109	103
109	103
109	103
109	103
109	103
109	103
109	103
109	103
109	103
109	103
109	103
109	108
109	108
109	108
109	108
109	108
109	108
109	108
109	108
109	108
109	108
109	108
109	108
109	108
109	108
109	108
109	106
109	106
109	106
109	106
109	106
109	106
109	106
109	106
109	106
109	106
109	106
109	106
109	106
109	106
109	106
109	106
108	109
108	109
108	109
108	109
108	109
108	109
108	109
108	107
108	107
108	107
108	107
108	107
108	107
108	107
108	107
108	105
108	105
108	105
108	105
108	105
108	105
108	105
108	105
108	103
108	103
108	103
108	103
108	103
108	103
108	103
108	103
108	101
108	101
108	101
108	101
108	101
108	101
108	101
108	105
108	105
108	105
108	105
108	105
108	105
108	105
108	105
106	105
106	105
106	105
106	105
106	105
106	105
106	105
106	105
106	103
106	103
106	103
106	103
106	103
106	103
106	103
104	101
104	101
104	101
104	101
104	101
104	101
104	101
104	101
105	99
105	99
105	99
105	99
105	99
105	99
105	99
105	99
105	102
105	102
105	102
105	102
105	102
105	102
105	102
106	104
106	104
106	104
106	104
106	104
106	104
106	104
106	104
107	104
107	104
107	104
107	104
107	104
107	104
107	104
107	104
107	107
107	107
107	107
107	107
107	107
107	107
107	107
107	110
107	110
107	110
107	110
107	110
107	110
107	110
104	110
104	108
104	108
104	108
104	108
104	108
104	108
104	108
104	108
104	113
104	113
104	113
104	113
104	113
104	113
104	113
102	116
102	116
102	116
102	116
102	116
102	116
102	116
102	116
102	112
102	112
102	112
102	112
102	112
102	112
102	112
102	112
103	115
103	115
103	115
103	115
103	115
103	115
103	115
103	115
103	117
103	117
103	117
103	117
103	117
103	117
103	117
104	115
104	115
104	115
104	115
104	115
104	115
104	115
104	115
104	116
104	116
104	116
104	116
104	116
104	116
104	116
104	116
104	117
104	117
104	117
104	117
104	117
104	117
104	117
103	120
103	120
103	120
103	120
103	120
103	120
103	120
103	120
103	124
103	124
103	124
103	124
103	124
103	124
103	124
103	124
102	122
102	122
102	122
102	122
102	122
102	122
102	122
102	120
102	120
102	120
102	120
102	120
102	120
102	120
102	120
101	118
101	118
101	118
101	118
101	118
101	118
101	118
101	118
102	116
102	116
102	116
102	116
102	116
102	116
102	116
103	114
103	114
103	114
103	114
103	114
103	114
103	114
103	114
104	112
104	112
104	112
104	112
104	112
104	112
104	112
104	112
104	111
104	111
104	111
104	111
104	111
104	111
104	111
103	109
103	109
103	109
103	109
103	109
103	109
103	109
103	109
102	112
102	112
102	112
102	112
102	112
102	112
102	112
100	112
100	111
100	111
100	111
100	111
100	111
100	111
100	111
100	111
98	112
98	112
98	112
98	112
98	112
98	112
98	112
99	115
99	115
99	115
99	115
99	115
99	115
99	115
99	115
100	118
100	118
100	118
100	118
100	118
100	118
100	118
100	118
101	120
101	120
101	120
101	120
101	120
103	120
103	120
105	121
105	121
105	121
105	121
105	121
105	121
105	121
105	121
105	119
105	119
105	119
105	119
105	119
105	119
105	119
105	119
105	117
105	117
105	117
105	117
105	117
105	117
105	117
104	115
104	115
104	115
104	115
104	115
104	115
104	115
104	115
104	118
104	118
104	118
104	118
104	118
104	118
104	118
104	118
103	121
103	121
103	121
103	121
103	121
103	121
103	121
103	123
103	123
103	123
103	123
103	123
103	123
103	123
103	123
103	121
103	121
103	121
103	121
103	121
103	121
103	121
103	121
103	119
103	119
103	119
103	119
103	119
103	119
103	119
103	122
103	122
103	122
103	122
103	122
103	122
103	122
103	122
103	125
103	125
103	125
103	125
103	125
103	125
103	125
103	125
103	123
103	123
103	123
103	123
103	123
103	123
103	123
103	126
103	126
103	126
103	126
103	126
103	126
103	126
103	126
103	124
103	124
103	124
103	124
103	124
103	124
103	124
103	124
103	122
103	122
103	122
103	122
103	122
103	122
103	122
103	122
103	120
103	120
103	120
103	120
103	120
103	120
103	120
103	123
103	123
103	123
103	123
103	123
103	123
103	123
103	123
103	121
103	121
103	121
103	121
103	121
103	121
103	121
103	121
103	119
103	119
103	119
103	119
103	119
103	119
103	119
103	117
103	117
103	117
103	117
103	117
103	117
103	117
101	117
101	115
101	115
101	115
101	115
101	115
101	115
101	115
101	115
100	113
100	113
100	113
100	113
100	113
100	113
100	113
100	111
100	111
100	111
100	111
100	111
100	111
100	111
100	111
100	109
100	109
100	109
100	109
100	109
100	109
100	109
100	109
99	111
99	111
99	111
99	111
99	111
99	111
99	111
99	109
99	109
99	109
99	109
99	109
99	109
99	109
99	109
98	107
98	107
98	107
98	107
98	107
98	107
98	107
98	107
98	105
98	105
98	105
98	105
98	105
98	105
98	105
98	103
98	103
98	103
98	103
98	103
98	103
98	103
98	103
98	105
98	105
98	105
98	105
98	105
98	105
98	105
98	105
98	106
98	106
98	109
98	109
98	109
98	109
98	109
98	109
98	109
98	109
98	110
98	110
98	110
98	110
98	110
98	110
98	110
98	110
0	109
0	109
0	109
0	109
0	109
0	109
0	109
0	109
0	109
0	109
0	109
0	108
0	108
0	108
0	108
0	108
0	108
0	108
0	108
0	111
0	111
0	111
0	111
0	111
0	111
0	111
0	111
0	111
0	111
0	111
0	111
0	111
0	111
0	111
0	111
0	111
0	111
0	111
0	111
0	111
0	111
0	109
0	109
0	109
0	109
0	109
0	109
0	109
0	109
0	107
0	107
0	107
0	107
0	107
0	107
0	107
0	107
0	105
0	105
0	105
0	105
0	105
0	105
0	105
0	106
0	106
0	106
0	106
0	106
0	106
0	106
0	106
0	104
0	104
0	104
0	104
0	104
0	104
0	104
0	104
0	106
0	106
0	106
0	106
0	106
0	106
0	106
0	106
0	104
0	104
0	104
0	104
0	104
0	104
0	104
0	102
0	102
0	102
0	102
0	102
0	102
0	102
0	102
0	98
0	98
0	98
0	98
0	98
0	98
0	98
0	98
0	101
0	101
0	101
0	101
0	101
0	101
0	101
0	101
0	101
0	101
0	101
0	101
0	105
0	105
0	105
0	105
0	105
0	105
0	105
0	105
0	105
0	105
0	105
0	105
0	105
0	105
0	105
0	106
0	106
0	106
0	106
0	106
0	106
0	106
0	106
0	109
0	109
0	109
0	109
0	109
0	109
0	109
0	107
0	107
0	107
0	107
0	107
0	107
0	107
0	107
0	106
0	106
0	106
0	106
0	106
0	106
0	106
0	106
0	104
0	104
0	104
0	104
0	104
0	104
0	104
0	104
0	104
0	104
0	104
0	108
0	108
0	108
0	108
0	108
0	108
0	108
0	108
0	112
0	112
0	112
0	112
0	112
0	112
0	112
0	112
0	114
0	114
0	114
0	114
0	114
0	114
0	114
0	112
0	112
0	112
0	112
0	112
0	112
0	112
0	112
0	115
0	115
0	115
0	115
0	115
0	115
0	115
0	115
0	115
0	115
0	115
0	115
0	118
0	118
0	118
0	118
0	118
0	118
0	118
0	117
0	117
0	117
0	117
0	117
0	117
0	117
0	117
0	122
0	122
0	122
0	122
0	122
0	122
0	122
0	122
0	120
0	120
0	120
0	120
0	120
0	120
0	120
0	118
0	118
0	118
0	118
0	118
0	118
0	118
0	118
0	118
0	118
0	118
0	118
0	116
0	116
0	116
0	116
0	116
0	116
0	116
0	114
0	114
0	114
0	114
0	114
0	114
0	114
0	114
0	117
0	117
0	117
0	117
0	117
0	117
0	117
0	117
0	118
0	118
0	118
0	118
0	118
0	118
0	118
0	118
0	118
0	118
0	118
0	123
0	123
0	123
0	123
0	123
0	123
0	123
0	123
0	121
0	121
0	121
0	121
0	121
0	121
0	121
0	121
0	118
0	118
0	118
0	118
0	118
0	118
0	118
0	116
0	116
0	116
0	116
0	116
0	116
0	116
0	116
0	118
0	118
0	118
0	118
0	118
0	118
0	118
0	118
0	118
0	118
0	118
0	118
0	116
0	116
0	116
0	116
0	116
0	116
0	116
0	117
0	117
0	117
0	117
0	117
0	117
0	117
0	117
0	115
0	115
0	115
0	115
0	115
0	115
0	115
0	115
0	113
0	113
0	113
0	113
0	113
0	113
0	113
0	113
0	113
0	113
0	113
0	111
0	111
0	111
0	111
0	111
0	111
0	111
0	111
0	109
0	109
0	109
0	109
0	109
0	109
0	109
0	107
0	107
0	107
0	107
0	107
0	107
0	107
0	107
0	105
0	105
0	105
0	105
0	105
0	105
0	105
0	105
0	105
0	105
0	105
0	105
0	108
0	108
0	108
0	108
0	108
0	108
0	108
0	111
0	111
0	111
0	111
0	111
0	111
0	111
0	111
0	112
0	112
0	112
0	112
0	112
0	112
0	112
0	112
0	112
0	112
0	112
0	112
0	110
0	110
0	110
0	110
0	110
0	110
0	110
0	108
0	108
0	108
0	108
0	108
0	108
0	108
0	108
0	106
0	106
0	106
0	106
0	106
0	106
0	106
0	106
0	111
0	111
0	111
0	111
0	111
0	111
0	111
0	111
0	111
0	111
0	111
0	108
0	108
0	108
0	108
0	108
0	108
0	108
0	108
0	108
0	108
0	108
0	108
0	108
0	108
0	108
0	112
0	112
0	112
0	112
0	112
0	112
0	112
0	112
0	110
0	110
0	110
0	110
0	110
0	110
0	110
0	110
0	110
0	110
0	110
0	110
0	113
0	113
0	113
0	113
0	113
0	113
0	113
0	116
0	116
0	116
0	116
0	116
0	116
0	116
0	116
0	120
0	120
0	120
0	120
0	120
0	120
0	120
0	120
0	120
0	120
0	120
0	120
0	120
0	120
0	120
0	120
0	120
0	120
0	120
0	116
0	116
0	116
0	116
0	116
0	116
0	116
0	116
0	114
0	114
0	114
0	114
0	114
0	114
0	114
0	114
0	112
0	112
0	112
0	112
0	112
0	112
0	112
0	112
0	112
0	112
0	112
0	110
0	110
0	110
0	110
0	110
0	110
0	110
0	110
0	109
0	109
0	109
0	109
0	109
0	109
0	109
0	107
0	107
0	107
0	107
0	107
0	107
0	107
0	107
0	107
0	107
0	107
0	107
105	105
105	105
105	105
105	105
105	105
105	105
105	105
105	105
104	103
104	103
104	103
104	103
104	103
104	103
104	103
104	101
104	101
104	101
104	101
104	101
104	101
104	101
104	101
104	104
104	104
104	104
104	104
104	104
104	104
104	104
104	104
104	104
104	104
104	104
104	104
104	102
104	102
104	102
104	102
104	102
104	102
104	102
102	100
102	100
102	100
102	100
102	100
102	100
102	100
102	100
101	98
101	98
101	98
101	98
101	98
101	98
101	98
101	98
101	98
101	98
101	98
101	96
101	96
101	96
101	96
101	96
101	96
101	96
101	96
100	99
100	99
100	99
100	99
100	99
100	99
100	99
100	99
100	102
100	102
100	102
100	102
100	102
100	102
100	102
100	105
100	105
100	105
100	105
100	105
100	105
100	105
100	105
100	105
100	105
100	105
100	105
100	103
100	103
100	103
100	103
100	103
100	103
100	103
100	103
100	99
100	99
100	99
100	99
100	99
100	99
100	99
100	97
100	97
100	97
100	97
100	97
100	97
100	97
100	97
100	97
100	97
100	97
100	97
100	95
100	95
100	95
100	95
100	95
100	95
100	95
100	95
100	94
100	94
100	94
100	94
100	94
100	94
100	94
100	93
100	93
100	93
100	93
100	93
100	93
100	93
100	93
100	93
100	93
100	93
100	93
100	94
100	94
100	94
100	94
100	94
100	94
100	94
100	95
100	95
100	95
100	95
100	95
100	95
100	95
100	95
100	98
100	98
100	98
100	98
100	98
100	98
100	98
100	98
100	98
100	98
100	98
100	98
100	98
100	98
100	98
100	98
100	98
100	98
100	98
99	98
99	98
99	98
99	98
99	98
99	98
99	98
99	98
100	99
100	99
100	99
100	99
100	99
100	99
100	99
100	99
102	99
102	99
102	99
102	99
102	99
102	99
102	99
102	99
102	99
102	99
102	99
102	99
102	99
102	99
102	99
102	99
102	99
102	99
102	99
102	99
102	99
102	99
102	99
102	99
102	99
102	99
102	99
102	98
102	98
102	98
102	98
102	98
102	98
102	98
102	98
102	98
102	98
101	98
101	101
101	101
101	101
101	101
100	101
100	101
100	101
100	101
99	105
99	105
99	105
99	105
99	105
99	105
99	105
99	108
99	108
99	108
99	108
100	108
100	108
100	108
100	108
100	108
100	108
100	108
100	108
101	106
101	106
101	106
101	106
101	106
101	106
101	106
101	106
101	109
101	109
101	109
101	109
101	109
101	109
101	109
101	107
101	107
101	107
101	107
101	107
101	107
101	107
101	107
101	105
101	105
101	105
101	105
101	105
101	105
101	105
101	105
101	105
101	105
101	105
101	103
101	103
101	103
101	103
101	103
101	103
101	103
101	103
101	105
101	105
101	105
101	105
101	105
101	105
101	105
101	105
101	103
101	103
101	103
101	103
101	103
101	103
101	103
101	103
101	103
101	103
101	103
100	101
100	101
100	101
100	101
100	101
100	101
100	101
100	101
99	104
99	104
99	104
99	104
99	104
99	104
99	104
99	104
99	107
99	107
99	107
99	107
99	107
99	107
99	107
99	107
99	107
99	107
99	107
99	110
99	110
99	110
99	110
99	110
99	110
99	110
99	110
99	108
99	108
99	108
99	108
99	108
99	108
99	108
99	108
99	106
99	106
99	106
99	106
99	106
99	106
99	106
99	104
99	104
99	104
99	104
99	104
99	104
99	104
99	104
98	107
98	107
98	107
98	107
98	107
98	107
98	107
98	107
98	107
98	107
98	107
98	110
98	110
98	110
98	110
98	110
98	110
98	110
98	110
97	108
97	108
97	108
97	108
97	108
97	108
97	108
97	108
96	106
96	106
96	106
96	106
96	106
96	106
96	106
96	106
96	106
96	106
96	106
98	104
98	104
98	104
98	104
98	104
98	104
98	104
98	104
98	102
98	102
98	102
98	102
101	102
101	102
101	102
101	102
102	100
102	100
102	100
102	100
102	100
102	100
102	100
102	100
102	100
102	100
103	100
103	101
103	101
103	101
103	101
104	101
104	101
104	101
104	101
103	101
103	101
103	101
103	101
103	101
103	101
103	101
103	101
103	99
103	99
103	99
103	99
103	99
103	99
103	99
101	98
101	98
101	98
101	98
101	98
101	98
101	98
101	98
101	98
101	98
101	98
101	98
101	98
101	98
101	98
101	98
101	98
101	98
101	98
100	98
100	98
100	98
100	98
100	98
100	98
100	98
100	98
100	98
100	98
100	98
100	98
100	98
100	98
100	98
100	98
100	101
100	101
100	101
100	101
101	101
101	101
101	101
101	99
101	99
101	99
101	99
101	99
101	99
101	99
101	99
102	99
102	99
102	99
101	99
101	99
101	99
101	99
101	99
101	99
101	99
101	99
101	99
101	98
101	98
101	98
101	98
101	98
101	98
101	98
101	97
101	97
101	97
101	97
101	97
101	97
101	97
101	97
100	97
100	97
100	97
100	97
100	97
100	97
100	97
100	97
100	97
100	97
100	97
100	97
100	97
100	97
100	97
100	97
100	97
100	97
100	97
100	96
100	96
100	96
100	96
100	96
100	96
100	96
100	96
100	96
100	96
100	96
100	96
100	96
100	96
100	96
100	96
100	96
100	96
100	96
100	97
100	97
100	97
100	97
100	97
100	97
100	97
100	97
100	97
100	97
100	97
100	97
100	97
100	97
100	97
100	97
100	97
100	97
100	97
100	97
100	97
100	97
100	97
100	97
100	97
100	97
100	97
100	97
100	97
100	97
100	97
100	97
100	97
100	97
100	97
100	97
100	97
100	97
100	97
100	97
100	97
100	97
100	97
100	97
100	97
100	97
100	97
100	97
100	97
100	97
101	95
101	95
101	95
101	95
101	95
101	95
101	95
101	95
101	97
101	97
101	97
101	97
101	97
101	97
101	97
101	97
101	98
101	98
101	98
101	98
101	98
101	98
101	98
101	98
101	98
101	98
101	98
102	97
102	97
102	97
102	97
102	97
102	97
102	97
102	97
102	96
102	96
102	96
102	96
102	96
102	96
102	96
102	95
102	95
102	95
102	95
102	95
102	95
102	95
102	95
102	95
102	95
102	95
102	95
102	95
102	95
102	95
102	95
102	96
102	96
102	96
102	96
102	96
102	96
102	96
102	97
102	97
102	97
102	97
102	97
102	97
102	97
102	97
102	97
102	97
102	97
102	97
102	95
102	95
102	95
102	95
102	95
102	95
102	95
102	95
102	93
102	93
102	93
102	93
102	93
102	93
102	93
102	96
102	96
102	96
102	96
102	96
102	96
102	96
102	96
102	99
102	99
102	99
102	99
102	99
102	99
102	99
102	99
102	103
102	103
102	103
102	103
102	103
102	103
102	103
102	103
102	103
102	103
102	103
102	101
102	101
102	101
102	101
102	101
102	101
102	101
102	101
101	105
101	105
101	105
101	105
101	105
101	105
101	105
101	105
101	105
101	105
101	105
101	105
101	105
101	105
101	105
100	107
100	107
100	107
100	107
100	107
100	107
100	107
100	107
100	105
100	105
100	105
100	105
100	105
100	105
100	105
100	105
100	105
100	105
100	105
99	103
99	103
99	103
99	103
99	103
99	103
99	103
99	103
99	106
99	106
99	106
99	106
99	106
99	106
99	106
99	106
99	104
99	104
99	104
99	104
99	104
99	104
99	104
98	103
98	103
98	103
98	103
98	103
98	103
98	103
98	103
98	101
98	101
98	101
98	101
98	101
98	101
98	101
98	101
97	99
97	99
97	99
97	99
97	99
97	99
97	99
97	99
97	99
97	99
97	99
96	97
96	97
96	97
96	97
96	97
96	97
96	97
96	97
96	95
96	95
96	95
96	95
96	95
96	95
96	95
96	95
96	93
96	93
96	93
96	93
96	93
96	93
96	93
96	97
96	97
96	97
95	97
95	97
95	97
95	97
95	97
95	99
95	99
95	99
95	99
95	99
95	99
95	99
95	99
94	97
94	97
94	97
94	97
94	97
94	97
94	97
94	97
94	97
94	97
94	97
94	95
94	95
94	95
94	95
94	95
94	95
94	95
94	95
94	98
94	98
94	98
94	98
94	98
94	98
94	98
94	98
94	97
94	97
94	97
94	97
94	97
94	97
94	97
94	99
94	99
94	99
94	99
94	99
94	99
94	99
94	99
94	102
94	102
94	102
94	102
94	102
94	102
94	102
94	102
94	102
94	102
94	102
94	105
94	105
94	105
94	105
94	105
94	105
94	105
94	105
94	108
94	108
94	108
94	108
94	108
94	108
94	108
94	108
94	111
94	111
94	111
94	111
94	111
94	111
94	111
94	111
94	111
94	111
94	111
94	111
94	111
94	111
94	111
94	110
94	110
94	110
94	110
94	110
94	110
94	110
94	110
0	113
0	113
0	113
0	113
0	113
0	113
0	113
0	113
0	116
0	116
0	116
0	116
0	116
0	116
0	116
0	116
0	116
0	116
0	116
0	121
0	121
0	121
0	121
0	121
0	121
0	121
0	121
0	122
0	122
0	122
0	122
0	122
0	122
0	122
0	120
0	120
0	120
0	120
0	120
0	120
0	120
0	120
0	121
0	121
0	121
0	121
0	121
0	121
0	121
0	121
0	121
0	121
0	121
0	121
0	119
0	119
0	119
0	119
0	119
0	119
0	119
0	117
0	117
0	117
0	117
0	117
0	117
0	117
0	117
0	115
0	115
0	115
0	115
0	115
0	115
0	115
0	115
0	115
0	115
0	115
0	115
0	113
0	113
0	113
0	113
0	113
0	113
0	113
0	116
0	116
0	116
0	116
0	116
0	116
0	116
0	116
0	114
0	114
0	114
0	114
0	114
0	114
0	114
0	114
0	112
0	112
0	112
0	112
0	112
0	112
0	112
0	112
0	112
0	112
0	112
0	115
0	115
0	115
0	115
0	115
0	115
0	115
0	115
0	120
0	120
0	120
0	120
0	120
0	120
0	120
0	119
0	119
0	119
0	119
0	119
0	119
0	119
0	119
118	117
118	117
118	117
118	117
118	117
118	117
118	117
118	117
118	117
118	117
118	117
118	117
117	120
117	120
117	120
117	120
117	120
117	120
117	120
116	118
116	118
116	118
116	118
116	118
116	118
116	118
116	118
116	121
116	121
116	121
116	121
116	121
115	121
115	121
115	121
115	120
115	120
115	120
115	120
115	120
115	120
115	120
115	120
115	120
115	120
115	120
115	120
115	120
115	120
115	120
115	120
115	120
115	120
115	120
115	120
115	120
115	120
115	120
114	120
114	120
114	120
114	120
114	120
114	120
114	120
114	120
114	120
114	120
114	120
114	120
114	120
114	120
114	120
114	120
114	120
114	120
114	120
114	120
114	120
114	120
114	120
115	120
115	120
115	120
115	120
115	120
115	120
115	120
115	123
115	123
115	123
115	123
115	123
115	123
115	123
115	123
116	126
116	126
116	126
116	126
116	126
116	126
116	126
116	126
116	126
116	126
116	126
116	126
115	129
115	129
115	129
115	129
115	129
115	129
115	129
115	127
115	127
115	127
115	127
115	127
115	127
115	127
115	127
114	130
114	130
114	130
114	130
114	130
114	130
114	130
114	130
114	134
114	134
114	134
114	134
114	134
114	134
114	134
114	134
114	134
114	134
114	134
113	137
113	137
113	137
113	137
113	137
113	137
113	137
113	137
114	135
114	135
114	135
114	135
114	135
114	135
114	135
114	134
114	134
114	134
114	134
114	134
114	134
114	134
114	134
115	138
115	138
116	138
116	138
116	138
116	138
116	138
116	138
116	138
116	138
116	138
116	138
116	134
116	134
116	134
116	134
116	134
116	134
116	134
116	137
116	137
116	137
116	137
116	137
116	137
116	137
116	137
116	135
116	135
116	135
116	135
116	135
116	135
116	135
116	135
116	133
116	133
116	133
116	133
116	133
116	133
116	133
116	133
116	133
116	133
116	133
116	136
116	136
116	136
116	136
116	136
116	136
116	136
116	136
116	134
116	134
116	134
116	134
116	134
116	134
116	134
116	134
117	132
117	132
117	132
117	132
117	132
117	132
117	132
117	135
117	135
117	135
117	135
117	135
117	135
117	135
117	135
117	135
117	135
118	135
118	135
118	133
118	133
118	133
118	133
118	133
118	133
118	133
118	136
118	136
118	136
118	136
118	136
118	136
118	136
118	136
118	134
118	134
118	134
118	134
118	134
118	134
118	134
118	134
116	134
116	134
116	134
116	134
116	134
116	134
116	134
116	134
116	134
116	134
116	134
116	135
116	135
116	135
116	135
116	135
116	135
116	135
116	135
115	133
115	133
115	133
115	133
115	133
115	133
115	133
115	133
114	131
114	131
114	131
114	131
114	131
114	131
114	131
114	134
114	134
114	134
114	134
114	134
114	134
114	134
114	134
114	134
114	134
114	134
114	134
115	134
115	134
115	134
115	134
115	134
115	134
115	134
115	132
115	132
115	132
115	132
115	132
115	132
115	132
115	132
116	130
116	130
116	130
116	130
116	130
116	130
116	130
116	130
116	133
116	133
116	133
116	133
116	133
116	133
116	133
116	133
116	133
116	133
116	133
116	132
116	132
116	132
116	132
116	132
116	132
116	132
116	132
116	130
116	130
116	130
116	130
116	130
116	130
116	130
116	130
116	128
116	128
116	128
116	128
116	128
116	128
116	128
117	126
117	126
117	126
117	126
117	126
117	126
117	126
117	126
116	129
116	129
116	129
116	129
116	129
116	129
116	129
116	129
116	129
116	129
116	129
116	129
115	127
115	127
115	127
115	127
115	127
115	127
115	127
114	129
114	129
114	129
114	129
114	129
114	129
114	129
114	129
115	127
115	127
115	127
115	127
115	127
115	127
115	127
115	127
116	129
116	129
116	129
116	129
117	129
117	129
117	129
117	129
117	129
117	129
117	129
118	129
118	129
118	129
118	129
118	129
118	129
118	129
118	129
118	129
118	129
118	129
118	129
118	129
118	129
118	129
117	127
117	127
117	127
117	127
117	127
117	127
117	127
117	127
115	130
115	130
115	130
115	130
115	130
115	130
115	130
115	130
115	130
115	130
115	130
115	130
113	128
113	128
113	128
113	128
113	128
113	128
113	128
113	126
113	126
113	126
113	126
113	126
113	126
113	126
113	126
113	124
113	124
113	124
113	124
114	124
114	124
114	124
114	124
113	120
113	120
113	120
113	120
113	120
113	120
113	120
114	120
114	120
114	120
114	120
113	120
113	120
113	120
113	120
113	120
113	120
113	120
113	120
114	119
114	119
114	119
114	119
114	119
114	119
114	119
114	119
114	119
114	119
114	119
114	119
114	119
114	119
114	119
114	120
114	120
114	120
114	120
114	120
114	120
114	120
114	120
114	120
114	120
114	120
114	120
114	120
114	120
114	120
114	120
114	120
114	120
114	120
114	120
114	120
114	120
114	120
114	120
114	120
114	120
114	120
113	124
113	124
113	124
113	124
113	124
113	124
113	124
113	124
113	125
113	125
113	125
113	125
114	125
114	125
114	125
114	123
114	123
114	123
114	123
114	123
114	123
114	123
114	123
114	123
114	123
115	123
115	123
115	121
115	121
115	121
115	121
116	121
116	121
116	121
116	121
116	119
116	119
116	119
116	119
116	119
116	119
116	119
117	123
117	123
117	123
117	123
117	123
117	123
117	123
117	123
119	122
119	122
119	122
119	122
119	122
119	122
119	122
119	122
119	122
119	122
119	122
116	121
116	121
116	121
116	121
116	121
116	121
116	121
116	121
114	121
114	121
114	121
114	121
114	121
114	121
114	121
114	121
111	120
111	120
111	120
111	120
111	120
111	120
111	120
108	118
108	118
108	118
108	118
108	118
108	118
108	118
108	118
108	118
108	118
108	118
108	118
107	116
107	116
107	116
107	116
107	116
107	116
107	116
107	116
107	119
107	119
107	119
107	119
108	119
108	119
108	119
108	122
108	122
108	122
108	122
108	122
108	122
108	122
108	122
108	125
108	125
108	125
108	125
108	125
108	125
108	125
108	125
109	123
109	123
109	123
109	123
109	123
109	123
109	123
109	123
109	123
109	123
109	123
108	121
108	121
108	121
108	121
108	121
108	121
108	121
108	121
106	119
106	119
106	119
106	119
106	119
106	119
106	119
106	119
103	117
103	117
103	117
103	117
103	117
103	117
103	117
102	116
102	116
102	116
102	116
101	116
101	116
101	116
101	116
103	114
103	114
103	114
103	114
103	114
103	114
103	114
103	114
103	114
103	114
104	114
104	115
104	115
104	115
104	115
105	115
105	115
105	115
105	115
105	116
105	116
105	116
105	116
105	116
105	116
105	116
105	116
103	119
103	119
103	119
103	119
103	119
103	119
103	119
99	117
99	117
99	117
99	117
99	117
99	117
99	117
99	117
94	116
94	116
94	116
94	116
94	116
94	116
94	116
94	116
94	116
94	116
94	116
94	116
94	119
94	119
94	119
94	119
94	119
94	119
94	119
94	115
94	115
94	115
94	115
94	115
94	115
94	115
94	115
96	113
96	113
96	113
96	113
99	113
99	113
99	113
99	113
102	111
102	111
102	111
102	111
102	111
102	111
102	111
103	114
103	114
103	114
103	114
104	114
104	114
104	114
104	114
104	114
104	114
104	114
104	114
106	112
106	112
106	112
106	112
106	112
106	112
106	112
106	112
109	117
109	117
109	117
109	117
109	117
109	117
109	117
110	122
110	122
110	122
110	122
110	122
110	122
110	122
110	122
110	122
110	122
110	122
110	122
110	122
110	122
110	122
110	122
111	123
111	123
111	123
111	123
110	123
110	123
110	123
110	126
110	126
110	126
110	126
110	126
110	126
110	126
110	126
110	126
106	126
106	126
106	126
106	131
106	131
106	131
106	131
103	131
103	131
103	131
102	132
102	132
102	132
102	132
102	132
102	132
102	132
102	132
102	131
102	131
102	131
102	131
102	131
102	131
102	131
102	131
102	130
102	130
102	130
102	130
102	130
102	130
102	130
102	130
103	131
103	131
103	131
103	131
103	131
103	131
103	131
103	133
103	133
103	133
103	133
103	133
103	133
103	133
103	133
104	136
104	136
104	136
104	136
104	136
104	136
104	136
104	136
104	136
104	136
104	136
104	141
104	141
104	141
104	141
103	141
103	141
103	141
103	141
101	139
101	139
101	139
101	139
101	139
101	139
101	139
101	139
100	137
100	137
100	137
100	137
100	137
100	137
100	137
100	139
100	139
100	139
100	139
100	139
100	139
100	139
100	139
100	142
100	142
100	142
100	142
100	142
100	142
100	142
100	142
100	140
100	140
100	140
100	140
100	140
100	140
100	140
98	139
98	139
98	139
98	139
98	139
98	139
98	139
98	139
98	139
98	139
96	139
96	139
96	137
96	137
96	137
94	137
94	137
94	137
94	137
94	137
89	135
89	135
89	135
89	135
89	135
89	135
89	135
88	133
88	133
88	133
88	133
88	133
88	133
88	133
88	133
88	136
88	136
88	136
88	136
88	136
88	136
88	136
88	136
88	139
88	139
88	139
88	139
88	139
88	139
88	139
89	137
89	137
89	137
89	137
89	137
89	137
89	137
89	137
89	135
89	135
89	135
89	135
89	135
89	135
89	135
89	135
90	133
90	133
90	133
90	133
92	133
92	133
92	133
92	133
92	133
92	133
92	133
94	136
94	136
94	136
94	136
94	136
94	136
94	136
94	136
96	139
96	139
96	139
96	139
96	139
96	139
96	139
96	139
97	135
97	135
97	135
97	135
97	135
97	135
97	135
97	138
97	138
97	138
97	138
97	138
97	138
97	138
97	138
94	141
94	141
94	141
94	141
88	141
88	141
88	141
88	141
87	139
87	139
87	139
87	139
87	139
87	139
87	139
87	139
87	139
87	139
87	139
87	137
87	137
88	137
88	137
88	137
88	137
88	137
88	137
88	135
88	135
88	135
88	135
88	135
88	135
88	135
88	135
90	133
90	133
90	133
90	133
90	133
90	133
90	133
90	131
90	131
90	131
90	131
90	131
90	131
90	131
90	131
90	129
90	129
90	129
90	129
90	129
90	129
90	129
90	129
88	127
88	127
88	127
88	127
88	127
88	127
88	127
89	125
89	125
89	125
89	125
89	125
89	125
89	125
89	125
90	123
90	123
90	123
90	123
90	123
90	123
90	123
90	123
92	127
92	127
92	127
92	127
92	127
92	127
92	127
92	127
92	127
92	127
92	127
95	125
95	125
95	125
95	125
95	125
95	125
95	125
95	125
95	123
95	123
95	123
95	123
95	123
95	123
95	123
97	127
97	127
97	127
97	127
97	127
97	127
97	127
97	127
96	123
96	123
96	123
96	123
96	123
96	123
96	123
96	123
98	121
98	121
98	121
98	121
98	121
98	121
98	121
99	119
99	119
99	119
99	119
99	119
99	119
99	119
99	119
102	122
102	122
102	122
102	122
102	122
102	122
102	122
102	122
100	126
100	126
100	126
100	126
100	126
100	126
100	126
100	126
100	126
100	126
100	126
93	125
93	125
93	125
93	125
93	125
93	125
93	125
93	125
90	127
90	127
90	127
90	127
90	127
90	127
90	127
90	127
90	129
90	129
88	129
88	129
88	129
88	129
88	129
87	128
87	128
87	128
87	128
87	128
87	128
87	128
87	128
85	130
85	130
85	130
85	130
85	130
85	130
85	130
85	130
85	132
85	132
85	132
85	132
85	132
85	132
85	132
85	132
85	132
85	132
85	132
84	133
84	133
84	133
84	133
84	133
84	133
84	133
84	133
83	133
83	133
83	133
83	133
83	133
83	133
83	133
83	133
83	133
83	133
83	133
83	133
83	133
83	133
83	133
87	136
87	136
87	136
87	136
87	136
87	136
87	136
87	136
89	137
89	137
89	137
89	137
89	137
89	137
89	137
89	137
91	137
91	137
91	137
91	137
91	137
91	137
91	137
93	137
93	137
93	137
93	137
93	137
93	137
93	137
93	137
96	135
96	135
96	135
96	135
96	135
96	135
96	135
96	135
98	133
98	133
98	133
98	133
102	133
102	133
102	133
104	131
104	131
104	131
104	131
104	131
104	131
104	131
104	131
107	129
107	129
108	129
108	129
108	129
108	129
108	129
108	129
108	129
108	129
108	129
111	127
111	127
111	127
111	127
111	127
111	127
111	127
111	127
112	129
112	129
112	129
112	129
112	129
112	129
112	129
112	129
112	128
112	128
112	128
112	128
112	128
112	128
112	128
112	128
112	128
112	128
112	128
112	128
112	128
112	128
112	128
106	131
106	131
106	131
100	131
100	131
100	131
100	131
100	131
97	129
97	129
97	129
97	129
97	129
97	129
97	129
96	127
96	127
96	127
96	127
94	127
94	127
94	127
94	127
94	127
94	127
94	127
94	127
93	127
93	127
93	127
93	127
93	127
93	127
93	127
93	127
94	128
94	128
94	128
94	128
94	128
94	128
94	128
94	128
94	128
94	128
94	128
94	128
94	128
94	128
94	128
97	131
97	131
97	131
97	131
97	131
97	131
97	131
97	131
98	129
98	129
98	129
98	129
101	129
101	129
101	129
104	127
104	127
104	127
104	127
104	127
104	127
104	127
104	127
106	125
106	125
106	125
106	125
106	125
106	125
106	125
106	125
108	125
108	125
108	125
108	125
108	125
108	125
108	125
108	125
108	125
108	125
108	125
112	125
112	125
112	125
112	125
112	125
112	125
112	125
112	125
112	125
112	125
112	125
112	125
112	125
112	125
112	125
112	125
109	130
109	130
109	130
109	130
109	130
109	130
109	130
108	131
108	131
108	131
108	131
108	131
108	131
108	131
108	131
