95	0
95	0
95	0
95	0
95	0
95	0
95	0
93	0
93	0
93	0
93	0
93	0
93	0
91	0
91	0
91	0
91	0
91	0
91	0
91	0
91	0
91	0
91	0
91	0
91	0
91	0
91	0
92	0
92	0
92	0
92	0
92	0
92	0
92	0
92	0
92	0
92	0
92	0
92	0
92	0
92	0
92	0
92	0
92	0
92	0
92	0
92	0
92	0
92	0
92	58
92	58
92	58
92	58
92	58
92	58
92	58
92	59
92	59
92	59
92	59
92	59
92	59
92	59
92	60
92	60
92	60
92	60
92	60
92	60
92	60
92	60
92	58
92	58
92	58
92	58
92	58
92	58
92	58
88	60
88	60
88	60
88	60
88	60
88	60
88	60
88	60
85	57
85	57
85	57
85	57
85	57
85	57
85	57
85	59
85	59
85	59
85	59
85	59
85	59
85	59
85	59
87	56
87	56
87	56
87	56
87	56
87	56
87	56
85	58
85	58
85	58
85	58
85	58
85	58
85	58
84	61
84	61
84	61
84	61
84	61
84	61
84	61
84	61
84	64
84	64
84	64
84	64
84	64
84	64
84	64
83	67
83	67
83	67
83	67
83	67
83	67
82	67
82	67
82	70
82	70
82	70
82	70
82	70
82	70
82	70
82	73
82	73
82	73
82	73
82	73
82	73
82	73
82	73
82	75
82	75
82	75
82	75
82	75
82	75
82	75
81	78
81	78
81	78
81	78
81	78
81	78
81	78
81	81
81	81
81	81
81	81
81	81
81	81
81	81
81	81
82	83
82	83
82	83
82	83
82	83
82	83
82	83
82	83
82	83
82	83
82	83
82	83
82	83
82	83
82	83
83	82
83	82
83	82
83	82
83	82
83	82
83	82
83	83
83	83
83	83
83	83
83	83
83	83
83	83
83	83
83	83
83	83
83	83
83	83
83	83
84	83
84	83
84	83
84	83
84	83
84	83
84	83
84	83
84	83
84	83
84	83
84	83
84	83
84	83
84	83
84	83
84	83
84	82
84	82
84	82
84	82
84	82
84	82
84	82
84	79
84	79
84	79
84	79
84	79
84	79
84	79
84	79
84	80
84	80
84	80
84	80
84	80
84	80
84	80
82	81
82	81
82	81
82	81
82	81
82	81
82	81
82	81
82	82
82	82
82	82
82	82
82	82
82	82
82	82
83	85
83	85
83	85
83	85
83	85
83	85
83	85
83	85
83	85
83	85
83	85
83	85
83	85
83	85
83	85
86	88
86	88
86	88
86	88
86	88
86	88
86	88
87	89
87	89
87	89
87	89
87	89
87	89
87	89
87	89
88	89
88	89
88	89
88	89
88	89
88	89
88	89
88	89
88	89
88	89
88	89
88	89
88	89
88	89
88	89
88	90
88	90
88	90
88	90
88	90
88	90
88	90
88	93
88	93
88	93
88	93
88	93
88	93
88	93
88	96
88	96
88	96
88	96
88	96
88	96
88	96
88	96
88	99
88	99
88	99
88	99
88	99
88	99
88	99
88	99
88	99
88	99
88	99
88	99
88	99
88	99
88	99
88	98
88	98
88	98
88	98
88	98
88	98
88	98
88	101
88	101
88	101
88	101
88	101
88	101
88	101
88	101
89	106
89	106
89	106
89	106
89	106
89	106
89	106
89	107
89	107
89	107
89	107
89	107
89	107
89	107
103	108
103	108
103	108
103	108
103	108
103	108
103	108
103	108
109	108
109	108
109	108
109	108
109	108
109	108
109	108
112	104
112	104
112	104
112	104
112	104
112	104
112	104
112	104
112	103
112	103
112	103
112	103
112	103
112	103
112	103
116	108
116	108
116	108
116	108
116	108
117	108
117	108
117	108
117	106
117	106
117	106
117	106
117	106
117	106
117	106
117	103
117	103
117	103
117	103
117	103
117	103
117	103
117	106
117	106
117	106
117	106
117	106
117	106
117	106
117	106
118	109
118	109
118	109
118	109
118	109
118	109
118	109
119	107
119	107
119	107
119	107
119	107
119	107
119	107
119	107
122	105
122	105
122	105
122	105
122	105
122	105
122	105
123	106
123	106
123	106
123	106
123	106
123	106
123	106
123	106
123	109
123	109
125	109
125	109
125	109
125	109
125	109
125	112
125	112
125	112
125	112
125	112
125	112
125	112
125	112
126	114
126	114
126	114
126	114
126	114
126	114
126	114
127	112
127	112
127	112
127	112
127	112
127	112
127	112
127	110
127	110
127	110
127	110
127	110
127	110
127	110
127	110
130	112
130	112
130	112
130	112
130	112
130	112
130	112
130	110
130	110
130	110
130	110
130	110
130	110
130	110
130	110
131	108
131	108
131	108
131	108
131	108
131	108
131	108
133	106
133	106
133	106
133	106
133	106
133	106
133	106
133	106
134	106
134	106
134	106
134	106
134	106
134	106
134	106
136	106
136	106
136	106
136	106
136	106
136	106
136	106
136	104
136	104
136	104
136	104
136	104
136	104
136	104
136	104
138	107
138	107
138	107
138	107
138	107
138	107
138	107
140	105
140	105
140	105
140	105
140	105
140	105
140	105
140	105
140	105
140	105
140	105
140	105
140	105
140	105
140	105
141	106
141	106
141	106
141	106
141	106
141	106
141	106
141	106
142	104
142	104
142	104
142	104
142	104
142	104
142	104
143	102
143	102
143	102
143	102
143	102
143	102
143	102
146	102
146	102
146	102
146	102
146	102
146	102
146	102
146	102
146	100
146	100
146	100
146	100
146	100
146	100
146	100
146	103
146	103
146	103
146	103
146	103
146	103
146	103
146	103
146	101
146	101
146	101
146	101
146	101
146	101
146	101
147	101
147	101
147	101
148	101
148	101
148	101
148	101
148	101
149	101
149	101
149	101
149	101
149	101
149	101
149	101
149	106
149	106
149	106
149	106
149	106
149	106
149	106
150	106
150	106
150	106
150	106
150	106
150	106
150	106
150	106
151	104
151	104
151	104
151	104
151	104
151	104
151	104
152	108
152	108
152	108
152	108
152	108
152	108
152	108
152	108
152	109
152	109
152	109
152	109
152	109
152	109
152	109
153	114
153	114
153	114
153	114
153	114
153	114
153	114
153	114
153	112
153	112
153	112
153	112
153	112
153	112
153	112
153	108
153	108
153	108
153	108
153	108
153	108
153	108
155	111
154	111
154	111
154	111
154	111
154	111
154	111
154	111
155	109
155	109
155	109
155	109
155	109
155	109
155	109
155	112
155	112
155	112
155	112
155	112
155	112
155	112
155	112
155	111
155	111
155	111
155	111
155	111
155	111
155	111
155	109
155	109
155	109
155	109
155	109
155	109
155	109
155	109
155	110
155	110
155	110
155	110
155	110
155	110
155	110
155	111
155	111
155	111
155	111
155	111
155	111
155	111
155	111
155	115
155	115
155	115
155	115
155	115
155	115
155	115
155	119
155	119
155	119
155	119
155	119
155	119
155	119
155	117
155	117
155	117
155	117
155	117
155	117
155	117
155	117
155	115
156	115
156	115
156	115
156	115
156	115
156	115
158	113
158	113
158	113
158	113
158	113
158	113
158	113
158	113
158	111
158	111
158	111
158	111
158	111
158	111
158	111
160	114
160	114
160	114
160	114
160	114
160	114
160	114
160	114
161	117
161	117
161	117
161	117
161	117
161	117
161	117
160	120
160	120
160	120
160	120
160	120
160	120
160	120
160	118
160	118
160	118
160	118
160	118
160	118
160	118
160	118
160	121
160	121
160	121
160	121
160	121
160	121
160	121
160	123
160	123
160	123
160	123
160	123
160	123
160	123
160	123
160	122
160	122
160	122
160	122
160	122
160	122
161	122
161	124
161	124
161	124
161	124
161	124
161	124
161	124
161	124
161	123
161	123
161	123
161	123
161	123
161	123
161	123
161	123
161	123
161	123
161	123
161	123
161	123
161	123
161	122
161	122
161	122
161	122
161	122
161	122
161	122
161	122
161	120
161	120
161	120
161	120
161	120
161	120
161	120
161	116
161	116
161	116
161	116
161	116
161	116
161	116
161	116
162	114
162	114
162	114
162	114
162	114
162	114
162	114
162	112
162	112
162	112
162	112
162	112
162	112
162	112
162	112
162	110
162	110
162	110
162	110
162	110
162	110
162	110
162	108
162	108
162	108
162	108
162	108
162	108
162	108
163	106
163	106
163	106
163	106
163	106
163	106
163	106
163	106
165	104
165	104
165	104
165	104
165	104
165	104
165	104
165	102
165	102
165	102
165	102
165	102
165	102
165	102
165	102
165	102
165	102
165	102
165	102
165	102
165	102
165	102
165	102
165	102
165	102
165	102
164	102
164	102
164	102
164	102
164	100
164	100
164	100
164	100
164	100
164	100
164	100
164	96
164	96
164	96
164	96
164	96
164	96
164	96
164	101
164	101
164	101
164	101
164	101
164	101
164	101
164	101
164	101
164	101
164	101
164	101
164	101
164	101
164	101
164	104
164	104
164	104
164	104
164	104
164	104
164	104
164	104
164	102
164	102
164	102
164	102
164	102
164	102
164	102
164	101
164	101
164	101
164	101
164	101
164	101
164	101
164	101
164	102
164	102
164	102
164	102
164	102
164	102
164	102
164	106
164	106
164	106
164	106
164	106
164	106
164	106
164	106
164	104
164	104
164	104
164	104
163	104
163	104
163	104
163	104
163	104
163	104
163	104
163	104
163	104
163	104
164	109
164	109
164	109
164	109
164	109
164	109
164	109
164	109
164	107
164	107
164	107
164	107
164	107
164	107
164	107
164	107
164	107
164	107
164	107
164	107
164	107
164	107
164	107
164	111
164	111
164	111
164	111
164	111
164	111
164	111
164	109
164	109
164	109
164	109
164	109
164	109
164	109
164	109
164	105
164	105
164	105
164	105
164	105
164	105
164	105
164	103
164	103
164	103
164	103
164	103
164	103
164	103
164	105
164	105
164	105
164	105
164	105
164	105
164	105
164	105
164	103
164	103
164	103
164	103
164	103
164	103
164	103
164	101
164	101
164	101
164	101
164	101
164	101
164	101
164	101
165	105
165	105
165	105
165	105
165	105
165	105
165	105
165	108
165	108
165	108
165	108
165	108
165	108
165	108
165	108
166	111
166	111
166	111
166	111
166	111
166	111
166	111
166	114
166	114
166	114
166	114
166	114
166	114
166	114
166	116
166	116
166	116
166	116
166	116
166	116
166	116
166	116
166	114
166	114
166	114
166	114
166	114
166	114
166	114
166	116
166	116
166	116
166	116
166	116
166	116
166	116
166	116
167	119
167	119
167	119
167	119
167	119
167	119
167	119
167	117
167	117
167	117
167	117
167	117
167	117
167	117
167	117
167	120
167	120
167	120
167	120
167	120
167	120
167	120
168	118
168	118
168	118
168	118
168	118
168	118
168	118
168	116
168	116
168	116
168	116
168	116
168	116
168	116
168	116
168	114
168	114
168	114
168	114
168	114
168	114
168	114
168	112
168	112
168	112
168	112
168	112
168	112
168	112
168	112
169	110
169	110
169	110
169	110
169	110
169	110
169	110
170	113
170	113
170	113
170	113
170	113
170	113
170	113
170	113
170	111
170	111
170	111
170	111
170	111
170	111
170	111
169	113
169	113
169	113
169	113
169	113
169	113
169	113
169	117
169	117
169	117
169	117
169	117
169	117
169	117
169	117
169	115
169	115
169	115
169	115
169	115
169	115
169	115
169	113
169	113
169	113
169	113
169	113
169	113
169	113
169	113
169	112
169	112
169	112
169	112
169	112
169	112
169	112
169	110
169	110
169	110
169	110
169	110
169	110
169	110
169	110
169	111
169	111
169	111
169	111
169	111
169	111
169	111
168	111
168	111
168	111
168	111
168	111
168	111
168	111
169	114
169	114
169	114
169	114
169	114
169	114
169	114
169	114
169	112
169	112
169	112
169	112
169	112
169	112
169	112
168	112
168	112
168	112
168	112
168	112
168	112
168	112
168	112
168	110
168	110
168	110
168	110
168	110
168	110
168	110
168	108
168	108
168	108
168	108
168	108
168	108
168	108
168	108
167	111
167	111
167	111
167	111
167	111
167	111
167	111
167	109
167	109
167	109
167	109
167	109
167	109
167	109
167	107
167	107
167	107
167	107
167	107
167	107
167	107
167	107
167	106
167	106
167	106
167	106
167	106
167	106
167	106
168	104
168	104
168	104
168	104
168	104
168	104
168	104
168	104
168	103
168	103
168	103
168	103
168	103
168	103
168	103
168	102
168	102
168	102
168	102
168	102
168	102
168	102
168	102
168	101
168	101
168	101
168	101
168	101
168	101
168	101
168	102
168	102
168	102
168	102
168	102
168	102
168	102
168	103
168	103
168	103
168	103
168	103
168	103
168	103
168	103
168	101
168	101
168	101
169	101
169	101
169	101
169	101
169	101
169	101
169	101
169	101
169	101
169	101
169	101
169	101
169	103
169	103
169	103
169	103
169	103
169	103
169	103
169	102
169	102
169	102
169	102
169	102
169	102
169	102
169	102
169	102
169	102
169	102
169	102
169	102
169	102
169	102
168	105
168	105
168	105
168	105
168	105
168	105
168	105
168	105
168	108
168	108
168	108
168	108
168	108
168	108
168	108
168	111
168	111
168	111
168	111
168	111
168	111
168	111
168	114
168	114
168	114
168	114
168	114
168	114
168	114
168	114
168	117
168	117
168	117
168	117
168	117
168	117
168	117
168	120
168	120
168	120
168	120
168	120
168	120
168	120
168	120
165	120
165	120
165	120
165	120
165	120
165	120
165	120
164	120
164	120
164	120
164	120
164	120
164	120
164	120
164	120
164	123
164	123
164	123
164	123
164	123
164	123
164	123
163	123
163	123
163	123
163	123
163	123
163	123
163	123
162	121
162	121
162	121
162	121
162	121
162	121
162	121
162	121
162	119
162	119
162	119
162	119
162	119
162	119
162	119
159	118
159	118
159	118
159	118
159	118
159	118
159	118
159	118
158	118
158	118
158	118
158	118
158	118
158	118
158	118
158	120
158	120
158	120
158	120
158	120
158	120
158	120
158	120
158	119
158	119
158	119
158	119
158	119
158	119
158	119
156	119
156	119
156	119
156	119
156	119
156	119
156	119
156	119
156	119
156	119
154	119
154	119
154	119
154	119
154	119
154	120
154	120
154	120
154	120
154	120
154	120
154	120
151	120
151	120
151	120
151	120
151	120
151	120
151	120
151	120
151	121
151	121
151	121
151	121
151	121
151	121
151	121
151	123
151	123
151	123
151	123
151	123
151	123
151	123
151	123
150	121
150	121
150	121
150	121
150	121
150	121
150	121
148	123
148	123
148	123
148	123
148	123
148	123
148	123
146	123
146	123
146	123
146	123
146	123
146	123
146	123
146	123
145	123
145	123
145	123
145	123
145	123
145	123
145	123
145	121
145	121
145	121
145	121
145	121
145	121
145	121
145	121
144	122
144	122
143	122
143	122
143	122
143	122
143	122
143	120
143	120
143	120
143	120
143	120
143	120
143	120
143	120
140	121
140	121
140	121
140	121
140	121
139	121
139	121
137	121
137	121
137	121
137	121
137	121
137	121
137	121
137	120
137	120
137	120
137	120
137	120
137	120
137	120
137	120
136	121
136	121
136	121
136	121
136	121
136	121
136	121
136	121
136	121
136	121
136	121
136	121
136	121
136	121
136	121
136	122
136	122
136	122
136	122
136	122
136	122
136	122
136	123
136	123
136	123
136	123
136	123
136	123
136	123
136	123
136	123
136	123
136	123
136	123
136	123
136	123
136	123
135	122
135	122
135	122
135	122
135	122
135	122
135	122
135	121
135	121
135	121
135	121
135	121
135	121
135	121
135	121
134	120
134	120
134	120
134	120
134	120
134	120
134	120
134	121
134	121
134	121
134	121
134	121
134	121
134	121
134	121
134	121
134	121
134	121
134	121
134	121
134	121
133	121
133	121
133	121
133	121
133	121
133	121
133	121
133	121
133	121
133	118
133	118
133	118
133	118
133	118
133	118
133	118
131	120
131	120
131	120
131	120
131	120
131	120
131	120
131	121
131	121
131	121
131	121
131	121
131	121
131	121
131	121
131	121
131	121
131	121
131	121
131	121
131	121
131	121
130	119
130	119
130	119
130	119
130	119
130	119
130	119
130	119
130	115
130	115
130	115
130	115
130	115
130	115
130	115
129	113
129	113
129	113
129	113
129	113
129	113
129	113
129	113
129	111
129	111
129	111
129	111
129	111
129	111
129	111
129	111
129	111
129	111
129	111
129	111
129	111
129	111
128	114
128	114
128	114
128	114
128	114
128	114
128	114
128	114
127	117
127	117
127	117
127	117
127	117
127	117
127	117
127	120
127	120
127	120
127	120
127	120
127	120
127	120
127	120
126	123
126	123
126	123
126	123
126	123
126	123
126	123
127	123
127	123
127	123
127	123
127	123
127	123
127	123
127	123
127	123
127	123
127	123
127	123
127	123
127	123
127	123
127	122
127	122
127	122
127	122
127	122
127	122
127	122
127	122
127	122
126	122
126	122
126	122
126	122
126	122
126	122
126	123
126	123
126	123
126	123
126	123
126	123
126	123
126	123
126	123
126	123
126	123
126	123
126	123
126	123
126	123
126	122
126	122
126	122
126	122
126	122
126	122
126	122
126	122
126	122
126	122
126	122
126	122
126	122
126	122
126	122
126	122
126	122
126	122
126	122
126	122
126	122
126	122
126	121
126	121
126	121
126	121
126	121
126	121
126	121
122	119
122	119
122	119
122	119
122	119
122	119
122	119
122	119
121	119
121	119
121	119
121	119
121	119
121	119
121	119
121	120
121	120
121	120
121	120
121	120
121	120
121	120
121	120
120	120
120	120
120	120
120	120
120	120
120	120
120	120
120	120
120	120
120	120
120	120
120	120
120	120
120	120
120	120
120	120
120	120
120	120
120	120
120	120
120	120
120	120
119	120
119	120
119	120
119	120
119	120
119	120
119	120
118	120
118	120
118	120
118	120
118	120
118	120
118	120
118	120
118	120
118	120
118	120
118	120
118	120
118	120
118	120
117	120
117	120
117	120
117	120
117	120
117	120
117	120
117	120
117	120
117	120
117	120
117	120
117	120
117	120
117	120
117	120
117	120
117	120
117	120
117	120
117	120
117	120
117	120
117	119
117	119
117	119
117	119
117	119
117	119
117	119
116	119
116	119
116	119
116	119
116	119
116	119
116	119
115	119
115	119
115	119
115	119
115	119
115	119
115	119
115	119
115	119
115	119
115	119
115	119
115	119
115	119
115	119
115	119
115	119
115	119
115	119
115	119
115	119
115	119
115	119
115	119
115	119
115	119
115	119
115	119
115	119
115	119
116	120
116	120
116	120
116	120
116	120
116	120
116	120
116	120
119	120
119	120
119	120
119	120
119	120
119	120
119	120
120	120
120	120
120	120
120	120
120	120
120	120
120	120
120	120
120	120
120	120
120	120
120	120
120	120
120	120
120	120
120	120
120	120
120	120
120	120
120	120
121	120
121	120
120	119
120	119
120	119
120	119
120	119
120	119
120	119
120	119
120	118
120	118
120	118
120	118
120	118
120	118
120	118
120	118
120	118
120	118
120	118
120	118
120	118
120	118
119	118
119	118
119	118
119	118
119	118
119	118
119	118
119	118
119	118
119	118
119	118
119	118
119	118
119	118
119	118
119	118
119	118
119	118
119	118
119	118
119	118
119	118
119	118
119	118
119	118
119	118
119	118
119	118
119	118
119	118
119	118
119	118
119	118
119	118
119	118
119	118
119	118
119	118
119	117
119	117
119	117
119	117
119	117
119	117
119	117
119	117
119	117
119	117
119	117
119	117
119	117
119	117
119	117
119	117
119	117
119	117
119	117
119	117
119	117
119	117
119	117
119	117
119	117
119	117
119	117
119	117
119	117
119	118
119	118
119	118
119	118
119	118
119	118
119	118
119	118
120	120
120	120
120	120
120	120
120	120
120	120
120	120
121	121
121	121
121	121
121	121
121	121
121	121
121	121
121	121
121	121
121	121
121	121
121	121
121	121
121	121
121	121
120	119
120	119
120	119
120	119
120	119
120	119
120	119
119	119
119	119
119	119
119	119
119	119
119	119
119	119
119	119
117	118
117	118
117	118
117	118
117	118
117	118
117	118
117	117
117	117
116	117
116	117
116	117
116	117
116	117
116	117
115	116
115	116
115	116
115	116
115	116
115	116
115	116
115	116
115	116
115	116
115	116
115	116
115	116
115	116
115	116
115	116
115	116
115	116
115	116
115	116
115	116
115	116
114	116
114	116
114	116
114	116
114	116
114	116
114	116
114	116
114	116
114	116
114	116
114	116
114	116
114	116
114	116
114	116
114	116
114	116
114	116
114	116
114	116
114	116
113	116
113	116
113	116
113	116
113	116
113	116
113	116
113	116
112	116
112	116
112	116
112	116
112	116
112	116
112	116
112	116
112	116
112	116
112	116
112	116
112	116
112	116
112	116
112	116
112	116
112	116
112	116
112	116
112	116
112	116
112	116
112	116
112	116
112	116
112	116
112	116
112	116
111	116
111	116
111	116
111	116
111	116
111	116
111	116
111	116
111	116
111	116
111	116
111	116
111	116
111	116
111	116
111	116
111	116
111	116
111	116
111	116
111	116
111	116
111	116
110	116
110	116
110	116
107	116
107	116
107	116
107	116
107	115
107	115
107	115
107	115
107	115
107	115
107	115
107	115
104	116
104	116
104	116
104	116
104	116
104	116
104	116
107	116
107	116
107	116
107	116
107	116
107	116
107	116
111	117
111	117
111	117
111	117
111	117
111	117
111	117
111	117
111	118
111	118
111	118
111	118
111	118
111	118
111	118
110	118
110	118
110	118
110	118
110	118
110	118
110	118
110	118
111	118
111	118
111	118
111	118
111	118
111	118
111	118
111	117
111	117
111	117
111	117
111	117
111	117
111	117
111	117
112	117
112	117
112	117
112	117
112	117
112	117
112	117
112	117
112	117
112	117
112	117
112	117
112	117
112	117
112	117
112	117
112	117
112	117
112	117
112	117
112	117
112	117
112	117
112	117
112	117
112	117
112	117
112	117
112	117
112	118
112	118
112	118
112	118
112	118
112	118
112	118
112	118
113	119
113	119
113	119
113	119
113	119
113	119
113	119
113	120
114	120
114	120
114	120
114	120
114	120
114	120
114	120
114	120
114	120
114	120
114	120
114	120
114	120
114	120
115	119
115	119
115	119
115	119
115	119
115	119
115	119
115	118
115	118
115	118
115	118
115	118
115	118
115	118
115	118
115	117
115	117
115	117
115	117
115	117
115	117
115	117
115	117
115	117
115	117
115	117
115	117
115	117
115	117
115	117
115	117
115	117
115	117
115	117
115	117
115	117
115	117
116	117
116	117
116	117
116	117
116	117
116	117
116	117
117	117
117	117
117	117
117	117
117	117
117	117
117	117
117	117
117	117
117	117
117	117
117	117
117	117
117	117
117	117
117	117
117	117
117	117
117	117
117	117
117	117
117	117
117	117
117	116
117	116
117	116
117	116
117	116
117	116
117	116
117	116
117	116
117	116
117	116
117	116
117	116
117	116
117	116
117	117
117	117
117	117
117	117
117	117
117	117
117	117
117	118
117	118
117	118
117	118
117	118
117	118
117	118
117	119
117	119
117	119
117	119
117	119
117	119
117	119
117	119
117	119
117	119
117	119
117	119
117	119
117	119
117	119
116	119
116	119
116	119
116	119
116	119
116	119
116	119
116	119
114	120
114	120
114	120
114	120
114	120
114	120
114	120
114	118
114	118
114	118
114	118
114	118
114	118
114	118
114	118
114	118
114	118
114	118
114	118
114	118
114	118
114	118
114	118
114	118
114	118
114	118
114	118
114	118
114	118
114	119
114	119
114	119
114	119
114	119
114	119
114	119
114	119
114	120
114	120
114	120
114	120
114	120
114	120
114	120
119	121
119	121
119	121
119	121
119	121
119	121
119	121
119	121
119	121
119	121
119	121
119	121
119	121
119	121
119	121
119	122
119	122
119	122
119	122
119	122
119	122
119	122
119	122
120	122
120	122
120	122
120	122
120	122
120	122
120	122
120	122
120	122
120	122
120	122
120	122
120	122
120	122
122	121
122	121
122	121
122	121
122	121
122	121
122	121
122	121
122	120
122	120
122	120
122	120
122	120
122	120
122	120
121	119
121	119
120	119
120	119
120	119
120	119
120	119
120	119
119	118
119	118
119	118
119	118
119	118
119	118
119	118
119	117
119	117
119	117
119	117
119	117
119	117
119	117
119	117
118	116
118	116
118	116
118	116
118	116
118	116
118	116
118	114
118	114
118	114
118	114
118	114
118	114
118	114
118	113
118	113
118	113
118	113
118	113
118	113
118	113
118	113
118	113
116	113
116	113
116	113
116	113
116	113
116	113
115	113
115	113
115	113
115	113
115	113
115	113
115	113
115	113
113	112
113	112
113	112
113	112
113	112
113	112
113	112
113	114
113	114
113	114
113	114
113	114
113	114
113	114
113	114
113	117
113	117
113	117
113	117
115	117
115	117
115	117
116	117
116	117
116	117
116	117
116	117
116	117
116	117
116	117
116	117
116	117
116	117
116	117
116	117
116	117
116	117
117	118
117	118
117	118
117	118
117	118
117	118
117	118
119	122
119	122
119	122
119	122
119	122
119	122
119	122
119	122
120	124
120	124
120	124
120	124
120	124
120	124
120	124
121	125
121	125
121	125
121	125
121	125
121	125
121	125
121	125
121	123
121	123
121	123
121	123
121	123
121	123
121	123
123	122
123	122
123	122
123	122
123	122
123	122
123	122
123	120
123	120
123	120
123	120
123	120
123	120
123	120
123	120
125	123
125	123
125	123
125	123
125	123
125	123
126	123
127	121
127	121
127	121
127	121
127	121
127	121
127	121
127	121
127	119
127	119
127	119
127	119
127	119
127	119
127	119
129	122
129	122
129	122
129	122
129	122
129	122
129	122
129	122
130	120
130	120
130	120
130	120
130	120
130	120
130	120
131	123
131	123
131	123
131	123
131	123
131	123
131	123
133	125
133	125
133	125
133	125
133	125
133	125
133	125
133	125
134	128
134	128
134	128
134	128
134	128
134	128
134	128
135	131
135	131
135	131
135	131
135	131
135	131
135	131
135	131
135	129
135	129
135	129
135	129
135	129
135	129
135	129
137	132
137	132
137	132
137	132
137	132
138	132
138	132
138	132
139	132
139	132
139	132
139	132
139	132
139	132
139	132
139	135
139	135
139	135
139	135
139	135
139	135
139	135
140	138
140	138
140	138
140	138
140	138
140	138
140	138
140	138
141	141
141	141
141	141
141	141
141	141
141	141
141	141
141	144
141	144
141	144
141	144
141	144
141	144
141	144
141	144
145	145
145	145
145	145
145	145
145	145
145	145
145	145
146	145
146	145
146	145
146	145
146	145
146	145
146	145
146	145
146	145
146	145
146	145
146	145
146	145
146	145
146	145
146	146
146	146
146	146
146	146
146	146
146	146
146	146
147	147
147	147
147	147
148	147
148	147
148	147
148	147
148	147
148	147
148	147
148	147
148	147
148	147
148	147
148	147
148	147
148	147
148	147
148	147
148	147
148	147
148	147
148	147
149	149
149	149
149	149
149	149
149	149
149	149
149	149
149	148
149	148
149	148
149	148
149	148
149	148
149	148
149	149
149	149
149	149
149	149
149	149
149	149
149	149
149	149
151	149
151	149
151	149
151	149
151	149
151	149
151	149
150	147
150	147
150	147
150	147
150	147
150	147
150	147
150	147
151	150
151	150
151	150
151	150
151	150
151	150
151	150
151	151
151	151
151	151
151	151
151	151
151	151
151	151
151	151
152	152
152	152
152	152
152	152
152	152
152	152
152	152
152	152
152	152
152	152
152	152
152	152
152	152
152	152
152	154
152	154
152	154
152	154
152	154
152	154
152	154
152	154
153	153
153	153
153	153
153	153
153	153
153	153
153	153
154	154
154	154
154	154
154	154
154	154
154	154
154	154
154	154
155	152
155	152
155	152
155	152
155	152
155	152
155	152
155	150
155	150
155	150
155	150
155	150
155	150
155	150
155	150
156	148
156	148
156	148
156	148
156	148
156	148
156	148
157	146
157	146
157	146
157	146
157	146
157	146
157	146
157	144
157	144
157	144
157	144
157	144
157	144
157	144
157	144
157	142
157	142
157	142
157	142
157	142
157	142
157	142
157	140
157	140
157	140
157	140
157	140
157	140
157	140
157	140
157	138
157	138
157	138
157	138
157	138
157	138
157	138
157	141
157	141
157	141
157	141
157	141
157	141
157	141
157	141
158	144
158	144
158	144
158	144
158	144
158	144
158	144
157	142
157	142
157	142
157	142
157	142
157	142
157	142
157	140
157	140
157	140
157	140
157	140
157	140
157	140
157	140
157	138
157	138
157	138
157	138
157	138
157	138
157	138
157	136
157	136
157	136
157	136
157	136
157	136
157	136
157	136
157	137
157	137
157	137
157	137
157	137
157	137
157	137
157	135
156	135
156	135
156	135
156	135
156	135
156	135
156	135
156	133
156	133
156	133
156	133
156	133
156	133
156	133
156	128
156	128
156	128
156	128
156	128
156	128
156	128
157	126
157	126
157	126
157	126
157	126
157	126
157	126
157	126
156	131
156	131
156	131
156	131
156	131
156	131
156	131
156	134
156	134
156	134
156	134
156	134
156	134
156	134
156	134
156	132
156	132
156	132
156	132
156	132
156	132
156	132
156	130
156	130
156	130
155	130
155	130
155	130
155	130
155	130
155	133
155	133
155	133
155	133
155	133
155	133
155	133
155	131
155	131
155	131
155	131
155	131
155	131
155	131
155	129
155	129
155	129
155	129
155	129
155	129
155	129
155	129
155	127
155	127
155	127
155	127
155	127
155	127
155	127
155	125
155	125
155	125
155	125
155	125
155	125
155	125
155	125
155	123
155	123
155	123
155	123
155	123
155	123
155	123
155	126
155	126
155	126
155	126
155	126
155	126
154	126
154	126
154	124
154	124
154	124
154	124
154	124
154	124
154	124
155	123
155	123
155	123
155	123
155	123
155	123
155	123
155	121
155	121
155	121
155	121
155	121
155	121
155	121
155	121
155	119
155	119
155	119
155	119
155	119
155	119
155	119
155	117
155	117
155	117
155	117
155	117
155	117
154	117
154	117
154	115
154	115
154	115
154	115
154	115
154	115
154	115
153	113
153	113
153	113
153	113
153	113
153	113
153	113
153	113
153	116
153	116
153	116
153	116
153	116
153	116
153	116
153	119
153	119
153	119
153	119
153	119
153	119
153	119
153	122
153	122
153	122
153	122
153	122
153	122
153	122
153	122
153	119
153	119
153	119
153	119
153	119
153	119
153	119
153	123
153	123
153	123
153	123
153	123
153	123
153	123
153	123
153	123
153	123
153	123
153	123
153	123
153	123
153	123
154	122
154	122
154	122
154	122
154	122
154	122
154	122
154	122
154	122
154	122
154	122
154	122
153	122
153	122
153	122
153	121
153	121
153	121
153	121
153	121
153	121
153	121
153	121
153	121
153	121
153	121
153	121
153	121
153	121
153	121
153	121
153	121
153	121
153	121
153	121
153	121
153	121
151	121
151	121
151	121
151	121
151	121
151	121
151	121
151	121
150	120
150	120
150	120
150	120
149	120
149	120
149	120
149	120
149	120
149	120
149	120
149	120
149	120
149	120
149	120
147	120
147	120
147	120
147	120
147	120
147	120
147	120
146	120
146	120
146	120
146	120
146	120
146	120
146	120
145	120
145	120
145	120
145	120
145	120
145	120
145	120
145	120
145	120
145	120
145	120
145	120
143	120
143	120
143	120
143	120
143	120
143	120
143	120
143	120
143	120
143	120
143	120
142	121
142	121
142	121
142	121
142	121
142	121
142	121
142	121
142	121
142	121
142	121
142	121
142	121
142	121
142	121
141	123
141	123
141	123
141	123
141	123
141	123
141	123
140	123
140	123
138	123
138	123
138	123
138	123
138	123
138	123
138	123
138	123
138	123
138	123
138	123
138	123
138	123
136	123
136	123
136	123
136	123
136	123
136	123
136	123
136	123
136	123
136	123
136	123
136	123
136	123
136	123
136	123
134	122
134	122
134	122
134	122
134	122
134	122
134	122
134	121
134	121
133	121
133	121
133	121
133	121
133	121
133	121
133	121
133	121
133	121
133	121
133	121
133	121
133	121
133	121
133	121
133	121
133	121
133	121
133	121
133	121
133	120
133	120
133	120
133	120
133	120
133	120
133	120
133	120
133	120
133	120
133	120
133	120
133	120
133	120
133	120
134	122
134	122
134	122
134	122
134	122
134	122
134	122
134	122
134	121
134	121
134	121
134	121
134	121
134	121
134	121
134	121
134	121
134	121
134	121
134	121
134	121
134	121
134	121
134	119
134	119
134	119
134	119
134	119
134	119
134	119
134	119
134	119
134	119
134	119
134	119
134	119
134	119
134	119
134	119
133	119
133	119
133	119
133	119
133	119
133	119
132	120
132	120
132	120
132	120
132	120
132	120
132	120
131	120
131	120
131	120
131	120
131	120
131	120
131	120
131	120
131	121
131	121
131	121
131	121
131	121
131	121
131	121
129	121
129	121
129	121
129	121
129	121
127	121
127	121
127	121
127	120
127	120
127	120
127	120
127	120
127	120
127	120
127	119
127	119
127	119
127	119
127	119
127	119
127	119
126	117
126	117
126	117
126	117
126	117
126	117
126	117
126	117
126	118
126	118
126	118
126	118
126	118
126	118
126	118
126	118
126	118
126	118
126	118
126	118
126	118
126	118
126	118
125	119
125	119
125	119
125	119
125	119
125	119
125	119
126	120
126	120
126	120
126	120
126	120
126	120
126	120
126	122
126	122
126	122
126	122
126	122
126	122
126	122
126	122
126	122
126	122
126	122
126	122
126	122
126	122
126	122
126	122
126	122
126	122
126	122
126	122
126	122
126	122
126	122
125	121
125	121
125	121
125	121
125	121
125	121
125	121
125	121
125	121
125	121
125	121
125	121
125	121
125	121
125	121
124	120
124	120
124	120
124	120
124	120
124	120
124	120
124	119
124	119
124	119
124	119
124	119
124	119
124	119
124	118
124	118
124	118
124	118
124	118
124	118
124	118
124	118
122	118
122	118
122	118
122	118
122	118
122	118
122	118
121	121
121	121
121	121
121	121
121	121
121	121
121	121
121	121
121	121
121	121
121	121
121	121
121	121
121	121
121	121
121	121
121	121
121	121
121	121
121	121
121	121
121	121
121	121
121	121
121	121
121	121
121	121
121	121
121	121
121	121
121	122
121	122
121	122
121	122
121	122
121	122
121	122
121	120
121	120
121	120
121	120
121	120
121	120
121	120
121	120
121	120
121	120
121	120
121	120
121	120
121	120
121	120
121	120
121	120
121	120
121	120
121	120
121	120
121	120
121	120
121	119
121	119
121	119
121	119
121	119
121	119
121	119
121	118
121	118
121	118
121	118
121	118
121	118
121	118
121	118
121	117
121	117
121	117
121	117
121	117
121	117
121	117
121	117
121	117
121	117
121	117
121	117
121	117
121	117
121	116
121	116
121	116
121	116
121	116
121	116
121	116
121	116
121	117
121	117
121	117
121	117
121	117
120	117
120	117
120	118
120	118
120	118
120	118
120	118
120	118
120	118
120	118
120	119
120	119
120	119
120	119
120	119
120	119
120	119
120	121
120	121
120	121
120	121
120	121
120	121
120	121
120	121
120	122
120	122
120	122
120	122
120	122
120	122
120	122
120	123
120	123
120	123
120	123
120	123
120	123
120	123
120	123
120	123
120	123
120	123
120	123
120	123
120	123
120	123
121	125
121	125
121	125
121	125
121	125
121	125
121	125
122	126
122	126
122	126
122	126
122	126
122	126
122	126
122	126
122	126
122	126
122	126
122	126
122	126
122	126
122	126
127	126
127	126
127	126
127	126
127	126
127	126
127	126
127	126
127	126
127	126
127	126
127	126
127	126
127	126
127	126
127	125
127	125
127	125
127	125
127	125
127	125
127	125
127	124
127	124
127	124
127	124
127	124
127	124
127	124
127	124
127	124
127	124
127	124
127	124
127	124
127	124
127	124
127	123
127	123
127	123
127	123
127	123
127	123
127	123
127	123
127	122
127	122
127	122
127	122
127	122
127	122
127	122
126	120
126	120
126	120
126	120
126	120
126	120
125	120
125	120
124	119
124	119
124	119
124	119
124	119
124	119
124	119
124	117
124	117
124	117
124	117
124	117
124	117
124	117
120	116
120	116
120	116
120	116
120	116
120	116
120	116
120	116
118	113
118	113
118	113
118	113
118	113
118	113
118	113
117	112
117	112
117	112
117	112
117	112
117	112
117	112
117	112
115	111
115	111
115	111
115	111
115	111
115	111
115	111
114	110
114	110
114	110
114	110
114	110
114	110
114	110
114	110
113	110
113	110
113	110
113	110
113	110
113	110
113	110
113	111
113	111
113	111
113	111
113	111
113	111
113	111
112	112
112	112
112	112
112	112
112	112
112	112
113	112
113	112
113	113
113	113
113	113
113	113
113	113
113	113
113	113
113	113
113	113
113	113
113	113
113	113
113	113
113	113
113	113
113	114
113	114
113	114
113	114
113	114
113	114
113	114
113	114
113	114
113	114
113	114
113	114
113	114
113	114
113	114
113	114
113	114
113	114
113	114
113	114
113	114
113	114
112	116
112	116
112	116
112	116
112	116
112	116
112	116
112	117
112	117
112	117
112	117
112	117
112	117
112	117
112	117
111	118
111	118
111	118
111	118
111	118
111	118
111	118
111	117
111	117
111	117
111	117
111	117
111	117
111	117
111	117
111	115
111	115
111	115
111	115
111	115
111	115
111	115
111	115
111	115
111	115
111	115
111	115
111	115
111	115
111	113
111	113
111	113
111	113
111	113
111	113
111	113
111	113
110	111
110	111
110	111
110	111
110	111
110	111
110	111
110	111
110	111
110	111
110	111
110	111
110	111
110	111
110	111
109	108
109	108
109	108
109	108
109	108
109	108
109	108
106	108
106	108
106	108
106	108
106	108
106	108
106	108
106	108
106	107
106	107
106	107
106	107
106	107
106	107
106	107
106	106
106	106
106	106
106	106
106	106
106	106
106	106
106	106
106	106
106	106
106	106
106	106
106	106
106	106
107	106
107	106
107	106
106	106
106	106
106	106
106	106
106	106
105	106
105	106
105	106
105	106
105	106
105	106
105	106
105	106
105	104
105	104
105	104
105	104
105	104
105	104
105	104
102	101
102	101
102	101
102	101
102	101
102	101
102	101
102	101
102	102
102	102
102	102
102	102
102	102
102	102
102	102
102	103
102	103
102	103
102	103
102	103
102	103
102	103
103	104
103	104
103	104
103	104
103	104
103	104
103	104
103	104
103	105
103	105
103	105
103	105
103	105
103	105
103	105
103	105
103	105
103	105
103	105
103	105
103	105
103	105
103	105
103	104
103	104
103	104
103	104
103	104
103	104
103	104
105	103
105	103
105	103
105	103
105	103
105	103
105	103
105	103
103	101
103	101
103	101
103	101
103	101
103	101
103	101
103	99
103	99
103	99
103	99
103	99
103	99
103	99
101	98
101	98
101	98
101	98
101	98
101	98
101	98
101	98
100	98
99	98
99	98
99	98
99	98
99	98
99	98
99	98
99	98
99	98
99	98
99	98
99	98
99	98
99	98
99	99
99	99
99	99
99	99
99	99
99	99
99	99
99	100
99	100
99	100
99	100
99	100
99	100
99	100
99	100
100	101
100	101
100	101
100	101
100	101
100	101
100	101
100	101
100	101
100	101
100	101
100	101
100	101
100	101
102	101
102	101
102	101
102	101
102	101
102	101
102	101
102	101
102	100
102	100
102	100
102	100
102	100
102	100
102	100
102	99
102	99
102	99
102	99
102	99
102	99
102	99
102	99
101	98
101	98
101	98
101	98
101	98
101	98
101	98
101	97
101	97
101	97
101	97
101	97
101	97
101	97
101	97
101	97
101	97
101	97
101	97
101	97
101	97
101	97
100	97
100	97
100	97
100	97
100	97
100	97
100	97
99	99
99	99
99	99
99	99
99	99
99	99
99	99
99	99
99	100
99	100
99	100
99	100
99	100
99	100
99	100
99	101
99	101
99	101
99	101
99	101
99	101
99	101
101	101
103	101
103	101
103	101
103	101
103	101
103	101
103	101
103	101
103	101
103	101
103	101
103	101
103	101
103	101
103	101
103	100
103	100
103	100
103	100
103	100
103	100
103	100
103	101
103	101
103	101
103	101
103	101
103	101
103	101
103	101
103	101
103	101
103	101
103	101
103	101
103	101
102	101
102	102
102	102
102	102
102	102
102	102
102	102
102	102
101	105
101	105
101	105
101	105
101	105
101	105
101	105
101	105
101	106
101	106
101	106
101	106
101	106
101	106
101	106
102	109
102	109
102	109
102	109
102	109
102	109
102	109
102	109
102	110
102	110
102	110
102	110
106	110
106	110
106	110
106	110
106	110
106	110
106	110
106	110
106	110
106	110
106	110
106	110
106	110
106	110
106	110
106	110
106	110
106	110
106	112
106	112
106	112
106	112
106	112
106	112
106	112
106	111
106	111
106	111
106	111
106	111
106	111
106	111
106	111
106	111
106	111
106	111
106	111
106	111
106	111
106	111
106	110
106	110
106	110
106	110
106	110
106	110
106	110
106	110
103	109
103	109
103	109
103	109
103	109
103	109
103	109
101	107
101	107
101	107
101	107
101	107
101	107
101	107
101	107
101	105
101	105
101	105
101	105
101	105
101	105
101	105
101	105
101	105
101	105
101	105
101	105
102	105
102	105
102	107
102	107
102	107
102	107
102	107
102	107
102	107
102	107
102	109
102	109
102	109
102	109
102	109
102	109
102	109
102	111
102	111
102	111
102	111
102	111
102	111
102	111
102	111
102	113
102	113
102	113
102	113
102	113
102	113
102	113
102	114
102	114
102	114
102	114
102	114
102	114
102	114
102	114
102	114
102	114
102	114
102	114
102	114
102	114
102	114
103	115
103	115
103	115
103	115
103	115
103	115
103	115
104	114
104	114
104	114
104	114
104	114
104	114
104	114
104	114
105	115
105	115
105	115
105	115
105	115
105	115
105	115
105	113
105	113
105	113
105	113
105	113
111	113
111	113
111	113
112	112
112	112
112	112
112	112
112	112
112	112
112	112
112	112
112	112
112	112
112	112
112	112
112	112
112	112
112	112
112	113
112	113
112	113
112	113
112	113
112	113
112	113
115	115
115	115
115	115
115	115
115	115
115	115
115	115
116	113
116	113
116	113
116	113
117	113
117	113
117	113
117	113
117	112
117	112
117	112
117	112
117	112
117	112
117	112
117	115
117	115
117	115
117	115
117	115
117	115
117	115
117	115
117	116
117	116
117	116
117	116
117	116
117	116
117	116
118	115
118	115
118	115
118	115
118	115
118	115
118	115
118	115
118	113
118	113
118	113
117	113
117	113
117	113
117	113
117	112
117	112
117	112
117	112
117	112
117	112
117	112
117	111
117	111
117	111
117	111
117	111
117	111
117	111
117	111
117	111
117	111
117	111
117	111
117	111
117	111
117	111
117	111
117	111
117	111
117	111
117	111
117	111
117	111
117	111
117	111
117	111
117	111
117	111
117	111
117	111
117	111
117	111
117	111
117	111
117	111
117	111
117	111
117	111
117	111
115	112
115	112
115	112
115	112
115	112
115	112
115	112
115	112
115	112
115	112
115	112
115	112
115	112
115	112
115	112
115	112
115	112
115	112
115	112
115	112
115	112
115	112
115	112
115	112
115	112
114	112
114	112
114	112
114	112
113	111
113	111
113	111
113	111
113	111
113	111
113	111
113	111
113	111
113	111
113	111
113	111
113	111
113	111
113	111
113	111
113	111
113	111
113	111
113	111
113	111
113	111
113	111
111	112
111	112
111	112
111	112
111	112
111	112
111	112
111	112
111	112
111	112
111	112
111	112
111	112
111	112
111	112
111	112
111	112
111	112
111	112
111	112
111	112
111	112
111	112
111	112
111	112
111	112
111	112
111	112
111	112
111	111
111	111
111	111
111	111
111	111
111	111
111	111
111	111
111	111
111	111
111	111
111	111
111	111
111	111
111	111
111	110
110	110
110	110
110	110
110	110
110	110
110	110
110	110
111	110
111	110
111	110
111	110
111	110
111	110
111	110
111	110
111	110
111	110
111	110
111	110
111	110
111	110
111	110
111	110
111	110
111	110
111	110
111	110
111	110
111	110
111	110
111	110
111	110
111	110
111	110
111	110
111	110
111	110
111	110
111	110
111	110
111	110
111	110
111	110
111	110
111	112
111	112
111	112
111	112
111	112
111	112
111	112
112	111
112	111
112	111
112	111
112	111
112	111
112	111
112	111
112	111
112	111
112	111
112	111
112	111
112	111
112	111
112	109
112	109
112	109
112	109
112	109
112	109
112	109
112	109
112	110
112	110
112	110
112	110
112	110
112	110
112	110
113	110
113	110
113	110
113	110
113	110
113	110
113	110
114	111
114	111
114	111
114	111
114	111
114	111
114	111
114	111
114	112
114	112
114	112
114	112
114	112
114	112
114	112
114	112
114	112
114	112
114	112
114	112
114	112
114	112
114	112
115	113
115	113
115	113
115	113
115	113
115	113
115	113
115	113
115	113
115	113
115	113
115	113
115	113
115	113
115	113
115	113
115	113
115	113
115	113
115	113
115	113
115	113
115	113
115	113
115	113
115	113
115	113
115	113
115	113
114	113
114	113
114	113
114	113
114	113
114	113
114	113
114	113
114	113
114	113
114	113
114	113
114	113
114	113
114	113
114	113
114	113
114	113
114	113
114	113
114	113
114	113
114	113
113	114
113	114
113	114
113	114
113	114
113	114
113	114
113	114
113	114
113	114
113	114
113	114
113	114
113	114
113	114
113	115
113	115
113	115
113	115
113	115
113	115
114	115
115	115
115	115
115	115
115	115
115	115
115	115
115	115
115	113
115	113
115	113
115	113
115	113
115	113
115	113
115	113
117	111
117	111
117	111
117	111
117	111
117	111
117	111
117	110
117	110
117	110
117	110
117	110
117	110
117	110
117	110
118	111
118	111
118	111
118	111
118	111
118	111
118	111
117	109
117	109
117	109
117	109
117	109
117	109
117	109
117	109
116	107
116	107
116	107
116	107
116	107
116	107
116	107
116	107
116	107
116	107
116	107
116	107
116	107
116	107
116	105
116	105
116	105
116	105
116	105
116	105
116	105
116	105
115	104
115	104
115	104
115	104
115	104
115	104
115	104
114	102
114	102
114	102
114	102
114	102
114	102
114	102
114	102
114	101
114	101
114	101
114	101
114	101
114	101
114	101
114	99
114	99
114	99
114	99
114	99
114	99
114	99
114	99
113	98
113	98
113	98
113	98
113	98
113	98
113	98
113	96
113	96
113	96
113	96
113	96
113	96
113	96
113	97
113	97
113	97
113	97
113	97
113	97
113	97
113	97
112	96
112	96
112	96
112	96
112	96
112	96
112	96
112	97
112	97
112	97
112	97
112	97
112	97
112	97
112	97
112	95
112	95
112	95
112	95
112	95
112	95
112	95
112	93
112	93
112	93
112	93
112	93
112	93
112	93
112	93
112	91
112	91
112	91
112	91
112	91
112	91
112	91
110	89
110	89
110	89
110	89
110	89
110	89
110	89
107	87
107	87
107	87
107	87
107	87
107	87
107	87
107	87
105	85
105	85
105	85
105	85
105	85
105	85
105	85
105	83
105	83
105	83
105	83
105	83
105	83
105	83
105	83
105	84
105	84
105	84
105	84
105	84
105	84
105	84
105	82
105	82
105	82
105	82
105	82
104	82
104	82
104	82
104	84
104	84
104	84
104	84
104	84
104	84
104	84
104	87
104	87
104	87
104	87
104	87
104	87
104	87
104	87
104	90
104	90
104	90
104	90
104	90
104	90
104	90
106	93
106	93
106	93
106	93
106	93
106	93
106	93
107	94
107	94
107	94
107	94
107	94
107	94
107	94
107	94
107	92
107	92
107	92
107	92
107	92
107	92
107	92
107	90
107	90
107	90
107	90
107	90
107	90
107	90
107	90
