97	0
97	0
97	0
97	0
97	0
97	0
97	0
97	0
97	0
97	0
97	0
97	0
97	0
97	0
97	0
97	0
97	0
97	0
97	0
97	0
97	0
97	0
97	0
97	0
97	0
97	0
97	0
97	0
97	0
97	0
97	0
97	0
97	0
97	0
97	0
97	0
97	0
97	0
97	0
97	0
97	0
96	0
96	0
96	0
96	0
96	0
96	0
96	0
96	93
95	93
95	93
95	93
95	93
95	93
95	93
95	93
95	93
95	93
95	93
95	93
95	93
95	93
95	93
95	94
95	94
95	94
95	94
95	94
95	94
95	94
95	94
95	94
95	94
95	94
95	94
95	94
95	94
95	94
94	94
94	94
94	94
94	94
94	94
94	94
94	94
94	94
95	94
95	94
95	94
95	94
95	94
95	94
95	94
95	97
95	97
95	97
95	97
95	97
95	97
95	97
95	97
95	97
95	97
95	97
95	97
95	97
95	97
95	97
95	98
95	98
95	98
95	98
95	98
95	98
95	98
97	95
97	95
97	95
97	95
97	95
97	95
97	95
97	95
97	95
97	95
97	95
97	95
97	95
97	95
97	95
97	95
97	95
97	95
97	95
97	95
97	95
97	95
98	93
98	93
98	93
98	93
98	93
98	93
98	93
98	93
101	93
101	93
101	93
101	93
101	93
101	93
101	93
105	92
105	92
105	92
105	92
105	92
105	92
105	92
105	92
110	91
110	91
110	91
110	91
110	91
110	91
110	91
112	94
112	94
112	94
112	94
112	94
112	94
112	94
112	94
113	95
113	95
113	95
113	95
113	95
113	95
113	95
113	96
113	96
113	96
113	96
113	96
113	96
113	96
113	96
115	94
115	94
115	94
115	94
115	94
115	94
116	94
118	93
118	93
118	93
118	93
118	93
118	93
118	93
118	93
118	93
118	93
118	93
118	93
118	93
118	93
118	93
120	94
120	94
120	94
120	94
120	94
120	94
120	94
121	92
121	92
121	92
121	92
121	92
121	92
121	92
121	92
122	93
122	93
122	93
122	93
122	93
122	93
122	93
124	92
124	92
124	92
124	92
124	92
124	92
124	92
124	92
124	94
124	94
124	94
124	94
124	94
124	94
124	94
125	95
125	95
125	95
125	95
125	95
125	95
125	95
125	95
125	94
125	94
125	94
125	94
125	94
125	94
125	94
125	93
125	93
125	93
125	93
125	93
125	93
125	93
125	93
124	94
124	94
124	94
124	94
124	94
124	94
124	94
124	93
124	93
124	93
124	93
124	93
124	93
124	93
125	93
125	93
125	93
125	93
125	93
125	93
125	93
125	93
124	92
124	92
124	92
124	92
124	92
124	92
124	92
125	92
125	92
125	92
125	92
125	92
125	92
125	92
125	92
126	93
126	93
126	93
126	93
126	93
126	93
126	93
126	93
126	93
126	93
126	93
126	93
126	93
127	93
127	93
128	92
128	92
128	92
128	92
128	92
128	92
128	92
128	92
128	92
128	92
128	92
128	92
128	92
128	92
128	92
129	91
129	91
129	91
129	91
129	91
129	91
129	91
130	90
130	90
130	90
130	90
130	90
130	90
130	90
130	91
130	91
130	91
130	91
130	91
130	91
130	91
130	91
131	93
131	93
131	93
131	93
131	93
131	93
131	93
132	94
132	94
132	94
132	94
132	94
132	94
132	94
132	94
132	94
132	94
132	94
132	94
132	94
132	94
132	94
132	97
132	97
132	97
132	97
132	97
132	97
132	97
132	97
132	97
132	97
132	97
132	97
132	97
132	97
132	97
133	97
133	97
133	97
133	97
133	97
133	97
133	97
133	97
133	95
133	95
133	95
133	95
133	95
133	95
133	95
134	94
134	94
134	94
134	94
134	94
134	94
134	94
134	94
134	94
134	94
134	94
134	94
134	94
134	94
134	94
134	93
134	93
134	93
134	93
134	93
134	93
134	93
135	93
135	93
135	93
135	93
135	93
135	93
135	93
135	93
136	93
136	93
136	93
136	93
136	93
136	93
136	93
137	92
137	92
137	92
137	92
137	92
137	92
137	92
137	92
137	94
137	94
137	94
137	94
137	94
137	94
137	94
140	94
140	94
140	94
140	94
140	94
140	94
140	94
140	94
141	95
141	95
141	95
141	95
141	95
141	95
141	95
141	93
141	93
141	93
141	93
141	93
141	93
141	93
141	93
142	93
142	93
142	93
142	93
142	93
142	93
142	93
143	93
143	93
143	93
143	93
143	93
143	93
143	93
143	94
143	94
143	94
143	94
143	94
143	94
143	94
143	94
144	94
144	94
144	94
144	94
144	94
144	94
144	94
144	94
144	94
144	94
144	94
144	94
144	94
144	94
144	94
145	95
145	95
145	95
145	95
145	95
145	95
145	95
145	94
145	94
145	94
145	94
145	94
145	94
145	94
145	94
146	94
146	94
146	94
146	94
146	94
147	94
147	94
147	93
147	93
147	93
147	93
147	93
147	93
147	93
147	93
147	91
147	91
147	91
147	91
147	91
147	91
147	91
148	91
148	91
148	91
148	91
148	91
148	91
148	91
148	91
148	91
148	91
148	91
148	91
148	91
148	91
148	91
149	91
149	91
149	91
149	91
149	91
149	91
149	91
149	91
149	91
149	91
149	91
149	91
149	91
149	91
149	91
150	91
150	91
150	91
150	91
150	91
150	91
150	91
151	90
151	90
151	90
151	90
151	90
151	90
151	90
151	90
151	90
151	90
151	90
151	90
151	90
151	90
151	90
151	90
151	90
151	90
151	90
151	90
151	90
151	90
151	90
151	91
151	91
151	91
151	91
151	91
151	91
151	91
151	90
151	90
151	90
151	90
151	90
151	90
151	90
152	90
152	90
152	90
152	90
152	90
152	90
152	90
152	90
152	90
152	90
152	90
152	90
152	90
152	90
152	90
152	88
152	88
152	88
152	88
152	88
152	88
152	88
152	88
151	88
151	88
151	88
151	88
151	88
151	88
151	88
151	88
151	88
151	88
151	88
151	88
151	88
151	88
151	88
151	88
151	88
151	88
151	88
151	88
151	88
151	88
151	87
151	87
151	87
151	87
151	87
151	87
151	87
151	87
150	88
150	88
150	88
150	88
150	88
150	88
150	88
151	89
151	89
151	89
151	89
151	89
151	89
151	89
151	89
151	89
151	89
151	89
151	89
151	89
151	89
151	89
151	89
151	89
151	89
151	89
151	89
151	89
151	89
152	88
152	88
152	88
152	88
152	88
152	88
152	88
152	88
152	87
152	87
152	87
152	87
152	87
152	87
152	87
151	87
151	87
151	87
151	87
151	87
151	87
151	87
151	87
151	87
151	87
151	87
151	87
151	87
151	87
151	87
151	87
151	87
151	87
151	87
151	87
151	87
151	87
151	87
151	87
151	87
151	87
151	87
151	87
151	87
151	87
151	87
152	87
152	87
152	87
152	87
152	87
152	87
152	87
152	89
152	89
152	89
152	89
152	89
152	89
152	89
152	90
152	90
152	90
152	90
152	90
152	90
152	90
152	90
152	90
152	90
152	90
152	90
152	90
152	90
152	90
152	88
152	88
152	88
152	88
152	88
152	88
152	88
152	88
152	88
152	88
152	88
152	88
152	88
152	88
152	88
152	91
152	91
152	91
152	91
152	91
152	91
152	91
153	88
153	88
153	88
153	88
153	88
153	88
153	88
153	88
153	91
153	91
153	91
153	91
153	91
153	91
153	91
153	94
153	94
153	94
153	94
153	94
153	94
153	94
154	94
154	94
154	94
154	94
154	94
154	94
154	94
154	94
154	96
154	96
154	96
154	96
154	96
154	96
154	96
154	99
154	99
154	99
154	99
154	99
154	99
154	99
154	99
154	97
154	97
154	97
154	97
154	97
154	97
154	97
154	98
154	98
154	98
154	98
154	98
154	98
154	98
154	98
154	100
154	100
154	100
154	100
154	100
154	100
154	100
154	105
154	105
154	105
154	105
154	105
154	105
154	105
154	105
153	103
153	103
153	103
153	103
153	103
153	103
153	103
153	101
153	101
153	101
153	101
153	101
153	101
153	101
153	101
153	104
153	104
153	104
153	104
153	104
153	104
153	104
153	107
153	107
153	107
153	107
153	107
153	107
153	107
153	105
153	105
153	105
153	105
153	105
153	105
153	105
153	105
153	106
153	106
153	106
153	106
153	106
153	106
153	106
153	106
153	106
153	106
153	106
153	106
153	106
153	106
153	106
153	104
153	104
153	104
153	104
153	104
153	104
153	104
153	101
153	101
153	101
153	101
153	101
153	101
153	101
153	101
151	100
151	100
151	100
151	100
151	100
151	100
151	100
150	98
150	98
150	98
150	98
150	98
150	98
150	98
150	98
150	96
150	96
150	96
150	96
150	96
150	96
150	96
150	94
150	94
150	94
150	94
150	94
147	94
147	94
147	97
147	97
147	97
147	97
147	97
147	97
147	97
147	97
141	97
141	97
141	97
141	97
141	97
141	97
141	97
141	100
141	100
141	100
141	100
141	100
141	100
141	100
141	100
139	106
139	106
139	106
139	106
139	106
139	106
139	106
140	104
140	104
140	104
140	104
140	104
140	104
140	104
140	104
140	102
140	102
140	102
140	102
140	102
140	102
140	102
141	103
141	103
141	103
141	103
141	103
141	103
141	103
141	103
142	106
142	106
142	106
142	106
142	106
142	106
142	106
143	109
143	109
143	109
143	109
143	109
143	109
143	109
143	105
143	105
143	105
143	105
143	105
145	105
145	105
145	105
145	104
145	104
145	104
145	104
145	104
145	104
145	104
146	107
146	107
146	107
146	107
146	107
146	107
146	107
146	107
146	105
146	105
146	105
146	105
146	105
146	105
146	105
147	110
147	110
147	110
147	110
147	110
147	110
147	110
147	110
148	108
148	108
148	108
148	108
148	108
148	108
148	108
148	106
148	106
148	106
148	106
148	106
148	106
148	106
148	106
149	107
149	107
149	107
149	107
149	107
149	107
149	107
149	105
149	105
149	105
149	105
149	105
149	105
149	105
149	101
149	101
149	101
149	101
149	101
149	101
149	101
149	101
149	99
149	99
149	99
149	99
149	99
149	99
149	99
149	95
149	95
149	95
149	95
149	95
149	95
149	95
149	95
149	95
149	95
149	95
149	95
149	95
149	95
149	95
149	93
149	93
149	93
149	93
149	93
149	93
149	93
149	93
150	96
150	96
150	96
150	96
150	96
150	96
150	96
151	94
151	94
151	94
151	94
151	94
151	94
151	94
151	94
151	97
151	97
151	97
151	97
151	97
151	97
151	97
153	98
153	98
153	98
153	98
153	98
153	98
153	98
154	99
154	99
154	99
154	99
154	99
154	99
154	99
154	99
154	99
154	99
154	99
154	99
154	99
154	99
154	99
154	98
154	98
156	98
156	98
156	98
156	98
156	98
156	98
156	96
156	96
156	96
156	96
156	96
156	96
156	96
156	94
156	94
156	94
156	94
156	94
156	94
156	94
156	94
156	92
156	92
156	92
156	92
156	92
156	92
156	92
157	93
157	93
157	93
157	93
157	93
157	93
157	93
157	93
157	92
157	92
157	92
157	92
157	92
157	92
157	92
157	97
157	97
157	97
157	97
157	97
157	97
157	97
158	100
158	100
158	100
158	100
158	100
158	100
158	100
158	100
158	96
158	96
158	96
158	96
158	96
158	96
158	96
158	96
158	96
158	96
158	96
158	96
158	96
158	96
158	96
158	97
158	97
158	97
158	97
158	97
158	97
158	97
158	100
158	100
158	100
158	100
158	100
158	100
158	100
158	100
158	103
158	103
158	103
158	103
158	103
158	103
158	103
158	107
158	107
158	107
158	107
158	107
158	107
158	107
158	107
158	104
158	104
158	104
158	104
158	104
158	104
158	104
158	105
158	105
158	105
158	105
158	105
158	105
158	105
158	104
158	104
158	104
158	104
158	104
158	104
158	104
158	104
158	101
158	101
158	101
158	101
158	101
158	101
158	101
158	101
158	101
158	101
158	101
158	101
158	101
158	101
158	101
158	99
158	99
158	99
158	99
158	99
158	99
158	99
158	102
158	102
158	102
158	102
158	102
158	102
158	102
158	102
158	106
158	106
158	106
158	106
158	106
158	106
158	106
158	109
158	109
158	109
158	109
158	109
158	109
158	109
158	109
158	103
158	103
158	103
158	103
158	103
158	103
158	103
157	106
157	106
157	106
157	106
157	106
157	106
157	106
157	104
157	104
157	104
157	104
157	104
157	104
157	104
157	104
157	102
157	102
157	102
157	102
157	102
157	102
157	102
157	100
157	100
157	100
157	100
157	100
157	100
157	100
157	100
157	99
157	99
157	99
157	99
157	99
157	99
157	99
157	99
157	99
157	99
157	99
157	99
157	99
157	99
157	99
157	98
157	98
157	98
157	98
157	98
157	98
157	98
157	96
157	96
157	96
157	96
157	96
157	96
157	96
157	96
157	101
157	101
157	101
157	101
157	101
157	101
157	101
157	104
157	104
157	104
157	104
157	104
157	104
157	104
157	107
157	107
157	107
157	107
157	107
157	107
157	107
157	107
157	105
157	105
157	105
157	105
157	105
157	105
157	105
157	100
157	100
157	100
157	100
157	100
157	100
157	100
157	100
156	103
156	103
156	103
156	103
156	103
156	103
156	103
156	101
156	101
156	101
156	101
156	101
156	101
156	101
156	101
156	99
156	99
156	99
156	99
156	99
156	99
156	99
156	103
156	103
156	103
156	103
156	103
156	103
156	103
156	106
156	106
156	106
156	106
156	106
156	106
156	106
156	106
156	106
156	106
156	106
156	106
156	106
156	106
156	104
156	104
156	104
156	104
156	104
156	104
156	104
156	104
156	106
156	106
156	106
156	106
156	106
156	106
156	106
156	102
156	102
156	102
156	102
156	102
156	102
156	102
156	102
156	100
156	100
156	100
156	100
156	100
156	100
156	100
156	103
156	103
156	103
156	103
156	103
156	103
156	103
156	103
156	106
156	106
156	106
156	106
156	106
156	106
156	106
156	109
156	109
156	109
156	109
156	109
156	109
156	109
156	109
156	112
156	112
156	112
156	112
156	112
156	112
156	112
157	112
157	112
157	112
157	112
157	112
157	112
157	112
157	110
157	110
157	110
157	110
157	110
157	110
157	110
157	110
157	113
157	113
157	113
157	113
157	113
157	113
157	113
158	111
158	111
158	111
158	111
158	111
158	111
158	111
158	111
158	116
158	116
158	116
158	116
158	116
158	116
158	116
158	119
158	119
158	119
158	119
158	119
158	119
158	119
158	119
158	117
158	117
158	117
158	117
158	117
158	117
158	117
158	118
158	118
158	118
158	118
158	118
158	118
158	118
158	118
158	121
158	121
158	121
158	121
158	121
158	121
158	121
158	119
158	119
158	119
158	119
158	119
158	119
158	119
158	117
158	117
158	117
158	117
158	117
158	117
159	117
159	117
159	120
159	120
159	120
159	120
159	120
159	120
159	120
159	123
159	123
159	123
159	123
159	123
159	123
159	123
159	123
159	125
161	125
161	125
161	125
161	125
161	125
161	125
161	129
161	129
161	129
161	129
161	129
161	129
161	129
161	129
162	132
162	132
162	132
162	132
162	132
162	132
162	132
163	129
163	129
163	129
163	129
163	129
163	129
163	129
163	129
163	135
163	135
163	135
163	135
163	135
163	135
163	135
163	138
163	138
163	138
163	138
163	138
163	138
163	138
163	136
163	136
163	136
163	136
163	136
163	136
163	136
163	136
163	136
163	136
163	136
163	136
162	136
162	136
162	136
162	139
162	139
162	139
162	139
162	139
162	139
162	139
162	139
162	142
162	142
162	142
162	142
162	142
162	142
162	142
162	145
162	145
162	145
162	145
162	145
162	145
162	145
162	145
162	148
162	148
162	148
162	148
162	148
162	148
162	148
162	151
162	151
162	151
162	151
162	151
162	151
162	151
162	151
161	154
161	154
161	154
161	154
161	154
161	154
161	154
161	159
161	159
161	159
161	159
161	159
161	159
161	159
161	158
161	158
161	158
161	158
161	158
161	158
161	158
161	158
161	158
161	158
161	158
161	158
161	158
161	158
161	158
160	159
160	159
160	159
160	159
160	159
160	159
160	159
160	159
160	162
160	162
160	162
160	162
160	162
160	162
160	162
160	161
160	161
160	161
160	161
160	161
160	161
160	161
160	161
160	158
160	158
160	158
160	158
160	158
160	158
160	158
159	158
159	158
159	158
159	158
159	158
159	158
159	158
159	158
159	158
159	158
159	158
159	158
159	158
159	158
159	158
160	161
160	161
160	161
160	161
160	161
160	161
160	161
160	158
160	158
160	158
160	158
160	158
160	158
160	158
160	158
160	159
160	159
160	159
160	159
160	159
160	159
160	159
160	159
160	159
160	159
160	159
160	159
160	159
160	159
160	159
160	159
160	159
160	159
160	159
160	159
160	159
160	159
160	159
160	159
160	159
160	159
160	159
160	159
160	159
160	159
160	159
160	159
160	159
160	159
160	159
160	159
160	159
160	161
160	161
160	161
160	161
160	161
160	161
160	161
160	161
160	161
160	161
160	161
160	161
160	161
160	161
160	161
160	164
160	164
160	164
160	164
160	164
160	164
160	164
160	158
160	158
160	158
160	158
160	158
160	158
160	158
160	158
160	158
160	158
160	158
160	158
160	158
160	158
160	158
160	158
160	158
160	158
160	158
160	158
160	158
160	158
160	158
160	158
160	158
160	158
160	158
160	158
160	158
160	158
160	158
160	158
159	158
159	158
159	158
159	158
159	158
159	158
159	156
159	156
159	156
159	156
159	156
159	156
159	156
159	157
159	157
159	157
159	157
159	157
159	157
159	157
159	157
159	157
159	157
159	157
159	157
159	157
159	157
159	157
158	156
158	156
158	156
158	156
158	156
158	156
158	156
159	156
159	156
159	156
159	156
159	156
159	156
159	156
159	156
159	159
159	159
159	159
159	159
159	159
159	159
159	159
159	160
159	160
159	160
159	160
159	160
159	160
159	160
159	160
159	160
159	160
159	160
159	160
159	160
159	160
159	160
159	157
159	157
159	157
159	157
159	157
159	157
159	157
159	157
158	158
159	158
159	158
159	158
159	158
159	158
159	158
159	158
159	158
159	158
159	158
159	158
159	158
159	158
159	158
159	158
159	158
159	158
159	158
159	158
159	158
159	158
159	158
159	158
159	158
159	158
159	158
159	158
159	158
159	158
159	158
159	158
159	158
159	158
159	158
159	158
159	158
160	158
160	158
160	158
160	158
160	158
160	158
160	158
160	159
160	159
160	159
160	159
160	159
160	159
160	159
160	159
160	159
160	159
160	159
160	159
160	159
160	159
160	159
160	159
160	159
160	159
160	159
160	159
160	159
160	159
160	162
160	162
160	162
160	162
160	162
160	162
160	162
160	162
160	162
160	162
160	162
160	162
160	162
160	162
160	162
161	162
161	162
161	162
161	162
161	162
161	162
161	162
161	162
161	159
161	159
161	159
161	159
161	159
161	159
161	159
160	159
160	159
160	159
160	159
160	159
160	159
160	159
160	159
161	159
161	159
161	159
161	159
161	159
161	159
161	159
161	162
161	162
161	162
161	162
161	162
161	162
161	162
161	162
161	165
161	165
161	165
161	165
161	165
161	165
161	165
161	168
161	168
161	168
161	168
161	168
161	168
161	168
162	166
162	166
162	166
162	166
162	166
162	166
162	166
162	166
162	164
162	164
162	164
162	164
162	164
162	164
162	164
161	160
161	160
161	160
161	160
161	160
161	160
161	160
161	160
161	160
161	160
161	160
161	160
161	160
161	160
161	160
161	166
161	166
161	166
161	166
161	166
161	166
161	166
161	166
161	164
161	164
161	164
161	164
161	164
161	164
161	164
161	163
161	163
161	163
161	163
161	163
161	163
161	163
161	163
161	158
161	158
161	158
161	158
161	158
161	158
161	158
161	159
161	159
161	159
161	159
161	159
161	159
161	159
161	157
161	157
161	157
161	157
161	157
161	157
161	157
161	157
160	158
160	158
160	158
160	158
160	158
160	158
160	158
160	158
160	158
160	158
160	158
160	158
160	158
160	158
160	158
159	158
159	158
159	158
159	158
159	158
159	158
159	158
159	158
159	158
159	158
159	158
159	158
159	158
159	158
159	158
159	158
159	158
159	158
159	158
159	158
159	158
159	158
159	158
159	158
159	158
159	158
159	158
159	158
159	158
159	158
159	158
159	158
159	158
159	158
159	158
159	158
159	158
159	161
159	161
159	161
159	161
159	161
159	161
159	161
160	162
160	162
160	162
160	162
160	162
160	162
160	162
160	162
160	162
160	162
160	162
160	162
160	162
160	162
160	162
160	160
160	160
160	160
160	160
160	160
160	160
160	160
160	160
160	160
160	160
160	160
160	160
160	160
161	160
161	160
162	160
162	160
162	160
162	160
162	160
162	160
162	160
162	160
162	161
162	161
162	161
162	161
162	161
162	161
162	161
162	161
162	161
162	161
162	161
162	161
162	161
162	161
162	161
162	161
162	161
162	161
162	161
162	161
162	161
162	161
162	159
162	159
162	159
162	159
162	159
162	159
162	159
162	161
162	161
162	161
162	161
162	161
162	161
162	161
162	161
162	161
162	161
162	161
162	161
162	161
162	161
162	161
163	161
163	161
163	161
163	161
163	161
163	161
163	161
163	161
163	159
163	159
163	159
163	159
163	159
163	159
163	159
163	157
163	157
163	157
163	157
163	157
163	157
163	157
163	157
163	162
163	162
163	162
163	162
163	162
163	162
163	162
163	165
163	165
163	165
163	165
163	165
163	165
163	165
163	165
163	165
163	165
163	165
163	165
163	165
163	165
163	165
163	165
163	165
163	165
163	165
163	165
163	165
163	165
164	162
164	162
164	162
164	162
164	162
164	162
164	162
164	162
164	160
164	160
164	160
164	160
164	160
164	160
164	160
164	158
164	158
164	158
164	158
164	158
164	158
164	158
164	158
164	162
164	162
164	162
164	162
164	162
164	162
164	162
164	162
164	162
164	162
164	162
164	162
164	162
164	162
164	162
164	162
164	162
164	162
164	162
164	162
164	162
164	162
164	160
164	160
164	160
164	160
164	160
164	160
164	160
164	158
164	158
164	158
164	158
164	158
164	158
164	158
164	158
164	162
164	162
164	162
164	162
164	162
164	162
164	162
164	162
164	162
164	162
164	162
164	162
164	162
164	162
164	162
164	166
164	166
164	166
164	166
164	166
164	166
164	166
164	164
164	164
164	164
164	164
164	164
164	164
164	164
164	164
164	162
164	162
164	162
164	162
164	162
164	162
164	162
164	163
164	163
164	163
164	163
164	163
164	163
164	163
164	163
164	163
164	163
164	163
164	163
164	163
164	163
164	163
164	163
165	163
165	163
165	163
165	163
165	163
165	163
165	161
165	161
165	161
165	161
165	161
165	161
165	161
165	161
165	159
165	159
165	159
165	159
165	159
165	159
165	159
165	155
165	155
165	155
165	155
165	155
165	155
165	155
165	155
165	153
165	153
165	153
165	153
165	153
165	153
165	153
165	156
165	156
165	156
165	156
165	156
165	156
165	156
165	156
165	159
165	159
165	159
165	159
165	159
165	159
165	159
165	163
165	163
165	163
165	163
165	163
165	163
165	163
165	166
165	166
165	166
165	166
165	166
165	166
165	166
165	166
165	166
165	166
165	166
165	166
165	166
165	166
165	166
165	164
165	164
165	164
165	164
165	164
165	164
165	164
165	164
165	163
165	163
165	163
165	163
165	163
165	163
165	163
165	163
165	163
165	163
165	163
165	163
165	163
165	163
165	163
165	163
165	163
165	163
165	163
165	163
165	163
165	163
165	164
165	164
165	164
165	164
165	164
165	164
166	164
166	164
166	164
166	164
166	164
166	164
166	164
166	164
166	164
166	164
166	164
166	164
166	164
166	164
166	164
166	164
166	164
166	164
166	164
166	164
166	164
166	164
166	164
166	164
166	162
166	162
166	162
166	162
166	162
166	162
166	162
166	165
166	165
166	165
166	165
166	165
166	165
166	165
166	165
166	168
166	168
166	168
166	168
166	168
166	168
166	168
166	166
166	166
166	166
166	166
166	166
166	166
166	166
166	166
166	168
166	168
166	168
166	168
166	168
166	168
166	168
166	169
166	169
166	169
166	169
166	169
166	169
166	169
166	169
164	166
164	166
164	166
164	166
164	166
165	166
165	166
166	165
166	165
166	165
166	165
166	165
166	165
166	165
166	165
166	165
166	165
166	165
166	165
166	165
166	165
166	165
166	164
166	164
166	164
166	164
166	164
166	164
166	164
166	165
166	165
166	165
166	165
166	165
166	165
166	165
166	165
166	163
166	163
166	163
166	163
166	163
166	163
166	163
166	165
166	165
166	165
166	165
166	165
166	165
166	165
166	165
166	165
166	165
166	165
166	165
166	165
166	165
166	165
165	164
165	164
165	164
165	164
165	164
165	164
165	164
165	164
165	167
165	167
165	167
165	167
165	167
165	167
165	167
166	168
166	168
166	168
166	168
166	168
166	168
166	168
166	167
166	167
166	167
166	167
166	167
166	167
166	167
166	167
167	168
167	168
167	168
167	168
167	168
167	168
167	168
166	165
166	165
166	165
166	165
166	165
166	165
166	165
166	165
166	165
166	165
166	165
166	165
166	165
166	165
166	165
166	165
166	165
166	165
166	165
166	165
166	165
166	165
166	165
166	164
166	164
166	164
166	164
166	164
166	164
166	164
167	164
167	164
167	164
167	164
167	164
167	164
167	164
167	164
167	164
167	164
167	164
167	164
167	164
167	164
167	164
167	164
167	164
167	164
167	164
167	164
167	164
167	164
167	164
167	164
167	164
167	164
167	164
167	164
167	164
167	164
167	164
167	164
167	164
167	164
167	164
167	164
167	164
166	163
166	163
166	163
166	163
166	163
166	163
166	163
166	163
166	162
166	162
166	162
166	162
166	162
166	162
166	162
165	162
165	162
165	162
165	162
165	162
165	162
165	162
165	162
165	162
165	162
165	162
165	162
165	162
165	162
165	162
165	164
165	164
165	164
165	164
165	164
165	164
165	164
164	163
164	163
164	163
164	163
164	163
164	163
164	163
164	163
163	162
163	162
163	162
163	162
163	162
163	162
163	162
163	158
163	158
163	158
163	158
163	158
163	158
163	158
163	158
161	156
161	156
161	156
161	156
161	156
161	156
161	156
160	156
160	156
160	156
160	156
160	156
160	156
160	156
160	156
159	155
159	155
159	155
159	155
159	155
159	155
159	155
158	154
158	154
158	154
158	154
158	154
158	154
158	154
158	154
158	154
158	154
158	154
158	154
158	154
158	154
158	154
157	154
157	154
157	154
157	154
157	154
157	154
157	154
157	154
157	154
157	154
157	154
157	154
157	154
157	154
157	154
156	153
156	153
156	153
156	153
156	153
156	153
156	153
155	156
155	156
155	156
155	156
155	156
155	156
155	156
155	156
155	155
155	155
155	155
155	155
155	155
155	155
155	155
155	154
155	154
155	154
155	154
155	154
155	154
155	154
155	154
154	154
154	154
154	154
154	154
154	154
154	154
154	154
154	149
154	149
154	149
154	149
154	149
154	149
154	149
154	149
152	148
152	148
152	148
152	148
152	148
152	148
152	148
151	146
151	146
151	146
151	146
151	146
151	146
151	146
151	147
151	147
151	147
151	147
151	147
151	147
151	147
151	147
151	146
151	146
151	146
151	146
151	146
151	146
151	146
149	144
149	144
149	144
148	144
148	144
148	144
148	144
148	144
148	149
148	149
148	149
148	149
148	149
148	149
148	149
148	149
148	149
148	149
148	149
148	149
148	149
148	149
148	149
148	148
148	148
148	148
148	148
148	148
148	148
148	148
148	144
148	144
148	144
148	144
148	144
148	144
148	144
148	144
147	144
147	144
147	144
147	144
147	144
147	144
147	144
146	141
146	141
146	141
146	141
146	141
146	141
146	141
146	142
146	142
146	142
146	142
146	142
146	142
146	142
146	142
144	141
144	141
144	141
144	141
144	141
144	141
144	141
144	141
144	141
144	141
144	141
144	141
144	141
144	141
144	141
143	140
143	140
143	140
143	140
143	140
143	140
143	140
143	139
143	139
143	139
143	139
143	139
143	139
143	139
143	139
143	138
143	138
143	138
143	138
143	138
143	138
143	138
142	138
142	138
142	138
142	138
142	138
142	138
142	138
142	138
141	136
141	136
141	136
141	136
141	136
141	136
141	136
141	134
141	134
141	134
141	134
141	134
141	134
141	134
139	134
139	134
139	134
139	134
139	134
139	134
139	134
139	134
137	135
137	135
137	135
137	135
137	135
137	135
137	135
133	136
133	136
133	136
133	136
133	136
133	136
133	136
133	136
133	134
133	134
133	134
133	134
133	134
133	134
133	134
131	135
131	135
131	135
131	135
131	135
131	135
131	135
131	135
130	133
130	133
130	133
130	133
130	133
130	133
130	133
130	133
130	133
130	133
130	133
130	133
130	133
130	133
133	133
133	133
133	133
133	133
133	133
133	133
133	133
133	133
134	134
134	134
134	134
134	134
134	134
134	134
134	134
135	135
135	135
135	135
135	135
135	135
135	135
135	135
135	135
136	135
136	135
136	135
136	135
136	135
136	135
136	135
136	136
136	136
136	136
136	136
136	136
136	136
136	136
136	136
136	137
136	137
136	137
136	137
136	137
136	137
136	137
136	138
136	138
136	138
136	138
136	138
136	138
136	138
136	138
138	142
139	142
139	142
139	142
139	142
139	142
139	142
139	142
139	142
139	142
139	142
139	142
139	142
139	142
139	144
139	144
139	144
139	144
139	144
139	144
139	144
139	144
141	145
141	145
141	145
141	145
141	145
141	145
141	145
142	143
142	143
142	143
142	143
142	143
142	143
142	143
142	143
142	144
142	144
142	144
142	144
142	144
142	144
142	144
144	145
144	145
144	145
144	145
144	145
144	145
144	145
144	145
145	146
145	146
145	146
145	146
145	146
145	146
145	146
146	147
146	147
146	147
146	147
146	147
146	147
146	147
146	147
146	147
146	147
146	147
146	147
146	147
146	147
146	147
149	148
149	148
149	148
149	148
149	148
149	148
149	148
149	149
149	149
149	149
149	149
149	149
149	149
149	149
149	149
149	148
149	148
149	148
149	148
149	148
149	148
149	148
149	151
149	151
149	151
149	151
149	151
149	151
149	151
149	151
149	151
149	151
149	151
149	151
149	151
149	151
150	151
150	151
150	151
150	151
150	151
150	151
150	151
150	151
150	151
150	148
150	148
150	148
150	148
150	148
150	148
150	148
150	148
150	148
150	148
150	148
150	148
150	148
150	148
150	148
150	146
150	146
150	146
150	146
150	146
150	146
150	146
150	150
150	150
150	150
150	150
150	150
150	150
150	150
151	151
151	151
151	151
151	151
151	151
151	151
151	151
151	151
151	150
151	150
151	150
151	150
151	150
151	150
151	150
151	151
151	151
151	151
151	151
151	151
151	151
151	151
151	151
153	152
153	152
153	152
153	152
153	152
153	152
153	152
153	153
153	153
153	153
153	153
153	153
153	153
153	153
153	153
153	153
153	153
153	153
153	153
153	153
153	153
153	153
154	156
154	156
154	156
154	156
154	156
154	156
154	156
155	154
155	154
155	154
155	154
155	154
155	154
155	154
155	154
155	157
155	157
155	157
155	157
155	157
155	157
155	157
155	155
155	155
155	155
155	155
156	155
156	155
156	155
156	155
156	155
156	155
156	155
156	155
156	155
156	155
156	155
156	153
156	153
156	153
156	153
156	153
156	153
156	153
156	153
156	156
156	156
156	156
156	156
156	156
156	156
156	156
157	156
157	156
157	156
157	156
157	156
157	156
157	156
157	156
157	154
157	154
157	154
157	154
157	154
157	154
157	154
157	156
157	156
157	156
157	156
157	156
157	156
157	156
158	156
158	156
158	156
158	156
158	156
158	156
158	156
158	156
158	157
158	157
158	157
158	157
158	157
158	157
158	157
158	156
158	156
158	156
158	156
158	156
158	156
158	156
158	156
158	159
158	159
158	159
158	159
158	159
158	159
158	159
158	162
158	162
158	162
158	162
158	162
158	162
158	162
158	162
158	159
158	159
158	159
158	159
158	159
158	159
158	159
158	157
158	157
158	157
158	157
158	157
158	157
158	157
158	157
158	157
158	157
158	157
158	157
158	157
158	157
158	157
159	157
159	157
159	157
159	157
159	157
159	157
159	157
159	157
159	157
159	157
159	157
159	157
159	157
159	157
159	157
158	157
158	157
158	157
158	157
158	157
158	157
158	157
159	157
159	157
159	157
159	157
159	157
159	157
159	157
159	157
159	157
159	157
159	157
159	157
159	157
159	157
159	157
159	158
159	158
159	158
159	158
159	158
159	158
159	158
159	158
159	158
159	158
159	158
159	158
159	158
159	158
159	158
159	158
159	158
159	158
159	158
159	158
159	158
159	158
159	158
159	161
159	161
159	161
159	161
159	161
159	161
159	161
160	160
160	160
160	160
160	160
160	160
160	160
160	160
160	159
160	159
159	159
159	159
159	159
159	159
159	159
159	159
159	156
159	156
159	156
159	156
159	156
159	156
159	156
158	156
158	156
158	156
158	156
158	156
158	156
158	156
158	156
158	155
158	155
158	155
158	155
158	155
158	155
158	155
158	155
158	155
158	155
158	155
158	155
158	155
158	155
158	155
158	155
158	155
157	155
157	155
157	155
157	155
157	155
157	155
157	155
157	155
157	155
157	155
157	155
157	155
157	155
157	155
157	155
157	155
157	155
157	155
157	155
157	155
157	154
157	154
157	154
157	154
157	154
157	154
157	154
158	153
158	153
158	153
158	153
158	153
158	153
158	153
158	153
157	152
156	152
156	152
156	152
156	152
156	152
156	152
156	152
156	152
156	152
156	152
156	152
156	152
156	152
156	152
155	152
155	152
155	152
155	152
155	152
155	152
155	152
155	152
155	152
155	152
155	152
155	152
155	152
155	152
155	152
155	155
155	155
155	155
155	155
155	155
155	155
155	155
154	153
154	153
154	153
154	153
154	153
154	153
154	153
154	153
154	153
154	153
154	153
154	153
154	153
154	153
154	153
154	149
154	149
154	149
154	149
154	149
154	149
154	149
154	147
154	147
154	147
154	147
154	147
154	147
154	147
154	147
153	147
153	147
153	147
153	147
153	147
153	147
153	147
150	146
150	146
150	146
150	146
150	146
150	146
150	146
150	146
150	146
150	146
150	146
150	146
150	146
150	146
150	146
149	144
149	144
149	144
149	144
149	144
149	144
149	144
149	144
148	145
148	145
148	145
148	145
148	145
148	145
148	145
147	144
147	144
147	144
147	144
147	144
147	144
147	144
146	143
146	143
146	143
146	143
146	143
146	143
146	143
146	143
145	142
145	142
145	142
145	142
145	142
145	142
145	142
144	144
144	144
144	144
144	144
144	144
144	144
144	144
144	144
144	142
144	142
144	142
144	142
144	142
144	142
144	142
143	142
143	142
143	142
143	142
143	142
143	142
142	142
142	142
141	138
141	138
141	138
141	138
141	138
141	138
141	138
141	136
141	136
141	136
141	136
141	136
141	136
141	136
141	136
139	136
139	136
139	136
139	136
139	136
139	136
139	136
138	137
138	137
138	137
138	137
138	137
138	137
138	137
138	136
138	136
138	136
138	136
138	136
138	136
138	136
138	136
139	137
139	137
139	137
139	137
139	137
139	137
139	137
140	138
140	138
140	138
140	138
140	138
140	138
140	138
140	138
140	138
140	138
140	138
140	138
140	138
140	138
140	138
140	138
140	138
140	138
140	138
140	138
140	138
140	138
140	138
135	138
135	138
135	138
135	138
135	138
135	138
135	138
134	139
134	139
134	139
134	139
134	139
134	139
134	139
134	137
134	137
134	137
134	137
134	137
134	137
134	137
134	137
134	135
134	135
134	135
134	135
134	135
134	135
134	135
135	130
135	130
135	130
135	130
135	130
135	130
135	130
135	130
135	131
135	131
135	131
135	131
135	131
135	131
135	131
135	131
135	131
135	131
135	131
135	131
135	131
135	131
135	131
133	129
133	129
133	129
133	129
133	129
133	129
133	129
133	129
133	129
133	129
133	129
133	129
133	129
133	129
133	129
133	129
133	129
133	129
133	129
133	129
133	129
133	129
133	129
133	129
133	129
133	129
133	129
133	129
133	129
132	128
132	128
132	128
132	128
132	128
132	128
132	128
132	128
132	126
132	126
132	126
132	126
132	126
132	126
132	126
132	124
133	124
133	124
133	124
133	124
133	124
133	124
133	124
132	131
132	131
132	131
132	131
132	131
132	131
132	131
132	131
132	131
132	131
132	131
132	131
132	131
132	131
132	131
132	130
132	130
132	130
132	130
132	130
132	130
132	130
132	127
132	127
132	127
132	127
132	127
132	127
132	127
132	127
132	125
132	125
132	125
132	125
132	125
132	125
132	125
132	123
132	123
132	123
132	123
132	123
132	123
132	123
130	121
130	121
130	121
130	121
130	121
130	121
130	121
130	121
129	121
129	121
129	121
129	121
129	121
129	121
129	121
129	121
129	121
129	121
129	121
129	121
129	121
129	121
129	121
129	121
129	121
129	121
129	121
129	121
129	121
129	121
128	121
128	121
128	121
128	121
128	121
128	121
128	121
128	121
128	122
128	122
128	122
128	122
128	122
128	122
128	122
128	122
128	122
128	122
128	122
128	122
128	122
128	122
128	123
128	123
128	123
128	123
128	123
128	123
128	123
128	123
128	122
128	122
128	122
128	122
128	122
128	122
128	122
128	120
128	120
128	120
128	120
128	120
128	120
128	120
128	120
128	122
128	122
128	122
128	122
128	122
128	122
128	122
128	120
128	120
128	120
128	120
128	120
128	120
128	120
128	120
128	118
128	118
128	118
128	118
128	118
128	118
128	118
127	114
127	114
127	114
127	114
127	114
127	114
127	114
127	114
127	112
127	112
127	112
127	112
127	112
127	112
127	112
127	110
127	110
127	110
127	110
127	110
127	110
127	110
127	108
127	108
127	108
127	108
127	108
127	108
127	108
127	108
128	106
128	106
128	106
128	106
128	106
128	106
128	106
128	104
128	104
128	104
128	104
128	104
128	104
128	104
128	104
128	106
128	106
128	106
128	106
128	106
128	106
128	106
127	108
127	108
127	108
127	108
127	108
127	108
127	108
127	108
125	111
125	111
125	111
125	111
125	111
125	111
125	111
124	113
124	113
124	113
124	113
124	113
124	113
124	113
124	113
127	115
127	115
127	115
127	115
127	115
127	115
127	115
126	118
126	118
126	118
126	118
126	118
126	118
126	118
126	121
126	121
126	121
126	121
126	121
126	121
126	121
126	121
126	122
126	122
126	122
126	122
126	122
126	122
126	122
125	121
125	121
125	121
125	121
123	121
123	121
123	121
123	121
123	121
123	121
123	121
123	121
123	121
123	121
123	121
123	121
123	121
123	121
123	121
123	121
123	121
123	121
123	121
123	120
123	120
123	120
123	120
123	120
123	120
123	120
123	119
123	119
123	119
123	119
123	119
123	119
123	119
125	119
125	119
125	119
125	119
125	119
125	119
125	119
125	119
127	119
127	119
127	119
127	119
127	119
127	119
127	119
127	120
127	120
127	120
127	120
127	120
127	120
127	120
127	120
126	120
126	120
126	120
126	120
126	120
126	120
126	120
126	121
126	121
126	121
126	121
126	121
126	121
126	121
126	121
125	121
125	121
124	121
124	121
124	121
124	121
124	121
125	121
125	121
125	121
125	121
125	121
125	121
125	121
125	121
125	123
125	123
125	123
125	123
125	123
125	123
125	123
124	123
124	123
124	123
124	123
124	123
124	123
124	123
124	123
124	123
124	123
124	123
124	123
124	123
124	123
124	123
125	120
125	120
125	120
125	120
125	120
125	120
125	120
125	120
125	120
125	120
125	120
125	120
125	120
125	120
125	120
124	121
124	121
124	121
124	121
124	121
124	121
124	121
123	120
123	120
123	120
123	120
123	120
123	120
123	120
123	120
123	120
123	120
123	120
123	120
123	120
123	120
123	120
121	120
121	120
119	120
119	120
119	120
119	120
119	120
119	120
119	119
119	119
119	119
119	119
119	119
119	119
119	119
119	119
119	119
119	119
119	119
119	119
119	119
119	119
119	120
119	120
119	120
119	120
119	120
119	120
119	120
119	120
119	120
119	120
119	120
119	120
119	120
119	120
119	120
119	120
119	120
119	120
119	120
119	120
119	120
119	120
119	120
120	120
120	120
120	120
120	120
120	120
120	120
120	120
120	120
120	120
120	120
120	120
120	120
120	120
120	120
120	120
120	122
120	122
120	122
120	122
120	122
120	122
120	122
120	122
120	122
120	122
120	122
120	122
120	122
120	122
120	122
120	122
120	122
120	122
120	122
120	122
120	122
120	122
120	122
120	122
120	122
120	122
120	122
120	122
120	122
120	120
120	120
120	120
120	120
120	120
120	120
120	120
120	120
121	120
121	120
121	120
121	120
121	120
121	120
121	120
121	120
121	120
121	120
121	120
121	120
121	120
121	120
121	120
121	120
121	120
121	120
121	120
121	120
121	120
121	120
121	120
121	120
121	120
121	120
121	120
121	120
121	120
121	120
121	120
121	120
121	120
121	120
121	120
121	120
121	120
121	120
121	120
121	120
121	120
121	120
121	120
121	120
121	119
121	119
121	119
121	119
121	119
121	119
121	119
121	119
121	120
121	120
121	120
121	120
121	120
121	120
121	120
121	122
121	122
121	122
121	122
121	122
121	122
121	122
121	122
121	123
121	123
121	123
121	123
121	123
121	123
121	123
122	123
122	123
122	123
122	123
122	123
122	123
122	123
122	123
122	123
122	123
122	123
122	123
122	123
123	123
123	123
123	121
123	121
123	121
123	121
123	121
123	121
123	121
123	121
122	122
122	122
122	122
122	122
122	122
122	122
122	122
122	122
122	122
122	122
122	122
122	122
122	122
122	122
123	123
123	123
123	123
123	123
123	123
123	123
123	123
123	123
123	123
123	123
123	123
123	123
123	123
125	123
125	123
125	124
125	124
125	124
125	124
125	124
125	124
125	124
125	124
126	126
126	126
126	126
126	126
126	126
126	126
126	126
126	127
126	127
126	127
126	127
126	127
126	127
126	127
126	127
128	129
128	129
128	129
128	129
128	129
128	129
128	129
129	131
129	131
129	131
129	131
129	131
130	131
130	131
130	133
130	133
130	133
130	133
130	133
130	133
130	133
130	133
133	136
133	136
133	136
133	136
133	136
133	136
133	136
135	138
135	138
135	138
135	138
135	138
135	138
135	138
135	138
137	143
137	143
137	143
137	143
137	143
137	143
137	143
137	145
137	145
137	145
137	145
140	145
140	145
140	145
140	145
141	147
141	147
141	147
141	147
141	147
141	147
141	147
143	146
143	146
143	146
143	146
143	146
143	146
143	146
143	146
143	147
143	147
143	147
143	147
143	147
143	147
143	147
146	149
146	149
146	149
146	149
146	149
146	149
146	149
147	150
147	150
147	150
148	150
148	150
148	150
148	150
148	150
148	151
148	151
148	151
148	151
148	151
148	151
148	151
151	152
151	152
151	152
151	152
151	152
151	152
151	152
151	152
152	152
152	152
152	152
152	152
152	152
152	152
152	152
153	153
153	153
153	153
153	153
153	153
153	153
153	153
153	153
153	154
153	154
153	154
154	154
154	154
154	154
154	154
155	158
155	158
155	158
155	158
155	158
155	158
155	158
155	158
156	158
156	158
156	158
156	158
156	158
156	158
156	158
156	159
156	159
156	159
156	159
156	159
156	159
156	159
156	159
156	159
156	159
156	159
156	159
156	159
156	159
156	159
156	157
156	157
156	157
157	157
157	157
157	157
157	157
157	157
157	157
157	157
157	157
157	157
157	157
157	157
157	157
158	157
158	157
158	157
158	157
158	157
158	157
158	157
159	157
159	157
159	157
159	157
159	157
159	157
159	157
159	157
159	157
159	157
159	157
159	157
159	157
159	157
159	157
159	158
159	158
159	158
159	158
159	158
159	158
159	158
159	158
159	158
159	158
159	158
159	158
159	158
159	158
159	158
159	158
159	158
159	158
159	158
159	158
159	158
159	158
159	159
159	159
159	159
159	159
159	159
159	159
159	159
159	159
160	160
160	160
160	160
160	160
160	160
160	160
160	160
161	160
161	160
161	160
161	160
161	160
161	160
161	160
161	160
161	162
161	162
161	162
161	162
161	162
161	162
161	162
163	163
163	163
163	163
163	163
163	163
163	163
163	163
163	163
163	167
163	167
163	167
163	167
163	167
163	167
163	167
164	167
164	167
164	167
164	167
164	167
164	167
164	167
164	167
165	167
165	167
165	167
165	167
165	167
165	167
165	167
165	165
165	165
165	165
165	165
165	165
165	165
165	165
165	165
165	165
165	165
165	165
165	165
165	165
165	165
165	165
165	165
165	165
165	165
165	165
165	165
165	165
165	165
166	166
166	166
166	166
166	166
166	166
166	166
166	166
166	166
166	166
167	166
167	166
167	166
167	166
167	166
167	166
167	167
167	167
167	167
167	167
167	167
167	167
167	167
167	167
167	165
167	165
167	165
167	165
167	165
167	165
167	165
167	166
167	166
167	166
167	166
167	166
167	166
167	166
167	166
167	166
167	166
167	166
167	166
167	166
167	166
167	166
167	166
168	166
168	166
168	166
168	166
168	166
168	166
168	169
168	169
168	169
168	169
168	169
168	169
168	169
168	169
168	171
168	171
168	171
168	171
168	171
168	171
168	171
168	169
168	169
168	169
168	169
168	169
168	169
168	169
168	169
168	167
168	167
168	167
168	167
168	167
168	167
168	167
169	167
169	167
169	167
169	167
169	167
169	167
169	167
169	168
169	168
169	168
169	168
169	168
169	168
169	168
169	168
169	166
169	166
169	166
169	166
169	166
169	166
169	166
170	164
170	164
170	164
170	164
170	164
170	164
170	164
170	164
170	168
170	168
170	168
170	168
170	168
170	168
170	168
169	168
169	168
169	168
169	168
169	168
169	168
169	168
169	168
169	168
169	168
169	168
169	168
169	168
169	168
169	168
169	167
169	167
169	167
169	167
169	167
169	167
169	167
169	167
169	167
169	167
169	167
169	167
169	167
169	167
169	167
168	168
168	168
168	168
168	168
168	168
168	168
169	168
170	168
170	168
170	168
170	168
170	168
170	168
170	168
170	168
170	168
170	168
170	168
170	168
170	168
170	168
170	168
168	171
168	171
168	171
168	171
168	171
168	171
168	171
168	171
168	172
168	172
168	172
168	172
168	172
168	172
168	172
169	172
169	172
169	172
169	172
169	172
169	172
169	172
169	172
169	169
169	169
169	169
169	169
169	169
169	169
169	169
169	169
169	169
169	169
169	169
169	169
169	169
169	169
169	169
169	169
169	169
169	169
169	169
169	169
169	169
169	169
169	169
169	169
169	169
169	169
169	169
169	169
169	169
170	168
170	168
170	168
170	168
170	168
170	168
170	168
170	168
168	168
168	168
168	168
168	168
168	168
168	168
168	168
168	168
168	168
168	168
168	168
168	168
168	168
168	168
168	168
169	167
169	167
169	167
169	167
169	167
169	167
169	167
169	167
169	167
169	167
169	167
169	167
169	167
169	167
169	167
169	167
169	167
169	167
169	167
169	167
169	167
169	167
169	169
169	169
169	169
169	169
169	169
169	169
169	169
169	169
169	169
169	169
169	169
169	169
169	169
168	169
168	169
167	169
167	169
167	169
167	169
167	169
167	169
167	169
167	166
167	166
167	166
167	166
167	166
167	166
167	166
167	166
167	167
167	167
167	167
167	167
167	167
167	167
167	167
167	169
167	169
167	169
167	169
167	169
167	169
167	169
167	169
167	167
167	167
167	167
167	167
167	167
167	167
167	167
167	167
167	167
167	167
167	167
167	167
167	167
167	167
167	167
168	167
168	167
168	167
168	167
168	167
168	167
168	167
168	165
168	165
168	165
168	165
168	165
168	165
168	165
168	166
168	166
168	166
168	166
168	166
168	166
168	166
168	166
167	164
167	164
167	164
167	164
167	164
167	164
167	164
167	163
167	163
167	163
167	163
167	163
167	163
167	163
167	163
167	166
167	166
167	166
167	166
167	166
167	166
167	166
168	166
168	166
168	166
168	166
168	166
168	166
168	166
168	166
168	166
168	166
168	166
168	166
168	166
168	166
168	166
168	169
168	169
168	169
168	169
168	169
168	169
168	169
168	170
168	170
168	170
168	170
168	170
168	170
168	170
168	170
168	168
168	168
168	168
168	168
168	168
168	168
168	168
168	166
168	166
168	166
168	166
168	166
168	166
168	166
168	166
168	165
168	165
168	165
168	165
168	165
168	165
168	165
167	165
167	165
167	165
167	165
167	165
167	165
167	165
167	165
167	165
167	165
167	165
167	165
167	165
167	165
167	165
167	165
167	165
167	165
167	165
167	165
167	165
167	165
166	165
166	165
166	165
166	165
166	165
166	165
166	165
166	165
167	166
167	166
167	166
167	166
167	166
167	166
167	166
167	166
167	166
167	166
167	166
167	166
167	166
167	166
167	166
167	167
167	167
167	167
167	167
167	167
167	167
167	167
168	168
168	168
168	168
168	168
168	168
168	168
168	168
168	168
169	168
169	168
169	168
169	168
169	168
169	168
169	168
169	169
169	169
169	169
169	169
169	169
169	169
169	169
169	169
170	170
170	170
170	170
170	170
170	170
170	170
170	170
171	170
171	170
171	170
171	170
171	170
171	170
171	170
171	171
171	171
171	171
171	171
171	171
171	171
171	171
171	171
171	172
171	172
171	172
171	172
171	172
171	172
171	172
172	172
172	172
172	172
172	172
172	172
172	172
172	172
172	172
172	172
172	172
172	172
172	172
172	172
172	172
172	172
174	172
174	172
174	172
174	172
174	172
174	172
174	172
174	172
174	173
174	173
174	173
174	173
174	173
174	173
174	173
174	173
174	173
174	173
174	173
174	173
174	173
174	173
174	174
174	174
174	174
174	174
174	174
174	174
174	174
174	174
175	174
175	174
175	174
175	174
175	174
175	174
175	174
176	178
176	178
176	178
176	178
176	178
176	178
176	178
176	178
176	178
176	178
176	178
176	178
176	178
176	178
176	178
176	180
176	180
176	180
176	180
176	180
176	180
176	180
176	180
175	176
175	176
175	176
175	176
175	176
175	176
175	176
176	177
176	177
176	177
176	177
176	177
176	177
176	177
176	175
176	175
176	175
176	175
176	175
176	175
176	175
176	175
176	173
176	173
176	173
176	173
176	173
176	173
176	173
176	172
176	172
176	172
176	172
176	172
176	172
176	172
176	172
176	172
176	172
176	172
176	172
176	172
176	172
176	172
176	172
176	172
177	172
177	172
177	172
177	172
177	172
177	172
177	173
177	173
177	173
177	173
177	173
177	173
177	173
177	172
177	172
177	172
177	172
177	172
177	172
177	172
177	170
177	170
177	170
177	170
177	170
177	170
177	170
177	170
177	168
177	168
177	168
177	168
177	168
177	168
177	168
177	169
177	169
177	169
177	169
177	169
177	169
177	169
177	169
177	167
177	167
177	167
177	167
177	167
177	167
177	167
177	165
177	165
177	165
177	165
177	165
177	165
177	165
177	165
178	167
178	167
178	167
178	167
178	167
178	167
178	167
178	165
178	165
178	165
178	165
178	165
178	165
178	165
179	170
180	170
180	170
180	170
180	170
180	170
180	170
180	170
180	170
180	170
180	170
180	170
180	170
180	170
180	170
180	172
180	172
180	172
180	172
180	172
180	172
180	172
180	172
181	171
181	171
181	171
181	171
181	171
181	171
181	171
181	169
181	169
181	169
181	169
181	169
181	169
181	169
180	169
180	169
180	169
180	169
180	169
180	169
180	169
180	169
180	167
180	167
180	167
180	167
180	167
180	167
180	167
180	167
180	173
180	173
180	173
180	173
180	173
180	173
180	173
180	174
180	174
180	174
180	174
180	174
180	174
180	174
180	177
180	177
180	177
180	177
180	177
180	177
179	177
179	177
179	177
180	177
180	177
180	177
180	177
180	177
180	177
180	177
180	177
180	177
180	177
180	177
180	177
180	177
180	177
179	177
179	177
179	177
179	177
179	177
179	177
179	177
179	177
179	177
179	177
179	177
179	177
179	177
179	177
179	177
179	177
179	177
179	177
179	177
179	177
179	177
179	177
179	176
179	176
179	176
179	176
179	176
179	176
179	176
179	175
179	175
179	175
179	175
179	175
179	175
179	175
179	175
179	176
179	176
179	176
179	176
179	176
179	176
179	176
179	176
179	176
179	176
179	176
179	176
179	176
179	176
179	176
179	177
179	177
179	177
179	177
179	177
179	177
179	177
179	177
179	177
179	177
179	177
179	177
179	177
179	177
179	177
179	178
179	178
179	178
179	178
179	178
179	178
179	178
179	178
179	178
179	178
179	178
179	178
179	178
179	178
180	179
180	179
180	179
180	179
180	179
180	179
180	179
180	179
180	179
180	179
180	179
180	179
180	179
180	179
180	179
180	179
180	179
180	179
180	179
180	179
180	179
180	179
180	179
182	179
182	179
182	179
182	179
182	179
182	179
182	179
182	180
182	180
182	180
182	180
182	180
182	180
182	180
182	180
182	181
182	181
182	181
182	181
182	181
182	181
182	181
182	181
182	181
182	181
182	181
182	181
182	181
182	181
182	179
182	179
182	179
182	179
182	179
182	179
182	179
182	179
182	177
182	177
182	177
182	177
182	177
182	177
182	177
182	175
182	175
182	175
182	175
182	175
182	175
182	175
182	175
182	175
182	175
182	175
182	175
182	175
182	175
182	175
182	175
182	175
182	175
182	175
182	175
182	175
182	175
182	175
182	174
182	174
182	174
182	174
182	174
182	174
182	174
183	177
183	177
183	177
183	177
183	177
183	177
183	177
183	180
183	180
183	180
183	180
183	180
183	180
183	180
183	180
184	182
184	182
184	182
184	182
184	182
184	182
184	182
184	184
184	184
184	184
184	184
185	184
185	184
185	184
185	184
185	184
185	184
185	184
185	184
185	184
185	184
185	184
185	182
185	182
185	182
185	182
185	182
185	182
185	182
185	182
185	181
185	181
185	181
185	181
185	181
185	181
185	181
183	181
183	181
183	181
183	181
183	181
183	181
183	181
183	180
183	180
183	180
183	180
183	180
183	180
183	180
183	180
183	178
183	178
183	178
183	178
183	178
183	178
183	178
182	176
182	176
182	176
182	176
182	176
182	176
182	176
182	176
182	179
182	179
182	179
182	179
182	179
182	179
182	179
182	179
182	179
182	179
182	179
182	179
182	179
182	179
182	179
182	179
182	179
182	179
182	179
182	179
182	179
182	179
181	180
181	180
181	180
181	180
181	180
181	180
181	180
181	180
181	180
181	180
181	180
181	180
181	180
181	180
181	180
181	178
181	178
181	178
181	178
181	178
181	178
181	178
181	177
181	177
181	177
181	177
181	177
180	177
180	177
180	177
180	177
180	177
180	177
180	177
180	177
180	177
180	177
180	176
180	176
180	176
180	176
180	176
180	176
180	176
180	176
180	174
180	174
180	174
180	174
180	174
180	174
180	174
178	173
178	173
178	173
178	173
178	173
178	173
178	173
178	173
178	173
178	173
178	173
178	173
178	173
178	173
178	173
177	173
177	173
177	173
177	173
177	173
177	173
177	173
176	172
176	172
176	172
176	172
176	172
176	172
176	172
176	172
175	172
175	172
175	172
175	172
175	172
175	172
175	172
175	171
175	171
175	171
175	171
175	171
175	171
175	171
175	171
174	170
174	170
174	170
174	170
174	170
174	170
174	170
174	168
174	168
174	168
174	168
174	168
174	168
174	168
174	168
174	169
174	169
174	169
174	169
174	169
174	169
174	169
173	168
173	168
173	168
173	168
173	168
173	168
173	168
171	167
171	167
171	167
171	167
171	167
171	167
171	167
171	167
170	169
170	169
170	169
170	169
170	169
170	169
170	169
170	169
169	169
169	169
169	169
169	169
169	169
169	169
169	169
168	167
168	167
168	167
168	167
168	167
168	167
168	167
168	162
168	162
168	162
168	162
168	162
168	162
168	162
168	162
168	164
168	164
168	164
168	164
168	164
168	164
168	164
167	163
167	163
167	163
167	163
167	163
167	163
167	163
166	163
166	163
166	163
166	163
166	163
166	163
166	163
166	163
166	161
166	161
166	161
166	161
166	161
166	161
166	161
164	161
164	161
164	161
164	161
164	161
164	161
164	161
164	161
164	160
164	160
164	160
164	160
164	160
164	160
164	160
163	159
163	159
163	159
163	159
163	159
163	159
163	159
163	159
162	158
162	158
162	158
162	158
162	158
162	158
162	158
160	157
160	157
160	157
160	157
160	157
160	157
160	157
159	156
159	156
159	156
159	156
159	156
159	156
159	156
159	156
159	155
159	155
159	155
159	155
159	155
159	155
159	155
159	154
159	154
159	154
158	154
158	154
158	154
158	154
158	154
156	153
156	153
156	153
156	153
156	153
156	153
156	153
156	152
156	152
156	152
156	152
156	152
156	152
156	152
156	152
155	151
155	151
155	151
155	151
155	151
155	151
155	151
155	151
155	151
155	151
155	151
155	151
155	151
155	151
154	149
154	149
154	149
154	149
154	149
154	149
154	149
154	149
152	148
152	148
152	148
152	148
152	148
152	148
152	148
151	147
151	147
151	147
151	147
151	147
151	147
151	147
151	147
150	147
150	147
150	147
150	147
150	147
150	147
150	147
