95	0
95	0
95	0
95	0
95	0
95	0
95	0
95	0
95	0
95	0
95	0
95	0
95	0
95	0
95	0
95	0
95	0
95	0
95	0
95	0
95	0
96	0
96	0
96	0
96	0
96	0
96	0
96	0
96	0
95	0
95	0
95	0
95	0
95	0
95	0
95	0
93	0
93	0
93	0
93	0
93	0
93	0
93	0
93	0
92	96
92	96
92	96
92	96
92	96
92	96
92	96
92	96
90	90
90	90
90	90
90	90
90	90
90	90
90	90
89	85
89	85
89	85
89	85
89	85
89	85
89	85
89	85
90	85
90	85
90	85
90	85
90	85
90	85
90	85
94	85
94	85
94	85
94	85
94	85
94	85
94	85
94	85
98	84
98	84
98	84
98	84
98	84
98	84
98	84
100	86
100	86
100	86
100	86
100	86
100	86
100	86
100	86
102	89
102	89
103	89
103	89
103	89
103	89
103	89
104	85
104	85
104	85
104	85
104	85
104	85
104	85
104	85
105	86
105	86
105	86
105	86
105	86
105	86
105	86
107	87
107	87
107	87
107	87
107	87
107	87
107	87
107	87
107	87
107	87
107	87
107	87
107	87
107	87
107	87
109	87
109	87
110	87
110	87
110	87
110	87
110	87
110	87
112	87
112	87
112	87
112	87
112	87
112	87
112	87
113	85
113	85
113	85
113	85
113	85
113	85
113	85
113	85
115	85
115	85
115	85
115	85
115	85
115	85
115	85
115	88
115	88
115	88
115	88
115	88
115	88
115	88
115	88
115	91
115	91
116	91
116	91
116	91
116	91
116	91
117	91
117	91
117	91
117	91
117	91
117	91
117	91
117	91
118	94
118	94
118	94
118	94
118	94
118	94
118	94
119	98
119	98
119	98
119	98
119	98
119	98
119	98
119	98
119	99
119	99
119	99
119	99
119	99
119	99
119	99
122	98
122	98
125	98
125	98
125	98
125	98
125	98
125	98
127	96
127	96
127	96
127	96
127	96
127	96
127	96
128	98
128	98
128	98
128	98
128	98
128	98
128	98
128	98
129	101
129	101
129	101
129	101
129	101
129	101
129	101
130	104
130	104
130	104
130	104
130	104
130	104
130	104
130	104
132	109
132	109
132	109
132	109
132	109
132	109
132	109
132	111
132	111
132	111
132	111
132	111
132	111
132	111
132	111
134	112
134	112
134	112
134	112
134	112
134	112
134	112
134	111
134	111
134	111
134	111
134	111
134	111
134	111
134	111
135	111
135	111
135	111
135	111
135	111
135	111
136	111
137	108
137	108
137	108
137	108
137	108
137	108
137	108
137	108
137	107
137	107
137	107
137	107
137	107
137	107
137	107
138	108
138	108
138	108
138	108
138	108
138	108
138	108
138	108
138	106
138	106
138	106
138	106
138	106
138	106
138	106
139	110
139	110
139	110
139	110
139	110
139	110
140	110
140	110
142	112
142	112
142	112
142	112
142	112
142	112
142	112
143	113
143	113
143	113
143	113
143	113
143	113
143	113
143	113
144	116
144	116
144	116
144	116
144	116
144	116
144	116
144	115
144	115
144	115
144	115
144	115
144	115
144	115
144	115
146	118
146	118
146	118
146	118
146	118
146	118
147	118
147	121
147	121
147	121
147	121
147	121
147	121
147	121
147	121
148	124
148	124
148	124
148	124
148	124
148	124
148	124
148	128
148	128
148	128
148	128
148	128
148	128
148	128
148	128
148	128
148	128
148	128
148	128
148	128
148	128
148	128
149	132
149	132
149	132
149	132
149	132
149	132
149	132
149	132
149	135
149	135
149	135
149	135
149	135
149	135
149	135
150	133
150	133
150	133
150	133
150	133
150	133
150	133
150	133
150	130
150	130
150	130
150	130
150	130
150	130
150	130
149	128
149	128
149	128
149	128
149	128
149	128
149	128
149	128
149	130
149	130
149	130
149	130
149	130
149	130
149	130
149	130
149	132
149	132
149	132
149	132
149	132
149	132
149	132
149	137
149	137
149	137
149	137
149	137
149	137
149	137
149	137
149	140
149	140
149	140
149	140
149	140
149	140
149	140
149	138
149	138
149	138
149	138
149	138
149	138
149	138
149	138
150	141
150	141
150	141
149	141
149	141
149	141
149	141
150	139
150	139
150	139
150	139
150	139
150	139
150	139
150	139
150	137
150	137
150	137
150	137
150	137
150	137
150	137
151	140
151	140
151	140
151	140
151	140
151	140
151	140
151	140
151	143
151	143
151	143
151	143
151	143
151	143
151	143
153	146
153	146
153	146
153	146
153	146
153	146
153	146
153	146
154	149
154	149
154	149
154	149
154	149
154	149
154	149
155	154
155	154
155	154
155	154
155	154
155	154
155	154
155	154
155	157
155	157
155	157
155	157
155	157
155	157
155	157
157	160
157	160
157	160
157	160
157	160
157	160
157	160
157	160
157	160
157	160
157	160
157	160
157	160
157	160
157	160
158	163
158	163
158	163
158	163
158	163
158	163
158	163
158	163
159	166
159	166
159	166
159	166
159	166
159	166
159	166
159	168
159	168
159	168
159	168
159	168
159	168
159	168
159	168
161	167
161	167
161	167
161	167
161	167
161	167
161	167
161	165
162	165
162	165
162	165
162	165
162	165
162	165
162	165
162	163
162	163
162	163
162	163
162	163
162	163
162	163
162	161
162	161
162	161
162	161
162	161
162	161
162	161
162	161
162	159
162	159
162	159
162	159
162	159
162	159
162	159
163	157
163	157
163	157
163	157
163	157
163	157
163	157
163	157
163	155
163	155
163	155
163	155
163	155
163	155
163	155
163	153
163	153
163	153
163	153
163	153
163	153
163	153
163	153
163	151
163	151
163	151
163	151
163	151
163	151
164	151
165	149
165	149
165	149
165	149
165	149
165	149
165	149
165	149
165	154
165	154
165	154
165	154
165	154
165	154
165	154
166	154
166	154
166	154
166	154
166	154
166	154
166	154
166	154
166	152
166	152
166	152
166	152
166	152
166	152
166	152
166	150
166	150
166	150
166	150
166	150
166	150
166	150
166	150
167	154
167	154
167	154
167	154
167	154
167	154
167	154
167	152
167	152
167	152
167	152
167	152
167	152
167	152
167	152
167	150
167	150
167	150
167	150
167	150
167	150
167	150
168	153
168	153
168	153
168	153
168	153
168	153
168	153
168	153
168	153
168	153
168	153
168	153
169	153
169	153
169	153
169	150
169	150
169	150
169	150
169	150
169	150
169	150
169	150
170	149
170	149
170	149
170	149
170	149
170	149
170	149
170	146
170	146
170	146
170	146
170	146
170	146
170	146
170	146
170	144
170	144
170	144
170	144
170	144
170	144
170	144
170	144
170	141
170	141
170	141
170	141
170	141
170	141
170	141
170	144
170	144
170	144
170	144
170	144
170	144
170	144
170	144
170	140
170	140
170	140
170	140
170	140
170	140
170	140
170	138
170	138
170	138
170	138
170	138
170	138
170	138
170	138
170	136
170	136
170	136
170	136
170	136
170	136
170	136
168	134
168	134
167	134
167	134
167	134
167	134
167	134
167	134
170	137
170	137
170	137
170	137
170	137
170	137
170	137
171	139
171	139
171	139
171	139
171	139
171	139
171	139
171	139
171	143
171	143
171	143
171	143
171	143
171	143
171	143
171	139
171	139
171	139
171	139
171	139
171	139
171	139
171	139
171	140
171	140
170	140
170	140
170	140
170	140
170	140
170	138
170	138
170	138
170	138
170	138
170	138
170	138
170	138
170	139
170	139
170	139
170	139
170	139
170	139
170	139
169	137
169	137
169	137
169	137
169	137
169	137
169	137
169	137
169	135
169	135
169	135
169	135
169	135
169	135
169	135
168	134
168	134
169	134
169	134
169	134
169	134
169	134
169	134
169	132
169	132
169	132
169	132
169	132
169	132
169	132
169	135
169	135
169	135
169	135
169	135
169	135
169	135
169	135
169	132
169	132
169	132
169	132
169	132
169	132
169	132
169	130
169	130
169	130
169	130
169	130
169	130
169	130
169	130
169	128
169	128
170	128
170	128
170	128
170	128
170	128
169	126
169	126
169	126
169	126
169	126
169	126
169	126
169	126
169	124
169	124
169	124
169	124
169	124
169	124
169	124
170	122
170	122
170	122
170	122
170	122
170	122
170	122
170	122
170	120
170	120
170	120
170	120
170	120
170	120
170	120
171	118
171	118
172	118
172	118
172	118
172	118
172	118
172	118
173	116
173	116
173	116
173	116
173	116
173	116
173	116
173	114
173	114
173	114
173	114
173	114
173	114
173	114
173	114
175	112
175	112
175	112
175	112
175	112
175	112
175	112
175	115
175	115
175	115
175	115
175	115
175	115
175	115
175	115
175	118
175	118
175	118
175	118
175	118
175	118
175	118
175	121
175	121
175	121
175	121
175	121
175	121
175	121
175	121
174	124
174	124
174	124
174	124
174	124
174	124
174	124
174	126
174	126
174	126
174	126
174	126
174	126
174	126
174	126
175	124
175	124
175	124
175	124
175	124
175	124
175	124
176	126
176	126
176	126
176	126
176	126
176	126
176	126
176	126
176	124
176	124
176	124
176	124
176	124
176	124
176	124
176	124
177	126
177	126
177	126
177	126
177	126
177	126
177	126
177	124
177	124
177	124
177	124
177	124
177	124
177	124
177	124
177	122
177	122
177	122
177	122
177	122
177	122
177	122
178	120
178	120
178	120
178	120
178	120
178	120
178	120
178	120
178	118
178	118
178	118
178	118
178	118
178	118
178	118
178	116
178	116
178	116
178	116
178	116
178	116
178	116
178	116
179	114
179	114
179	114
179	114
179	114
179	114
179	114
178	112
178	112
178	112
178	112
178	112
178	112
178	112
178	112
178	110
178	110
178	110
178	110
178	110
178	110
178	110
178	113
178	113
178	113
178	113
178	113
178	113
178	113
178	113
178	112
178	112
178	112
178	112
178	112
178	112
178	112
178	114
178	114
178	114
178	114
178	114
178	114
178	114
178	114
179	112
179	112
179	112
179	112
179	112
179	112
179	112
180	110
180	110
180	110
180	110
180	110
180	110
180	110
180	110
180	108
180	108
180	108
180	108
180	108
180	108
180	108
180	106
180	106
180	106
180	106
180	106
180	106
180	106
180	106
180	103
180	103
180	103
180	103
180	103
180	103
180	103
181	100
181	100
181	100
181	100
181	100
181	100
181	100
181	100
181	104
181	104
181	104
181	104
181	104
181	104
181	104
181	103
181	103
181	103
181	103
181	103
181	103
181	103
181	103
181	103
181	103
181	103
181	103
181	103
181	103
181	103
182	101
182	101
182	101
182	101
182	101
182	101
182	101
182	101
182	99
182	99
182	99
182	99
182	99
182	99
182	99
182	102
182	102
182	102
182	102
182	102
182	102
182	102
182	102
182	100
182	100
182	100
182	100
182	100
182	100
182	100
182	98
182	98
182	98
182	98
182	98
182	98
182	98
182	98
182	99
182	99
182	99
182	99
182	99
182	99
182	99
182	99
182	99
182	99
182	99
182	99
182	99
182	99
182	99
182	101
182	101
182	101
182	101
182	101
182	101
182	101
182	98
182	98
182	98
182	98
182	98
182	98
182	98
182	98
182	100
182	100
182	100
182	100
182	100
182	100
182	100
182	98
182	98
182	98
182	98
182	98
182	98
182	98
182	98
182	101
182	101
182	101
182	101
183	101
183	101
183	101
183	104
183	104
183	104
183	104
183	104
183	104
183	104
183	104
184	107
184	107
184	107
184	107
184	107
184	107
184	107
183	109
183	109
183	109
183	109
183	109
183	109
183	109
183	109
184	109
184	109
184	109
184	109
184	109
184	109
184	109
184	108
184	108
184	108
184	108
183	108
183	108
183	108
183	108
182	106
182	106
182	106
182	106
182	106
182	106
182	106
181	105
181	105
181	105
181	105
181	105
181	105
181	105
181	105
181	106
181	106
181	106
181	106
181	106
181	106
181	106
180	104
180	104
180	104
180	104
180	104
180	104
180	104
180	104
180	103
180	103
180	103
180	103
180	103
180	103
180	103
180	103
181	102
181	102
181	102
181	102
181	102
181	102
181	102
181	104
181	104
181	104
181	104
181	104
181	104
181	104
181	104
181	102
181	102
181	102
181	102
181	102
181	102
181	102
181	98
181	98
181	98
181	98
181	98
181	98
181	98
181	98
182	98
182	98
182	98
182	98
182	98
182	98
182	98
182	99
182	99
182	99
182	99
182	99
182	99
182	99
182	99
182	98
182	98
182	98
182	98
182	98
182	98
182	98
183	96
183	96
183	96
183	96
183	96
183	96
183	96
183	96
183	99
183	99
183	99
183	99
183	99
183	99
183	99
184	97
184	97
184	97
184	97
184	97
184	97
184	97
184	97
183	95
183	95
183	95
183	95
183	95
183	95
183	95
183	98
183	98
183	98
183	98
183	98
183	98
183	98
183	98
183	98
183	98
183	98
183	98
183	98
183	98
183	98
183	97
183	97
183	97
183	97
183	97
183	97
183	97
183	97
183	99
183	99
183	99
183	99
183	99
183	99
183	99
183	95
183	95
183	95
183	95
183	95
183	95
183	95
183	95
182	95
182	95
182	95
182	95
182	95
182	95
182	95
182	93
182	93
182	93
182	93
182	93
182	93
182	93
182	93
182	91
182	91
182	91
182	91
182	91
182	91
182	91
182	91
182	91
182	91
182	91
182	91
182	91
182	91
182	91
182	90
182	90
182	90
182	90
182	90
182	90
182	90
183	93
183	93
183	93
183	93
183	93
183	93
183	93
183	93
183	97
183	97
183	97
183	97
183	97
183	97
183	97
183	94
183	94
183	94
183	94
183	94
183	94
183	94
183	94
183	99
183	99
183	99
183	99
183	99
183	99
183	99
184	96
184	96
184	96
184	96
184	96
184	96
184	96
184	96
184	94
184	94
184	94
184	94
184	94
184	94
184	94
184	98
184	98
184	98
184	98
184	98
184	98
184	98
184	98
184	102
184	102
184	102
184	102
184	102
184	102
184	102
184	100
184	100
184	100
184	100
184	100
184	100
184	100
184	100
184	98
184	98
184	98
184	98
184	98
184	98
184	98
184	102
184	102
184	102
184	102
184	102
184	102
184	102
184	102
185	104
185	104
185	104
185	104
185	104
185	104
185	104
185	102
185	102
185	102
185	102
185	102
185	102
185	102
185	102
185	100
185	100
185	100
185	100
185	100
185	100
185	100
185	103
185	103
185	103
185	103
185	103
185	103
185	103
185	103
186	101
186	101
186	101
186	101
186	101
186	101
186	101
186	104
186	104
186	104
186	104
186	104
186	104
186	104
186	104
186	107
186	107
186	107
186	107
186	107
186	107
186	107
186	111
186	111
186	111
186	111
186	111
186	111
186	111
186	111
186	112
186	112
186	112
186	112
186	112
186	112
186	112
186	110
186	110
186	110
186	110
186	110
186	110
186	110
186	110
186	113
186	113
186	113
186	113
186	113
186	113
186	113
186	114
186	114
186	114
186	114
186	114
186	114
186	114
186	114
186	112
186	112
186	112
186	112
186	112
186	112
186	112
186	110
186	110
186	110
186	110
186	110
186	110
186	110
186	110
186	111
186	111
186	111
186	111
186	111
186	111
186	111
186	109
186	109
186	109
186	109
186	109
186	109
186	109
186	109
186	107
186	107
186	107
186	107
186	107
186	107
186	107
186	107
186	107
186	107
186	107
186	107
186	107
186	107
186	107
187	103
187	103
187	103
187	103
187	103
187	103
187	103
187	101
187	101
187	101
187	101
187	101
187	101
187	101
187	101
187	99
187	99
187	99
187	99
187	99
187	99
187	99
187	97
187	97
187	97
187	97
187	97
187	97
187	97
187	97
187	98
187	98
187	98
187	98
187	98
187	98
187	98
187	96
187	96
187	96
187	96
187	96
187	96
187	96
187	96
187	94
187	94
187	94
187	94
187	94
187	94
187	94
187	93
187	93
187	93
187	93
187	93
187	93
187	93
187	93
187	95
187	95
187	95
187	95
187	95
187	95
187	95
187	95
187	98
187	98
187	98
187	98
187	98
187	98
187	98
187	96
187	96
187	96
187	96
187	96
187	96
187	96
187	96
187	99
187	99
187	99
187	99
187	99
187	99
187	99
187	99
187	99
187	99
187	99
187	99
187	99
187	99
187	99
187	102
187	102
187	102
187	102
187	102
187	102
187	102
187	106
187	106
187	106
187	106
187	106
187	106
187	106
187	106
187	105
187	105
187	105
187	105
187	105
187	105
187	105
187	103
187	103
187	103
187	103
187	103
187	103
187	103
187	103
187	105
187	105
187	105
187	105
187	105
187	105
187	105
187	104
187	104
187	104
187	104
187	104
187	104
187	104
187	104
187	102
187	102
187	102
187	102
187	102
187	102
187	102
188	104
188	104
188	104
188	104
188	104
188	104
188	104
188	104
188	105
188	105
188	105
188	105
188	105
188	105
188	105
188	107
188	107
188	107
188	107
188	107
188	107
188	107
188	107
188	110
188	110
188	110
188	110
188	110
188	110
188	110
188	108
188	108
188	108
188	108
188	108
188	108
188	108
188	108
188	109
188	109
188	109
188	109
188	109
188	109
188	109
187	107
187	107
187	107
187	107
187	107
187	107
187	107
187	107
188	107
188	107
188	107
188	107
188	107
188	107
188	107
187	109
187	109
187	109
187	109
187	109
187	109
187	109
187	109
188	107
188	107
188	107
188	107
188	107
188	107
188	107
188	105
188	105
188	105
188	105
188	105
188	105
188	105
188	105
188	109
188	109
188	109
188	109
188	109
188	109
188	109
188	108
188	108
188	108
188	108
188	108
188	108
188	108
188	108
188	107
188	107
188	107
188	107
188	107
188	107
188	107
188	105
188	105
188	105
188	105
188	105
188	105
188	105
188	105
188	104
188	104
188	104
188	104
188	104
188	104
188	104
188	102
188	102
188	102
188	102
188	102
188	102
188	102
188	102
188	101
188	101
188	101
188	101
188	101
188	101
188	101
188	99
188	99
188	99
188	99
188	99
188	99
188	99
188	99
188	99
188	99
188	99
188	99
188	99
188	99
188	99
188	98
188	98
188	98
188	98
188	98
188	98
188	98
188	98
189	97
189	97
189	97
189	97
189	97
189	97
189	97
189	97
189	97
189	97
189	97
189	97
189	97
189	97
189	97
190	96
190	96
190	96
190	96
190	96
190	96
190	96
190	93
190	93
190	93
190	93
190	93
190	93
190	93
190	93
189	96
189	96
189	96
189	96
189	96
189	96
189	96
189	97
189	97
189	97
189	97
189	97
189	97
189	97
189	97
189	101
189	101
189	101
189	101
189	101
189	101
189	101
188	106
188	106
188	106
188	106
188	106
188	106
188	106
188	106
189	110
189	110
189	110
189	110
189	110
189	110
189	110
188	110
188	110
188	110
188	110
188	110
188	110
188	110
188	110
189	109
189	109
189	109
189	109
189	109
189	109
189	109
188	112
188	112
188	112
188	112
188	112
188	112
188	112
188	112
189	108
189	108
189	108
189	108
189	108
189	108
189	108
189	106
189	106
189	106
189	106
189	106
189	106
189	106
189	106
189	104
189	104
188	104
188	104
188	104
188	104
188	104
189	102
189	102
189	102
189	102
189	102
189	102
189	102
189	102
188	103
188	103
188	103
188	103
188	103
188	103
188	103
188	101
188	101
188	101
188	101
188	101
188	101
188	101
188	101
188	99
188	99
188	99
188	99
188	99
188	99
188	99
188	97
188	97
187	97
187	97
187	97
187	97
187	97
187	97
188	98
188	98
188	98
188	98
188	98
188	98
188	98
188	101
188	101
188	101
188	101
188	101
188	101
188	101
188	101
188	99
188	99
188	99
188	99
188	99
188	99
188	99
188	103
188	103
188	103
188	103
188	103
188	103
188	103
188	103
188	101
188	101
188	101
188	101
188	101
188	101
188	101
189	104
189	104
189	104
189	104
189	104
189	104
189	104
189	104
189	103
189	103
189	103
189	103
189	103
189	103
189	103
190	106
190	106
190	106
190	106
190	106
190	106
190	106
190	106
190	109
190	109
190	109
190	109
190	109
190	109
190	109
190	112
190	112
190	112
190	112
190	112
190	112
190	112
190	112
190	117
190	117
190	117
190	117
190	117
190	117
190	117
190	116
190	116
190	116
190	116
190	116
190	116
190	116
190	116
189	114
189	114
189	114
189	114
189	114
189	114
189	114
191	112
191	112
191	112
191	112
191	112
191	112
190	112
190	112
190	110
190	110
190	110
190	110
190	110
190	110
190	110
189	110
189	110
189	110
189	110
189	110
189	110
189	110
189	110
189	113
189	113
189	113
189	113
189	113
189	113
189	113
189	111
189	111
189	111
189	111
189	111
189	111
189	111
189	111
188	109
188	109
188	109
188	109
188	109
188	109
189	109
189	107
189	107
189	107
189	107
189	107
189	107
189	107
189	107
188	104
188	104
188	104
188	104
188	104
188	104
188	104
188	107
188	107
188	107
188	107
188	107
188	107
188	107
188	107
188	105
188	105
188	105
188	105
188	105
188	105
188	105
189	107
189	107
189	107
189	107
189	107
189	107
189	107
189	107
189	107
189	107
189	107
189	107
189	107
189	107
189	107
189	104
189	104
189	104
189	104
189	104
189	104
189	104
189	104
188	104
188	104
188	104
188	104
188	104
188	104
188	104
189	103
189	103
189	103
189	103
189	103
189	103
189	103
189	103
189	106
189	106
189	106
189	106
189	106
189	106
189	106
189	102
189	102
189	102
189	102
189	102
189	102
189	102
189	102
189	105
189	105
189	105
189	105
189	105
189	105
189	105
190	102
190	102
190	102
190	102
190	102
190	102
190	102
190	102
190	102
190	102
190	102
190	102
190	102
190	102
190	102
190	102
190	100
190	100
190	100
190	100
190	100
190	100
190	100
191	97
191	97
191	97
191	97
191	97
191	97
191	97
191	97
191	95
191	95
191	95
191	95
191	95
191	95
191	95
191	91
191	91
191	91
191	91
191	91
191	91
191	91
191	91
191	94
191	94
191	94
191	94
191	94
191	94
191	94
191	92
191	92
191	92
191	92
191	92
191	92
191	92
191	92
191	90
191	90
191	90
191	90
191	90
191	90
191	90
191	91
191	91
191	91
191	91
191	91
191	91
191	91
191	91
191	89
191	89
191	89
191	89
191	89
191	89
191	89
190	92
190	92
190	92
190	92
190	92
190	92
190	92
190	92
190	96
190	96
190	96
190	96
190	96
190	96
190	96
190	99
190	99
190	99
190	99
190	99
190	99
190	99
190	99
190	97
190	97
190	97
190	97
190	97
190	97
190	97
190	95
190	95
190	95
190	95
190	95
190	95
190	95
190	95
190	93
190	93
190	93
190	93
190	93
190	93
190	93
190	97
190	97
190	97
190	97
190	97
190	97
190	97
190	97
189	102
189	102
189	102
189	102
189	102
189	102
189	102
188	100
188	100
188	100
188	100
188	100
188	100
188	100
188	100
188	98
188	98
188	98
188	98
188	98
188	98
188	98
188	98
188	98
188	98
188	98
188	98
188	98
188	98
188	98
188	101
188	101
188	101
188	101
188	101
188	101
188	101
187	105
187	105
187	105
187	105
187	105
187	105
187	105
187	105
188	103
188	103
188	103
188	103
188	103
188	103
188	103
188	101
188	101
188	101
188	101
188	101
188	101
188	101
188	101
189	99
189	99
189	99
189	99
189	99
189	99
189	99
189	97
189	97
189	97
189	97
189	97
189	97
189	97
189	97
190	100
190	100
190	100
190	100
190	100
190	100
190	100
190	100
190	100
190	100
190	100
190	100
190	100
190	100
190	100
190	103
190	103
190	103
190	103
190	103
190	103
190	103
191	101
191	101
191	101
191	101
191	101
191	101
191	101
191	101
191	98
191	98
191	98
191	98
191	98
191	98
191	98
192	96
192	96
192	96
192	96
192	96
192	96
192	96
192	96
193	99
193	99
193	99
193	99
193	99
193	99
193	99
193	97
193	97
193	97
193	97
193	97
193	97
193	97
193	97
193	97
193	97
193	97
193	97
193	97
193	97
193	97
193	95
193	95
193	95
193	95
193	95
193	95
193	95
193	95
193	93
193	93
193	93
193	93
193	93
193	93
193	93
193	98
193	98
193	98
193	98
193	98
193	98
193	98
193	98
194	99
194	99
194	99
194	99
194	99
194	99
194	99
193	104
193	104
193	104
193	104
193	104
193	104
193	104
193	104
194	101
194	101
194	101
194	101
194	101
194	101
194	101
193	102
193	102
193	102
193	102
193	102
193	102
193	102
193	102
194	104
194	104
194	104
194	104
194	104
194	104
194	104
193	102
193	102
193	102
193	102
193	102
193	102
193	102
193	102
194	103
194	103
194	103
194	103
194	103
194	103
194	103
194	101
194	101
194	101
194	101
194	101
194	101
194	101
194	101
194	103
194	103
194	103
194	103
194	103
194	103
194	103
194	103
194	103
194	103
194	103
194	103
194	103
194	103
194	103
193	101
193	101
193	101
193	101
193	101
193	101
193	101
193	104
193	104
193	104
193	104
193	104
193	104
193	104
193	104
193	108
193	108
193	108
193	108
193	108
193	108
193	108
193	106
193	106
193	106
193	106
193	106
193	106
193	106
193	106
193	109
193	109
193	109
193	109
193	109
193	109
193	109
193	112
193	112
193	112
193	112
193	112
193	112
193	112
193	112
193	115
193	115
193	115
193	115
193	115
193	115
193	115
192	113
192	113
192	113
192	113
192	113
192	113
192	113
192	113
193	111
193	111
193	111
193	111
193	111
193	111
193	111
193	114
193	114
193	114
193	114
193	114
193	114
193	114
193	114
193	117
193	117
193	117
193	117
193	117
193	117
193	117
193	115
193	115
193	115
193	115
193	115
193	115
193	115
193	115
193	118
193	118
193	118
193	118
193	118
193	118
193	118
194	116
194	116
194	116
194	116
194	116
194	116
194	116
194	116
193	114
193	114
193	114
193	114
193	114
193	114
193	114
194	117
194	117
194	117
194	117
194	117
194	117
194	117
194	117
193	120
193	120
193	120
193	120
193	120
193	120
193	120
193	123
193	123
193	123
193	123
193	123
193	123
193	123
193	123
193	121
193	121
193	121
193	121
193	121
193	121
193	121
193	124
193	124
193	124
193	124
193	124
193	124
193	124
193	124
194	127
194	127
194	127
194	127
194	127
194	127
194	127
195	130
195	130
195	130
195	130
196	130
196	130
196	130
196	130
195	133
195	133
195	133
195	133
195	133
195	133
195	133
194	131
194	131
194	131
194	131
194	131
194	131
194	131
194	131
194	134
194	134
194	134
194	134
194	134
194	134
194	134
194	137
194	137
194	137
194	137
194	137
194	137
194	137
194	137
194	140
194	140
194	140
194	140
194	140
194	140
194	140
194	138
194	138
194	138
194	138
194	138
194	138
194	138
194	138
194	136
194	136
194	136
194	136
194	136
194	136
194	136
194	139
194	139
194	139
194	139
194	139
194	139
194	139
194	139
195	137
195	137
195	137
195	137
195	137
195	137
195	137
195	140
195	140
195	140
195	140
195	140
195	140
195	140
195	140
195	143
195	143
195	143
195	143
195	143
195	143
195	143
195	141
195	141
195	141
195	141
195	141
195	141
195	141
195	141
196	140
196	140
196	140
196	140
196	140
196	140
196	140
196	138
196	138
196	138
196	138
196	138
196	138
196	138
196	138
196	141
196	141
196	141
196	141
196	141
196	141
196	141
195	138
195	138
195	138
195	138
195	138
195	138
195	138
195	138
196	141
196	141
196	141
196	141
196	141
196	141
196	141
196	144
196	144
196	144
196	144
196	144
196	144
196	144
196	144
196	147
196	147
196	147
196	147
196	147
196	147
196	147
196	147
196	150
196	150
197	150
197	150
197	150
197	150
197	150
197	148
197	148
197	148
197	148
197	148
197	148
197	148
197	148
196	146
196	146
196	146
196	146
196	146
196	146
196	146
197	144
197	144
197	144
197	144
197	144
197	144
197	144
197	144
197	147
197	147
197	147
197	147
197	147
197	147
197	147
197	145
197	145
197	145
197	145
197	145
197	145
197	145
197	145
197	143
197	143
197	143
197	143
197	143
197	143
197	143
196	146
196	146
196	146
196	146
196	146
196	146
197	146
197	146
197	149
197	149
197	149
197	149
197	149
197	149
197	149
196	147
196	147
196	147
196	147
196	147
196	147
196	147
196	147
196	150
196	150
196	150
196	150
196	150
196	150
196	150
197	148
197	148
197	148
197	148
197	148
197	148
197	148
197	148
196	146
196	146
196	146
196	146
195	146
195	146
195	146
194	149
194	149
194	149
194	149
194	149
194	149
194	149
194	149
194	147
194	147
194	147
194	147
194	147
194	147
194	147
194	150
194	150
194	150
194	150
194	150
194	150
194	150
194	150
195	148
195	148
195	148
195	148
195	148
195	148
195	148
195	151
195	151
195	151
195	151
195	151
195	151
195	151
195	151
195	154
195	154
195	154
195	154
195	154
195	154
195	154
195	157
195	157
195	157
195	157
195	157
195	157
195	157
195	157
195	160
195	160
195	160
195	160
195	160
195	160
195	160
195	163
195	163
195	163
195	163
195	163
195	163
195	163
195	163
195	166
195	166
195	166
195	166
195	166
195	166
195	166
195	169
195	169
195	169
195	169
195	169
195	169
195	169
195	169
195	167
195	167
195	167
195	167
195	167
195	167
195	167
195	165
195	165
195	165
195	165
195	165
195	165
195	165
195	165
196	163
196	163
196	163
196	163
196	163
196	163
196	163
196	166
196	166
196	166
196	166
196	166
196	166
196	166
196	166
197	164
197	164
197	164
197	164
197	164
197	164
197	164
197	162
197	162
197	162
197	162
197	162
197	162
197	162
197	162
196	160
196	160
196	160
196	160
196	160
196	160
196	160
196	163
196	163
196	163
196	163
196	163
196	163
196	163
196	163
196	161
196	161
195	161
195	161
195	161
195	161
195	161
194	159
194	159
194	159
194	159
194	159
194	159
194	159
194	159
193	157
193	157
193	157
193	157
193	157
193	157
193	157
194	155
194	155
194	155
194	155
194	155
194	155
194	155
194	155
194	153
194	153
194	153
194	153
194	153
194	153
194	153
195	151
195	151
194	151
194	151
194	151
194	151
194	151
194	151
194	149
194	149
194	149
194	149
194	149
194	149
194	149
194	152
194	152
194	152
194	152
194	152
194	152
194	152
194	152
194	155
194	155
194	155
194	155
194	155
194	155
194	155
194	155
194	155
194	155
194	155
194	155
194	155
194	155
194	155
193	153
193	153
193	153
193	153
193	153
193	153
193	153
193	150
193	150
193	150
193	150
193	150
193	150
193	150
193	150
194	147
194	147
194	147
194	147
194	147
194	147
194	147
195	150
195	150
195	150
195	150
195	150
195	150
195	150
195	150
195	148
195	148
195	148
195	148
195	148
195	148
195	148
195	146
195	146
195	146
195	146
195	146
195	146
195	146
195	146
197	143
197	143
197	143
197	143
197	143
197	143
197	143
196	146
196	146
196	146
196	146
196	146
196	146
196	146
196	146
196	149
196	149
196	149
196	149
196	149
196	149
196	149
196	147
196	147
196	147
196	147
196	147
196	147
196	147
196	147
196	145
196	145
196	145
196	145
196	145
196	145
196	145
198	143
198	143
198	143
198	143
198	143
198	143
198	143
198	143
197	141
197	141
197	141
197	141
197	141
197	141
197	141
197	139
197	139
197	139
197	139
197	139
197	139
197	139
197	139
197	137
197	137
197	137
197	137
197	137
197	137
197	137
197	140
197	140
197	140
197	140
197	140
197	140
197	140
197	140
198	138
198	138
198	138
198	138
198	138
198	138
198	138
198	136
198	136
198	136
198	136
198	136
198	136
198	136
198	136
198	139
198	139
198	139
198	139
198	139
198	139
198	139
198	142
198	142
198	142
198	142
198	142
198	142
198	142
198	142
198	140
198	140
198	140
198	140
198	140
198	140
198	140
199	138
199	138
199	138
199	138
199	138
199	138
199	138
199	138
198	136
198	136
198	136
198	136
198	136
198	136
198	136
198	134
198	134
198	134
198	134
198	134
198	134
198	134
198	134
198	138
198	138
198	138
198	138
198	138
198	138
198	138
198	141
198	141
198	141
198	141
198	141
198	141
198	141
198	141
198	139
198	139
198	139
198	139
198	139
198	139
198	139
198	137
198	137
198	137
198	137
198	137
198	137
198	137
198	137
198	140
198	140
198	140
198	140
198	140
198	140
198	140
198	138
198	138
198	138
198	138
198	138
198	138
198	138
198	138
199	136
199	136
199	136
199	136
199	136
199	136
199	136
199	139
199	139
199	139
199	139
199	139
199	139
199	139
199	139
199	142
199	142
199	142
199	142
199	142
199	142
199	142
198	145
198	145
198	145
198	145
198	145
198	145
198	145
198	145
198	143
198	143
198	143
198	143
198	143
198	143
198	143
199	146
199	146
199	146
199	146
199	146
199	146
199	146
199	146
199	144
199	144
199	144
199	144
199	144
199	144
199	144
199	142
199	142
199	142
199	142
199	142
199	142
199	142
199	142
199	140
199	140
199	140
199	140
199	140
199	140
199	140
199	138
199	138
199	138
199	138
199	138
199	138
199	138
199	138
198	136
198	136
198	136
198	136
198	136
198	136
198	136
199	134
199	134
199	134
199	134
199	134
199	134
199	134
199	134
199	137
199	137
199	137
199	137
199	137
199	137
199	137
199	140
199	140
199	140
199	140
199	140
199	140
199	140
199	140
199	143
199	143
199	143
199	143
199	143
199	143
199	143
199	146
199	146
199	146
199	146
199	146
199	146
199	146
199	146
198	144
198	144
198	144
198	144
198	144
198	144
198	144
198	145
198	145
198	145
198	145
198	145
198	145
198	145
198	145
198	143
198	143
198	143
198	143
198	143
198	143
198	143
198	141
198	141
198	141
198	141
198	141
198	141
198	141
198	141
198	146
198	146
198	146
198	146
198	146
198	146
198	146
198	147
198	147
198	147
198	147
198	147
198	147
199	147
199	147
199	148
199	148
199	148
199	148
199	148
199	148
199	148
200	146
200	146
200	146
200	146
200	146
200	146
200	146
200	146
200	147
200	147
200	147
200	147
200	147
200	147
200	147
200	145
200	145
200	145
200	145
200	145
200	145
200	145
200	145
200	143
200	143
200	143
200	143
200	143
200	143
200	143
200	145
200	145
200	145
200	145
200	145
200	145
200	145
200	145
200	143
200	143
200	143
200	143
200	143
200	143
200	143
200	143
200	141
200	141
200	141
200	141
200	141
200	141
200	141
200	144
200	144
200	144
200	144
200	144
200	144
200	144
200	144
201	142
201	142
201	142
201	142
201	142
201	142
201	142
201	140
201	140
201	140
201	140
201	140
201	140
201	140
201	140
200	143
200	143
200	143
200	143
200	143
200	143
200	143
200	141
200	141
200	141
200	141
200	141
200	141
200	141
200	141
201	139
201	139
201	139
201	139
201	139
201	139
201	139
201	137
201	137
201	137
201	137
201	137
201	137
201	137
201	137
201	135
201	135
201	135
201	135
201	135
201	135
201	135
201	133
201	133
201	133
201	133
201	133
201	133
201	133
201	133
200	131
200	131
200	131
200	131
200	131
200	131
200	131
200	131
200	131
200	131
200	131
200	131
200	131
200	131
200	131
200	129
200	129
200	129
200	129
200	129
200	129
200	129
201	127
201	127
201	127
201	127
201	127
201	127
201	127
201	127
201	125
201	125
201	125
201	125
201	125
201	125
201	125
201	126
201	126
201	126
201	126
201	126
201	126
201	126
201	126
202	127
202	127
202	127
202	127
202	127
202	127
202	127
202	126
202	126
202	126
202	126
202	126
202	126
202	126
202	126
202	123
202	123
202	123
202	123
202	123
202	123
202	123
202	123
202	123
202	123
202	123
202	123
202	123
202	123
202	123
202	121
202	121
202	121
202	121
202	121
202	121
202	121
202	119
202	119
202	119
202	119
202	119
202	119
202	119
202	119
202	117
202	117
202	117
202	117
202	117
202	117
202	117
201	120
201	120
201	120
201	120
201	120
201	120
201	120
201	120
201	120
201	120
201	120
201	120
201	120
201	120
202	120
202	118
202	118
202	118
202	118
202	118
202	118
202	118
202	118
202	120
202	120
202	120
202	120
202	120
202	120
202	120
201	120
201	120
201	120
201	120
201	120
201	120
201	120
201	120
202	120
202	120
202	120
202	120
202	120
202	120
202	120
200	119
200	119
200	119
200	119
200	119
200	119
201	119
201	119
201	117
201	117
201	117
201	117
201	117
201	117
201	117
202	120
202	120
202	120
202	120
202	120
202	120
202	120
202	120
201	118
201	118
201	118
201	118
201	118
201	118
201	118
202	116
202	116
202	116
202	116
202	116
202	116
202	116
202	116
202	114
202	114
202	114
202	114
202	114
202	114
202	114
202	112
202	112
202	112
202	112
202	112
202	112
202	112
202	112
202	110
202	110
202	110
202	110
202	110
202	110
202	110
202	109
202	109
202	109
202	109
202	109
202	109
202	109
202	109
202	112
202	112
202	112
202	112
202	112
202	112
202	112
202	115
202	115
202	115
202	115
202	115
202	115
202	115
202	115
202	112
202	112
202	112
202	112
202	112
202	112
202	112
201	110
201	110
201	110
201	110
201	110
201	110
201	110
201	110
201	108
201	108
201	108
201	108
201	108
201	108
201	108
201	111
201	111
201	111
201	111
201	111
201	111
201	111
201	111
201	110
201	110
201	110
201	110
202	110
202	110
202	110
201	111
201	111
201	111
201	111
201	111
201	111
201	111
201	111
202	111
202	111
202	111
202	111
202	111
202	111
202	111
202	112
202	112
202	112
202	112
202	112
202	112
202	112
202	112
202	112
202	112
202	112
202	112
202	112
202	112
202	112
202	110
202	110
202	110
202	110
202	110
202	110
202	110
202	110
201	108
201	108
201	108
201	108
201	108
201	108
201	108
202	106
202	106
202	106
202	106
202	106
202	106
202	106
202	106
202	109
202	109
202	109
202	109
202	109
202	109
202	109
202	112
202	112
202	112
202	112
202	112
202	112
202	112
202	112
202	115
202	115
202	115
202	115
202	115
202	115
202	115
202	118
202	118
202	118
202	118
202	118
202	118
202	118
202	118
202	121
202	121
202	121
202	121
202	121
202	121
202	121
202	124
202	124
202	124
202	124
202	124
202	124
202	124
202	124
202	122
202	122
202	122
202	122
202	122
202	122
202	122
202	125
202	125
202	125
202	125
202	125
202	125
202	125
202	125
202	123
202	123
202	123
202	123
202	123
202	123
202	123
202	121
202	121
202	121
202	121
202	121
202	121
202	121
202	121
202	120
202	120
202	120
202	120
202	120
202	120
202	120
202	118
202	118
202	118
202	118
202	118
202	118
202	118
202	118
203	123
203	123
203	123
203	123
203	123
203	123
203	123
202	123
202	123
202	123
202	123
202	123
202	123
202	123
202	123
202	124
202	124
202	124
202	124
202	124
202	124
202	124
202	124
202	124
202	124
202	124
202	124
202	124
202	124
202	124
202	122
202	122
202	122
202	122
202	122
202	122
202	122
202	120
202	120
202	120
202	120
202	120
202	120
202	120
202	120
202	124
202	124
202	124
202	124
202	124
202	124
202	124
201	122
201	122
201	122
201	122
201	122
201	122
201	122
201	122
202	120
202	120
202	120
202	120
202	120
202	120
202	120
202	120
200	117
200	117
200	117
200	117
200	117
200	117
200	117
200	120
200	120
200	120
200	120
200	120
200	120
200	120
200	120
200	118
200	118
200	118
200	118
200	118
200	118
200	118
201	121
201	121
201	121
201	121
202	121
202	121
202	121
202	121
201	119
201	119
201	119
201	119
201	119
201	119
201	119
202	122
202	122
202	122
202	122
202	122
202	122
202	122
202	122
201	120
201	120
201	120
201	120
201	120
201	120
201	120
202	118
202	118
202	118
202	118
202	118
202	118
202	118
202	118
201	116
201	116
201	116
201	116
200	116
200	116
200	116
200	114
200	114
200	114
200	114
200	114
200	114
200	114
200	114
199	117
199	117
199	117
199	117
199	117
199	117
199	117
199	120
199	120
199	120
199	120
199	120
199	120
199	120
199	120
199	123
199	123
199	123
199	123
199	123
199	123
199	123
199	121
199	121
199	121
199	121
200	121
200	121
200	121
200	121
200	124
200	124
200	124
200	124
200	124
200	124
200	124
200	127
200	127
200	127
200	127
200	127
200	127
200	127
200	127
201	130
201	130
201	130
201	130
201	130
201	130
201	130
201	128
201	128
201	128
201	128
201	128
201	128
201	128
201	128
202	131
202	131
202	131
202	131
201	131
201	131
201	131
200	134
200	134
200	134
200	134
200	134
200	134
200	134
200	134
201	137
201	137
201	137
201	137
201	137
201	137
201	137
201	135
201	135
201	135
201	135
201	135
201	135
201	135
201	135
201	134
201	134
201	134
201	134
201	134
201	134
201	134
201	132
201	132
201	132
201	132
201	132
201	132
201	132
201	132
201	130
201	130
201	130
201	130
201	130
201	130
201	130
201	133
201	133
201	133
201	133
201	133
201	133
201	133
201	133
201	135
201	135
201	135
201	135
201	135
201	135
201	135
200	133
200	133
200	133
200	133
200	133
200	133
200	133
200	133
200	136
201	136
201	136
201	136
201	136
201	136
201	136
200	134
200	134
200	134
200	134
200	134
200	134
200	134
200	134
201	132
201	132
201	132
201	132
201	132
201	132
201	132
200	130
200	130
200	130
200	130
200	130
200	130
200	130
200	130
201	133
201	133
201	133
201	133
201	133
201	133
201	133
201	136
202	136
202	136
202	136
202	136
202	136
202	136
202	136
202	134
202	134
202	134
202	134
202	134
202	134
202	134
203	137
203	137
203	137
203	137
203	137
203	137
203	137
203	137
203	140
203	140
203	140
203	140
203	140
203	140
203	140
204	138
204	138
204	138
204	138
204	138
204	138
204	138
204	138
204	141
204	141
204	141
204	141
204	141
204	141
204	141
204	142
204	142
204	142
204	142
204	142
204	142
204	142
204	142
204	140
204	140
204	140
204	140
204	140
204	140
204	140
204	143
204	143
204	143
204	143
204	143
204	143
204	143
204	143
204	147
204	147
204	147
204	147
204	147
204	147
204	147
204	147
205	145
205	145
205	145
205	145
205	145
205	145
205	145
204	149
204	149
204	149
204	149
204	149
204	149
204	149
204	149
204	147
204	147
204	147
204	147
204	147
204	147
204	147
204	148
204	148
204	148
204	148
204	148
204	148
204	148
204	148
205	149
205	149
205	149
205	149
205	149
205	149
205	149
205	152
205	152
205	152
205	152
205	152
205	152
205	152
205	152
206	151
206	151
206	151
206	151
206	151
206	151
206	151
206	149
206	149
206	149
206	149
206	149
206	149
206	149
206	149
206	147
206	147
206	147
206	147
206	147
206	147
206	147
206	145
206	145
206	145
206	145
206	145
205	145
205	145
205	145
206	143
206	143
206	143
206	143
206	143
206	143
206	143
206	141
206	141
206	141
206	141
206	141
206	141
206	141
206	141
206	144
206	144
206	144
206	144
206	144
206	144
206	144
206	147
206	147
206	147
206	147
206	147
206	147
206	147
206	147
206	145
206	145
206	145
206	145
206	145
207	145
207	145
206	148
206	148
206	148
206	148
206	148
206	148
206	148
206	148
206	150
206	150
206	150
206	150
206	150
206	150
206	150
206	148
206	148
206	148
206	148
206	148
206	148
206	148
206	148
206	153
206	153
206	153
206	153
206	153
206	153
206	153
206	149
206	149
206	149
206	149
206	149
206	149
206	149
206	149
206	147
206	147
206	147
206	147
206	147
206	147
206	147
205	149
205	149
205	149
205	149
205	149
205	149
205	149
205	149
205	151
205	151
205	151
205	151
205	151
205	151
205	151
206	149
206	149
206	149
206	149
206	149
206	149
206	149
206	149
205	151
205	151
205	151
205	151
205	151
206	151
206	151
206	151
206	151
206	151
206	151
206	151
206	151
206	151
206	151
206	155
206	155
206	155
206	155
206	155
206	155
206	155
205	158
205	158
205	158
205	158
205	158
205	158
205	158
205	158
205	161
205	161
205	161
205	161
205	161
205	161
205	161
205	159
205	159
205	159
205	159
205	159
205	159
205	159
205	159
205	157
205	157
205	157
205	157
205	157
205	157
205	157
205	160
205	160
205	160
205	160
205	160
205	160
205	160
205	160
205	158
205	158
205	158
205	158
205	158
205	158
205	158
205	156
205	156
205	156
205	156
205	156
205	156
205	156
205	156
205	156
205	156
205	156
206	156
206	156
206	156
206	156
205	153
205	153
205	153
205	153
205	153
205	153
205	153
205	153
206	150
206	150
206	150
206	150
206	150
206	150
206	150
206	150
206	148
206	148
206	148
206	148
206	148
206	148
206	148
206	145
206	145
206	145
206	145
206	145
206	145
206	145
206	145
206	143
206	143
206	143
207	143
207	143
207	143
207	143
207	141
207	141
207	141
207	141
207	141
207	141
207	141
207	141
207	139
207	139
207	139
207	139
207	139
207	139
207	139
207	137
207	137
207	137
207	137
207	137
207	137
207	137
207	137
206	135
206	135
206	135
206	135
206	135
206	135
206	135
205	133
205	133
205	133
205	133
205	133
205	133
205	133
205	133
206	131
206	131
206	131
206	131
206	131
206	131
206	131
205	132
205	132
205	132
205	132
205	132
205	132
205	132
205	132
206	130
206	130
206	130
206	130
206	130
206	130
206	130
206	128
206	128
206	128
206	128
206	128
206	128
206	128
206	128
207	126
206	126
206	126
206	126
206	126
206	126
206	126
206	124
206	124
206	124
206	124
206	124
206	124
206	124
206	124
206	122
206	122
206	122
206	122
206	122
206	122
206	122
206	125
206	125
206	125
206	125
206	125
206	125
206	125
206	125
206	124
206	124
206	124
206	124
206	124
206	124
206	124
206	123
206	123
206	123
206	123
206	123
206	123
206	123
206	123
206	121
206	121
206	121
206	121
206	121
206	121
206	121
206	124
206	124
206	124
206	124
206	124
206	124
206	124
206	124
207	121
207	121
207	121
207	121
207	121
207	121
207	121
206	119
206	119
206	119
206	119
206	119
206	119
206	119
206	119
206	117
206	117
206	117
206	117
206	117
206	117
206	117
206	115
206	115
206	115
206	115
206	115
206	115
206	115
206	115
205	118
205	118
205	118
205	118
205	118
205	118
205	118
204	121
204	121
204	121
204	121
204	121
204	121
204	121
204	121
204	126
204	126
204	126
204	126
204	126
204	126
204	126
205	127
205	127
205	127
205	127
205	127
205	127
205	127
205	127
206	125
206	125
206	125
206	125
206	125
206	125
206	125
206	123
206	123
206	123
206	123
206	123
206	123
206	123
206	123
207	124
207	124
207	124
207	124
207	124
207	124
207	124
207	125
207	125
207	125
207	125
207	125
207	125
207	125
206	125
207	125
207	125
207	125
207	125
207	125
207	125
207	125
207	125
207	129
207	129
207	129
207	129
207	129
207	129
207	129
206	132
206	132
206	132
206	132
206	132
206	132
206	132
206	132
207	130
207	130
207	130
207	130
207	130
207	130
207	130
206	127
206	127
206	127
206	127
206	127
206	127
206	127
206	127
205	124
205	124
205	124
205	124
205	124
205	124
205	124
203	122
203	122
203	122
203	122
203	122
203	122
203	122
203	122
204	123
204	123
204	123
204	123
204	123
204	123
204	123
204	123
204	123
204	123
204	123
204	123
204	123
204	123
204	123
204	123
204	123
204	123
204	123
204	123
206	123
206	123
206	123
206	123
206	123
206	123
206	123
206	123
206	123
206	123
207	125
207	125
207	125
207	125
207	125
207	125
207	125
207	123
207	123
207	123
207	123
207	123
207	123
207	123
207	123
207	121
207	121
207	121
207	121
207	121
207	121
207	121
208	126
208	126
208	126
208	126
208	126
207	126
207	126
207	126
207	124
207	124
207	124
207	124
207	124
207	124
207	124
208	127
208	127
208	127
208	127
208	127
208	127
208	127
208	127
208	127
208	127
208	127
208	127
208	127
208	127
208	127
207	125
207	125
207	125
207	125
207	125
207	125
207	125
207	125
208	123
208	123
208	123
208	123
208	123
207	123
207	123
208	120
208	120
208	120
208	120
208	120
208	120
208	120
208	120
208	118
208	118
208	118
208	118
208	118
208	118
208	118
207	116
207	116
207	116
207	116
207	116
207	116
207	116
207	116
208	119
208	119
208	119
208	119
208	119
208	119
208	119
207	124
207	124
207	124
207	124
207	124
207	124
207	124
207	124
205	124
205	124
205	124
205	124
205	124
205	124
205	124
207	124
207	124
207	124
207	124
207	124
207	124
207	124
207	124
207	125
207	125
207	125
207	125
207	125
207	125
207	125
207	123
207	123
207	123
207	123
207	123
207	123
207	123
207	123
208	126
208	126
208	126
208	126
208	126
208	126
208	126
208	129
208	129
208	129
208	129
208	129
208	129
208	129
208	129
208	134
208	134
208	134
208	134
208	134
208	134
208	134
208	134
208	134
208	134
208	134
208	134
208	134
208	134
208	134
209	133
209	133
209	133
209	133
209	133
209	133
209	133
209	133
205	131
205	131
205	131
204	131
204	131
204	131
204	131
205	133
205	133
205	133
205	133
205	133
205	133
205	133
205	133
206	130
206	130
206	130
206	130
206	130
206	130
206	130
206	127
206	127
206	127
206	127
206	127
206	127
206	127
206	127
207	128
207	128
207	128
207	128
207	128
207	128
207	128
207	126
207	126
207	126
207	126
207	126
207	126
207	126
207	126
206	124
206	124
206	124
206	124
206	124
206	124
206	124
207	122
207	122
207	122
207	122
207	122
207	122
207	122
207	122
207	120
207	120
207	120
207	120
207	120
207	120
207	120
207	123
207	123
207	123
207	123
207	123
207	123
207	123
207	123
205	127
206	127
206	127
206	127
206	127
206	127
206	127
207	125
207	125
207	125
207	125
207	125
207	125
207	125
207	125
207	127
207	127
207	127
207	127
207	127
207	127
207	127
207	126
207	126
207	126
207	126
207	126
207	126
207	126
207	126
207	126
207	126
207	126
207	126
207	126
207	126
207	126
208	129
207	129
207	129
207	129
207	129
207	129
207	129
207	129
207	128
207	128
207	128
207	128
207	128
207	128
207	128
208	128
208	128
208	128
208	128
208	128
208	128
208	128
208	128
208	129
208	129
208	129
208	129
208	129
208	129
208	129
208	131
208	131
208	131
208	131
208	131
208	131
208	131
208	131
208	134
208	134
208	134
208	134
208	134
208	134
208	134
207	132
207	132
207	132
207	132
207	132
207	132
207	132
207	132
207	130
207	130
207	130
208	130
208	130
208	130
208	130
207	133
207	133
207	133
207	133
207	133
207	133
207	133
207	133
207	131
207	131
207	131
207	131
207	131
207	131
207	131
207	134
207	134
207	134
207	134
207	134
207	134
207	134
207	134
207	137
207	137
207	137
207	137
207	137
207	137
207	137
209	140
209	140
209	140
208	140
208	140
208	140
208	140
208	140
208	139
208	139
208	139
208	139
208	139
208	139
208	139
208	137
208	137
208	137
208	137
208	137
208	137
208	137
208	137
208	135
208	135
208	135
208	135
208	135
208	135
208	135
208	135
207	133
207	133
207	133
207	133
207	133
207	133
207	133
207	130
207	130
207	130
207	130
207	130
207	130
207	130
207	130
207	128
207	128
207	128
207	128
207	128
207	128
207	128
207	124
207	124
207	124
207	124
207	124
207	124
207	124
207	124
208	122
208	122
208	122
208	122
208	122
208	122
208	122
207	125
207	125
207	125
207	125
207	125
207	125
207	125
207	125
207	127
207	127
207	127
208	127
208	127
208	127
208	127
208	125
208	125
208	125
208	125
208	125
208	125
208	125
208	125
207	124
207	124
207	124
207	124
207	124
207	124
207	124
206	122
206	122
206	122
206	122
206	122
206	122
206	122
206	122
207	122
207	122
207	122
207	122
207	122
207	122
207	122
208	123
207	123
207	123
207	123
207	123
207	123
207	123
207	123
207	121
207	121
207	121
207	121
207	121
207	121
207	121
207	120
207	120
207	120
207	120
207	120
207	120
207	120
207	120
206	125
206	125
206	125
206	125
206	125
206	125
206	125
205	126
205	126
205	126
205	126
205	126
205	126
205	126
205	126
207	124
207	124
207	124
207	124
207	124
207	124
207	124
206	121
206	121
206	121
206	121
206	121
206	121
206	121
206	121
206	124
206	124
206	124
206	124
206	124
206	124
206	124
206	127
206	127
206	127
206	127
206	127
206	127
206	127
206	127
206	130
206	130
206	130
206	130
206	130
206	130
206	130
206	132
206	132
206	132
206	132
206	132
206	132
206	132
206	132
207	134
207	134
207	134
207	134
207	134
207	134
207	134
207	137
207	137
207	137
207	137
207	137
207	137
207	137
207	137
207	135
207	135
207	135
207	135
207	135
207	135
207	135
207	133
207	133
207	133
207	133
207	133
207	133
207	133
207	133
207	131
207	131
207	131
207	131
207	131
207	131
207	131
208	134
208	134
208	134
208	134
208	134
208	134
208	134
208	134
208	132
208	132
208	132
208	132
208	132
208	132
208	132
208	132
206	135
206	135
206	135
206	135
206	135
206	135
206	135
206	139
206	139
206	139
206	139
206	139
206	139
206	139
206	139
207	137
207	137
207	137
207	137
207	137
207	137
207	137
208	135
208	135
208	135
208	135
208	135
208	135
208	135
208	135
207	132
207	132
207	132
207	132
207	132
207	132
207	132
207	130
207	130
207	130
207	130
207	130
207	130
207	130
207	130
208	128
208	128
208	128
208	128
208	128
208	128
208	128
208	129
208	129
208	129
208	129
208	129
208	129
208	129
208	129
208	132
208	132
208	132
208	132
208	132
208	132
208	132
209	135
209	135
209	135
209	135
209	135
209	135
209	135
209	135
209	138
209	138
209	138
209	138
209	138
209	138
209	138
208	137
208	137
208	137
208	137
208	137
207	137
207	137
207	137
207	140
207	140
207	140
207	140
207	140
207	140
207	140
205	142
205	142
205	142
205	142
205	142
205	142
205	142
205	142
205	146
205	146
205	146
205	146
205	146
205	146
205	146
205	143
205	143
205	143
205	143
205	143
205	143
205	143
205	143
205	146
205	146
205	146
205	146
205	146
206	146
206	146
206	148
206	148
206	148
206	148
206	148
206	148
206	148
206	148
208	146
208	146
208	146
208	146
208	146
208	146
208	146
208	148
208	148
208	148
208	148
208	148
208	148
208	148
208	148
207	149
207	149
207	149
207	149
207	149
207	149
207	149
207	147
207	147
207	147
207	147
207	147
206	147
206	147
206	147
207	145
207	145
207	145
207	145
207	145
207	145
207	145
207	143
207	143
207	143
207	143
207	143
207	143
207	143
207	143
206	146
206	146
206	146
206	146
206	146
206	146
206	146
206	149
206	149
206	149
206	149
206	149
206	149
206	149
206	149
207	152
207	152
207	152
207	152
207	152
206	152
206	152
206	150
206	150
206	150
206	150
206	150
206	150
206	150
206	150
207	153
207	153
207	153
207	153
207	153
207	153
207	153
207	153
206	151
206	151
206	151
206	151
206	151
206	151
206	151
206	156
206	156
206	156
206	156
206	156
206	156
206	156
206	156
207	157
207	157
207	157
206	157
206	157
206	157
206	157
206	157
206	157
206	157
206	157
206	157
206	157
206	157
206	157
206	158
206	158
206	158
206	158
206	158
206	158
206	158
206	161
206	161
206	161
206	161
206	161
206	161
206	161
206	161
206	159
206	159
206	159
206	159
206	159
206	159
206	159
207	163
207	163
207	163
207	163
207	163
207	163
207	163
207	163
207	163
207	163
207	163
207	163
207	163
207	163
207	163
207	161
207	161
207	161
207	161
207	161
207	161
207	161
207	161
207	159
207	159
207	159
207	159
207	159
207	159
207	159
207	157
207	157
207	157
207	157
207	157
207	157
207	157
207	157
208	155
208	155
208	155
208	155
208	155
208	155
208	155
208	153
208	153
208	153
208	153
208	153
208	153
208	153
208	153
208	153
208	153
208	153
208	153
208	153
208	153
208	153
208	150
208	150
208	150
208	150
208	150
208	150
208	150
208	150
208	148
208	148
208	148
208	148
208	148
208	148
208	148
208	150
208	150
208	150
207	150
207	150
207	150
207	150
207	150
208	148
208	148
208	148
208	148
208	148
208	148
208	148
207	146
207	146
207	146
207	146
207	146
207	146
207	146
207	146
207	144
207	144
207	144
207	144
207	144
207	144
207	144
208	142
208	142
208	142
208	142
208	142
208	142
208	142
208	142
208	140
208	140
208	140
208	140
208	140
208	140
208	140
208	138
208	138
208	138
208	138
208	138
208	138
208	138
208	138
208	136
208	136
208	136
208	136
208	136
208	136
208	136
208	134
208	134
208	134
208	134
208	134
208	134
208	134
208	134
208	132
208	132
208	132
208	132
208	132
208	132
208	132
208	130
208	130
208	130
208	130
208	130
208	130
208	130
208	130
208	135
208	135
208	135
208	135
208	135
208	135
208	135
208	133
208	133
208	133
208	133
208	133
208	133
208	133
208	133
208	132
208	132
208	132
208	132
208	132
208	132
208	132
208	132
209	130
209	130
209	130
209	130
209	130
209	130
209	130
209	129
208	129
208	129
208	129
208	129
208	129
208	129
208	129
209	129
209	129
209	129
209	129
209	129
209	129
209	129
208	128
208	128
208	128
208	128
208	128
208	128
208	128
208	128
208	131
208	131
208	131
208	131
208	131
208	131
208	131
208	134
208	134
208	134
208	134
208	134
208	134
208	134
208	134
208	137
208	137
208	137
208	137
208	137
208	137
208	137
207	140
207	140
207	140
207	140
207	140
207	140
207	140
207	140
207	143
207	143
207	143
207	143
207	143
207	143
207	143
208	141
208	141
208	141
208	141
208	141
208	141
208	141
208	141
209	139
209	139
209	139
209	139
209	139
209	139
209	139
211	141
211	141
211	141
211	141
211	141
211	141
211	141
211	141
210	141
210	141
210	141
210	141
210	141
210	141
210	141
209	144
209	144
209	144
209	144
209	144
209	144
209	144
209	144
209	142
209	142
209	142
209	142
209	142
209	142
209	142
209	148
209	148
209	148
209	148
209	148
209	148
209	148
209	148
209	147
209	147
209	147
209	147
209	147
209	147
209	147
209	145
209	145
209	145
209	145
209	145
209	145
209	145
209	145
210	149
210	149
210	149
210	149
210	149
210	149
210	149
210	150
210	150
210	150
210	150
210	150
210	150
210	150
210	150
210	153
210	153
210	153
210	153
210	153
210	153
210	153
210	149
210	149
210	149
210	149
210	149
210	149
210	149
210	149
209	152
209	152
209	152
209	152
209	152
209	152
209	152
210	155
210	155
210	155
210	155
210	155
210	155
210	155
210	155
210	158
210	158
210	158
210	158
210	158
210	158
210	158
210	155
210	155
210	155
210	155
210	155
210	155
210	155
210	155
210	155
210	155
210	155
210	155
210	155
210	155
210	155
210	155
210	158
210	158
210	158
210	158
210	158
210	158
210	158
210	165
210	165
210	165
210	165
210	165
210	165
210	165
210	165
210	163
210	163
210	163
210	163
210	163
210	163
210	163
210	161
210	161
210	161
210	161
210	161
210	161
210	161
210	161
210	157
210	157
210	157
210	157
210	157
210	157
210	157
210	155
210	155
210	155
210	155
210	155
210	155
210	155
210	155
210	158
210	158
210	158
210	158
210	158
210	158
210	158
209	156
209	156
209	156
209	156
209	156
209	156
209	156
209	156
210	154
210	154
210	154
210	154
210	154
210	154
210	154
211	152
211	152
211	152
211	152
211	152
211	152
211	152
211	152
211	150
211	150
211	150
211	150
211	150
211	150
211	150
212	148
212	148
212	148
212	148
212	148
212	148
212	148
212	148
211	145
211	145
211	145
211	145
211	145
211	145
211	145
211	143
211	143
211	143
210	143
210	143
210	143
210	143
210	143
211	142
211	142
211	142
211	142
211	142
211	142
211	142
210	140
210	140
210	140
210	140
210	140
210	140
210	140
210	140
210	143
210	143
210	143
210	143
210	143
210	143
210	143
210	140
210	140
210	140
210	140
210	140
210	140
210	140
210	140
211	138
211	138
211	138
211	138
211	138
211	138
211	138
210	136
210	136
210	136
210	136
210	136
210	136
210	136
210	136
211	134
211	134
211	134
211	134
211	134
211	134
211	134
211	137
211	137
211	137
211	137
211	137
211	137
211	137
211	137
211	138
211	138
211	138
211	138
211	138
211	138
211	138
211	141
211	141
211	141
211	141
211	141
211	141
211	141
211	141
211	144
211	144
211	144
211	144
211	144
211	144
211	144
211	144
211	147
211	147
211	147
211	147
211	147
211	147
211	147
211	151
211	151
211	151
211	151
211	151
211	151
211	151
211	151
211	156
211	156
211	156
211	156
211	156
211	156
211	156
210	154
211	154
211	154
211	154
211	154
211	154
211	154
211	154
211	152
211	152
211	152
211	152
211	152
211	152
211	152
211	148
211	148
211	148
211	148
211	148
211	148
211	148
211	148
211	146
211	146
211	146
211	146
211	146
211	146
211	146
211	144
211	144
211	144
211	144
211	144
211	144
211	144
211	144
211	145
210	145
210	145
210	145
210	145
210	145
210	145
210	143
210	143
210	143
210	143
210	143
210	143
210	143
210	143
210	141
210	141
210	141
210	141
210	141
210	141
210	141
209	139
209	139
209	139
209	139
209	139
209	139
209	139
209	139
207	138
207	138
207	138
207	138
207	138
207	138
207	138
207	136
207	136
207	136
207	136
207	136
207	136
207	136
207	136
206	134
206	134
206	134
206	134
206	134
206	134
206	134
206	131
206	131
206	131
206	131
206	131
205	131
205	131
205	131
204	129
204	129
204	129
204	129
204	129
204	129
204	129
204	127
204	127
204	127
204	127
204	127
204	127
204	127
204	127
203	126
203	126
203	126
203	126
203	126
203	126
203	126
203	125
203	125
203	125
203	125
203	125
203	125
203	125
203	125
202	125
202	125
202	125
202	125
202	125
202	125
202	125
201	124
201	124
201	124
201	124
201	124
201	124
201	124
201	124
201	123
201	123
201	123
201	123
201	123
201	123
201	123
201	123
201	122
201	122
201	122
201	122
201	122
201	122
201	122
200	122
200	122
200	122
200	122
200	122
200	122
200	122
200	122
200	122
200	122
200	122
199	122
199	122
199	122
199	122
198	120
198	120
198	120
198	120
198	120
198	120
198	120
198	120
198	120
198	120
198	120
198	120
198	120
198	120
198	120
197	117
197	117
197	117
197	117
197	117
197	117
197	117
197	117
196	116
196	116
196	116
196	116
196	116
196	116
196	116
196	115
196	115
196	115
195	115
195	115
195	115
195	115
195	115
195	115
195	115
195	115
195	115
195	115
195	115
195	115
195	114
195	114
195	114
195	114
195	114
195	114
195	114
195	114
194	116
194	116
194	116
194	116
194	116
194	116
194	116
195	118
195	118
195	118
195	118
195	118
195	118
195	118
195	118
195	119
195	119
195	119
194	119
194	119
194	119
194	119
194	117
194	117
194	117
194	117
194	117
194	117
194	117
194	117
194	114
194	114
194	114
194	114
194	114
194	114
194	114
194	117
194	117
194	117
194	117
194	117
194	117
194	117
194	117
195	120
195	120
195	120
195	120
195	120
195	120
195	120
195	123
196	123
196	123
196	123
196	123
196	123
196	123
196	123
195	121
195	121
195	121
195	121
195	121
195	121
195	121
197	119
197	119
197	119
197	119
197	119
197	119
197	119
197	119
196	122
196	122
196	122
196	122
196	122
196	122
196	122
197	120
197	120
197	120
197	120
197	120
197	120
197	120
197	120
197	118
198	118
198	118
198	118
198	118
198	118
198	118
198	118
197	116
197	116
197	116
197	116
197	116
197	116
197	116
198	120
198	120
198	120
198	120
198	120
198	120
198	120
198	120
195	123
195	123
195	123
195	123
195	123
195	123
195	123
195	126
195	126
195	126
195	126
195	126
195	126
195	126
197	126
197	128
198	128
198	128
198	128
198	128
198	128
198	128
198	127
198	127
198	127
198	127
198	127
198	127
198	127
198	127
198	125
198	125
198	125
198	125
198	125
198	125
198	125
198	124
198	124
198	124
198	124
198	124
198	124
198	124
198	124
199	127
199	127
199	127
199	127
199	127
199	127
198	127
198	125
197	125
197	125
197	125
197	125
197	125
197	125
197	125
197	123
197	123
197	123
197	123
197	123
197	123
197	123
196	122
196	122
196	122
196	122
196	122
196	122
196	122
196	122
195	120
195	120
195	120
195	120
195	120
195	120
195	120
195	117
195	117
195	117
195	117
195	117
195	117
195	117
194	117
193	116
193	116
193	116
193	116
193	116
193	116
193	116
192	115
192	115
192	115
192	115
192	115
192	115
192	115
192	115
192	117
192	117
192	117
192	117
192	117
192	117
192	117
191	114
191	114
191	114
191	114
191	114
191	114
191	114
191	114
190	111
190	111
190	111
190	111
190	111
190	111
190	111
189	108
189	108
189	108
189	108
189	108
189	108
189	108
189	108
188	108
188	108
188	108
188	108
188	108
188	108
188	108
187	109
187	109
187	109
187	109
187	109
187	109
187	109
187	109
188	109
188	109
188	109
188	109
188	109
188	109
188	109
188	109
186	110
186	110
186	110
186	110
186	110
185	110
185	110
185	113
185	113
185	113
185	113
185	113
185	113
185	113
185	113
184	110
184	110
184	110
184	110
184	110
184	110
184	110
184	111
184	111
184	111
184	111
184	111
184	111
184	111
184	111
184	110
184	110
184	110
184	110
184	110
184	110
184	110
182	111
182	111
182	111
182	111
182	111
181	111
181	111
181	111
181	112
181	112
181	112
181	112
181	112
181	112
181	112
181	112
181	112
181	112
181	112
181	112
181	112
181	112
181	112
181	112
181	112
181	112
181	112
181	112
181	112
181	112
180	112
180	112
180	112
180	112
180	112
180	112
180	112
180	112
179	112
179	112
179	112
179	112
179	112
179	112
179	112
178	112
178	112
178	112
178	112
178	112
178	112
178	112
178	112
178	113
178	113
178	113
178	113
178	113
178	113
178	113
178	115
178	115
178	115
178	115
178	115
178	115
178	115
178	115
178	112
178	112
178	112
178	112
178	112
178	112
178	112
178	115
178	115
178	115
178	115
178	115
178	115
178	115
178	115
178	115
178	115
178	115
178	115
178	115
178	115
178	115
178	117
178	117
178	117
178	117
178	117
178	117
178	117
178	117
177	120
177	120
177	120
177	120
177	120
177	120
177	120
176	123
176	123
176	123
176	123
176	123
176	123
176	123
176	123
176	126
176	126
176	126
176	126
176	126
176	126
176	126
176	126
175	129
175	129
175	129
175	129
175	129
175	129
175	129
176	132
176	132
176	132
176	132
176	132
176	132
176	132
176	132
177	136
177	136
177	136
177	136
177	136
177	136
177	136
178	139
178	139
178	139
178	139
178	139
178	139
178	139
178	139
179	142
179	142
179	142
180	142
180	142
180	142
180	142
182	145
182	145
182	145
182	145
182	145
182	145
182	145
182	145
183	147
183	147
183	147
183	147
183	147
183	147
183	147
184	150
184	150
184	150
184	150
184	150
184	150
184	150
184	150
184	153
184	153
184	153
184	153
184	153
184	153
184	153
185	151
185	151
185	151
186	151
186	151
186	151
186	151
186	151
186	149
186	149
186	149
186	149
186	149
186	149
186	149
186	147
186	147
186	147
186	147
186	147
186	147
186	147
186	147
187	152
187	152
187	152
187	152
187	152
187	152
187	152
188	155
188	155
188	155
188	155
188	155
188	155
188	155
188	155
190	158
190	158
190	158
190	158
190	158
190	158
190	158
190	154
190	154
190	154
190	154
190	154
190	154
190	154
190	154
191	152
191	152
191	152
191	152
191	152
191	152
191	152
192	155
192	155
192	155
192	155
192	155
192	155
192	155
192	155
194	158
194	158
194	158
194	158
194	158
194	158
194	158
193	161
194	161
194	161
194	161
194	161
194	161
194	161
194	161
193	162
193	162
193	162
193	162
193	162
193	162
193	162
193	162
193	162
193	162
193	162
193	162
193	162
193	162
193	162
193	161
193	161
193	161
193	161
193	161
