90	0
90	0
90	0
90	0
90	0
90	0
89	0
89	0
89	0
89	0
89	0
89	0
89	0
89	0
89	0
89	0
89	0
89	0
89	0
89	0
89	0
89	0
89	0
89	0
89	0
90	0
90	0
90	0
90	0
90	0
90	0
90	0
90	0
93	0
93	0
93	0
93	0
93	0
93	0
93	0
93	0
93	0
93	0
93	0
93	0
93	0
93	0
93	0
94	65
94	65
93	65
93	65
93	65
93	65
93	65
90	71
90	71
90	71
90	71
90	71
90	71
90	71
90	71
90	74
90	74
90	74
90	74
90	74
90	74
90	74
92	77
92	77
92	77
92	77
92	77
92	77
92	77
92	77
94	78
94	78
94	78
94	78
94	78
94	78
94	78
97	78
97	78
99	78
99	78
99	78
99	78
99	78
99	78
102	79
102	79
102	79
102	79
102	79
102	79
102	79
104	80
104	80
104	80
104	80
104	80
104	80
104	80
104	80
105	78
105	78
105	78
105	78
105	78
105	78
105	78
105	81
105	81
105	81
105	81
105	81
105	81
105	81
105	81
106	81
106	81
107	81
107	81
107	81
107	81
107	81
108	82
108	82
108	82
108	82
108	82
108	82
108	82
108	82
109	80
109	80
109	80
109	80
109	80
109	80
109	80
110	83
110	83
110	83
110	83
110	83
110	83
110	83
110	83
111	86
111	86
111	86
111	86
111	86
111	86
111	86
113	89
113	89
114	89
114	89
114	89
114	89
114	89
114	89
116	89
116	89
116	89
116	89
116	89
116	89
116	89
118	92
118	92
118	92
118	92
118	92
118	92
118	92
118	92
119	95
119	95
119	95
119	95
119	95
119	95
119	95
120	91
120	91
120	91
120	91
120	91
120	91
120	91
120	91
121	94
121	94
122	94
122	94
122	94
122	94
122	94
123	97
123	97
123	97
123	97
123	97
123	97
123	97
123	97
124	95
124	95
124	95
124	95
124	95
124	95
124	95
124	96
124	96
124	96
124	96
124	96
124	96
124	96
124	96
125	99
125	99
125	99
125	99
125	99
125	99
125	99
125	97
125	97
126	97
126	97
126	97
126	97
126	97
126	97
126	102
126	102
126	102
126	102
126	102
126	102
126	102
127	105
127	105
127	105
127	105
127	105
127	105
127	105
127	105
127	101
127	101
127	101
127	101
127	101
127	101
127	101
128	99
128	99
128	99
128	99
128	99
128	99
128	99
128	99
129	99
129	99
129	99
129	99
129	99
129	99
129	99
130	100
130	100
130	100
130	100
130	100
130	100
130	100
130	100
130	97
130	97
130	97
130	97
130	97
130	97
131	97
132	98
132	98
132	98
132	98
132	98
132	98
132	98
132	98
133	101
133	101
133	101
133	101
133	101
133	101
133	101
133	101
133	101
134	101
134	101
134	101
134	101
134	101
134	101
135	102
135	102
135	102
135	102
135	102
135	102
135	102
135	105
135	105
135	105
135	105
135	105
135	105
135	105
135	105
136	102
136	102
136	102
136	102
136	102
136	102
136	102
136	100
136	100
136	100
136	100
136	100
136	100
136	100
136	100
137	98
137	98
138	98
138	98
138	98
138	98
138	98
138	97
138	97
138	97
138	97
138	97
138	97
138	97
138	97
138	101
138	101
138	101
138	101
138	101
138	101
138	101
138	97
138	97
138	97
138	97
138	97
138	97
138	97
138	97
138	95
138	95
138	95
138	95
138	95
138	95
138	95
138	100
138	100
138	100
138	100
138	100
138	100
138	100
138	100
138	103
138	103
138	103
138	103
138	103
138	103
138	103
138	101
138	101
138	101
138	101
138	101
138	101
138	101
138	101
138	99
138	99
138	99
138	99
138	99
138	99
138	99
139	97
139	97
139	97
139	97
139	97
139	97
139	97
139	97
138	102
138	102
139	102
139	102
139	102
139	102
139	102
138	100
138	100
138	100
138	100
138	100
138	100
138	100
138	100
138	98
138	98
138	98
138	98
138	98
138	98
138	98
138	102
138	102
138	102
138	102
138	102
138	102
138	102
138	102
139	100
139	100
139	100
139	100
139	100
139	100
139	100
140	105
140	105
140	105
140	105
140	105
140	105
140	105
140	105
141	108
141	108
141	108
141	108
141	108
141	108
141	108
141	106
141	106
141	106
141	106
141	106
141	106
141	106
141	106
142	109
142	109
142	109
142	109
142	109
142	109
142	109
142	114
142	114
142	114
142	114
142	114
142	114
142	114
142	114
143	114
143	114
143	114
143	114
143	114
143	114
143	114
143	116
143	116
143	116
143	116
143	116
143	116
143	116
143	116
143	113
143	113
143	113
143	113
143	113
143	113
143	113
143	111
143	111
143	111
143	111
143	111
143	111
143	111
143	111
144	109
144	109
144	109
144	109
144	109
144	109
144	109
144	107
144	107
145	107
145	107
145	107
145	107
145	107
145	107
145	108
145	108
145	108
145	108
145	108
145	108
145	108
146	107
146	107
146	107
146	107
146	107
146	107
146	107
146	107
146	110
146	110
146	110
146	110
146	110
146	110
146	110
146	108
146	108
146	108
146	108
146	108
146	108
146	108
146	108
146	112
146	112
146	112
146	112
146	112
146	112
146	112
146	115
146	115
146	115
146	115
146	115
146	115
146	115
146	115
145	112
145	112
145	112
145	112
145	112
145	112
145	112
145	113
145	113
145	113
145	113
145	113
145	113
145	113
145	113
142	111
142	111
142	111
142	111
142	111
142	111
142	111
141	107
141	107
140	107
140	107
140	107
140	107
140	107
140	107
140	105
140	105
140	105
140	105
140	105
140	105
140	105
141	106
141	106
141	106
141	106
141	106
141	106
141	106
141	106
141	104
141	104
141	104
141	104
141	104
141	104
141	104
143	108
143	108
143	108
143	108
143	108
143	108
143	108
143	108
144	109
144	109
144	109
144	109
144	109
144	109
144	109
145	111
145	111
145	111
145	111
145	111
145	111
145	111
145	111
145	114
145	114
145	114
145	114
145	114
145	114
145	114
145	112
145	112
145	112
145	112
145	112
145	112
145	112
145	112
147	110
147	110
147	110
147	110
147	110
147	110
147	110
148	109
148	109
148	109
148	109
148	109
148	109
148	109
148	109
148	107
148	107
148	107
148	107
148	107
148	107
148	107
149	107
149	107
149	107
149	107
149	107
149	107
149	107
149	107
150	103
150	103
150	103
150	103
150	103
150	103
150	103
149	106
149	106
149	106
149	106
149	106
149	106
149	106
149	106
150	103
150	103
150	103
150	103
150	103
150	103
150	103
150	104
150	104
150	104
150	104
150	104
150	104
150	104
150	104
150	107
150	107
150	107
150	107
150	107
150	107
150	107
151	104
151	104
151	104
151	104
151	104
151	104
151	104
151	104
151	107
151	107
151	107
151	107
151	107
151	107
151	107
151	105
151	105
151	105
151	105
151	105
151	105
151	105
151	105
151	108
151	108
151	108
151	108
151	108
151	108
151	108
151	111
151	111
151	111
151	111
151	111
151	111
151	111
151	111
151	113
151	113
151	113
151	113
151	113
151	113
151	113
151	111
151	111
151	111
151	111
151	111
151	111
151	111
151	111
152	112
152	112
151	112
151	112
151	112
151	112
151	112
152	112
152	112
152	112
152	112
152	112
152	112
152	112
152	112
152	110
152	110
152	110
152	110
152	110
152	110
152	110
152	110
152	110
152	110
152	110
152	110
152	110
152	110
152	110
152	106
152	106
152	106
152	106
152	106
152	106
152	106
153	108
153	108
153	108
153	108
153	108
153	108
153	108
153	108
153	108
153	108
153	108
153	108
153	108
153	108
153	108
153	106
153	106
153	106
153	106
153	106
153	106
153	106
153	106
154	109
154	109
154	109
154	109
154	109
154	109
154	109
154	109
154	109
154	109
154	109
154	109
154	109
154	109
154	109
154	112
154	112
154	112
154	112
154	112
154	112
154	112
153	110
153	110
153	110
153	110
153	110
153	110
153	110
153	110
153	109
153	109
153	109
153	109
153	109
153	109
153	109
154	112
154	112
154	112
154	112
154	112
154	112
154	112
154	112
154	115
154	115
154	115
154	115
154	115
154	115
154	115
153	113
153	113
153	113
153	113
153	113
153	113
153	113
153	113
154	111
154	111
154	111
154	111
154	111
154	111
154	111
155	109
155	109
155	109
155	109
155	109
155	109
155	109
155	109
154	112
154	112
154	112
154	112
154	112
154	112
154	112
154	110
154	110
154	110
154	110
154	110
154	110
154	110
154	110
154	108
154	108
154	108
154	108
154	108
154	108
154	108
154	106
154	106
154	106
154	106
154	106
154	106
154	106
154	106
153	109
153	109
153	109
153	109
153	109
153	109
153	109
153	107
153	107
153	107
153	107
153	107
153	107
153	107
153	107
154	111
154	111
154	111
154	111
154	111
154	111
154	111
154	109
154	109
154	109
154	109
154	109
154	109
154	109
154	109
154	107
154	107
154	107
154	107
154	107
154	107
154	107
155	110
155	110
155	110
155	110
155	110
155	110
155	110
155	110
155	108
155	108
155	108
155	108
155	108
155	108
155	108
155	106
155	106
155	106
155	106
155	106
155	106
155	106
155	106
155	109
155	109
155	109
155	109
155	109
155	109
155	109
155	107
155	107
155	107
155	107
155	107
155	107
155	107
155	107
154	105
154	105
154	105
154	105
154	105
154	105
154	105
155	103
155	103
155	103
155	103
155	103
155	103
155	103
155	103
155	101
155	101
155	101
155	101
155	101
155	101
155	101
155	100
155	100
155	100
155	100
155	100
155	100
155	100
155	100
155	98
155	98
155	98
155	98
155	98
155	98
155	98
156	96
156	96
156	96
156	96
156	96
156	96
156	96
156	96
156	100
156	100
156	100
156	100
156	100
156	100
156	100
157	99
157	99
157	99
157	99
157	99
157	99
157	99
157	99
156	103
156	103
156	103
156	103
156	103
156	103
156	103
156	104
156	104
156	104
156	104
156	104
156	104
156	104
156	104
156	102
156	102
156	102
156	102
156	102
156	102
156	102
156	102
156	102
156	102
156	102
156	102
156	102
156	102
156	102
157	100
157	100
157	100
157	100
157	100
157	100
157	100
157	102
157	102
156	102
156	102
156	102
156	102
156	102
156	102
156	104
156	104
156	104
156	104
156	104
156	104
156	104
156	108
156	108
156	108
156	108
156	108
156	108
156	108
156	108
156	113
156	113
156	113
156	113
156	113
156	113
156	113
156	111
156	111
156	111
156	111
156	111
156	111
156	111
156	111
156	113
156	113
156	113
156	113
156	113
156	113
156	113
156	112
156	112
156	112
156	112
156	112
156	112
156	112
156	112
156	112
156	112
156	112
156	112
156	112
156	112
156	112
156	113
156	113
156	113
156	113
156	113
156	113
156	113
156	113
156	114
156	114
156	114
156	114
156	114
156	114
156	114
156	111
156	111
157	111
157	111
157	111
157	111
157	111
157	111
156	112
156	112
156	112
156	112
156	112
156	112
156	112
157	110
157	110
157	110
157	110
157	110
157	110
157	110
157	110
157	108
157	108
157	108
157	108
157	108
157	108
157	108
157	106
157	106
157	106
157	106
157	106
157	106
157	106
157	106
158	104
158	104
158	104
158	104
158	104
158	104
158	104
158	102
158	102
158	102
158	102
158	102
158	102
158	102
158	102
158	102
158	102
158	102
158	102
158	102
158	102
158	102
158	100
158	100
158	100
158	100
158	100
158	100
158	100
158	100
158	97
158	97
158	97
158	97
158	97
158	97
158	97
158	101
158	101
159	101
159	101
159	101
159	101
159	101
159	101
159	97
159	97
159	97
159	97
159	97
159	97
159	97
160	97
160	97
160	97
160	97
160	97
160	97
160	97
160	97
160	100
160	100
160	100
160	100
160	100
160	100
160	100
161	98
161	98
161	98
161	98
161	98
161	98
161	98
161	98
161	97
161	97
161	97
161	97
161	97
161	97
161	97
161	98
161	98
161	98
161	98
161	98
161	98
161	98
161	98
161	100
161	100
161	100
161	100
161	100
161	100
161	100
162	97
162	97
162	97
162	97
162	97
162	97
162	97
162	97
162	97
162	97
162	97
162	97
162	97
162	97
162	97
161	100
161	100
161	100
161	100
161	100
161	100
161	100
161	100
161	104
161	104
161	104
161	104
161	104
161	104
161	104
161	103
161	103
161	103
161	103
161	103
161	103
161	103
161	103
161	104
161	104
161	104
161	104
161	104
161	104
161	104
162	109
162	109
162	109
162	109
162	109
162	109
162	109
162	109
162	112
162	112
162	112
162	112
162	112
162	112
162	112
163	109
163	109
163	109
163	109
163	109
163	109
163	109
163	109
163	109
163	109
163	109
163	109
163	109
163	109
163	109
163	108
163	108
163	108
163	108
163	108
163	108
163	108
163	108
163	106
163	106
163	106
163	106
163	106
163	106
163	106
164	104
164	104
164	104
164	104
164	104
164	104
164	104
164	104
164	102
164	102
164	102
164	102
164	102
164	102
164	102
164	105
164	105
164	105
164	105
164	105
164	105
164	105
164	105
164	108
164	108
164	108
164	108
164	108
164	108
164	108
164	106
164	106
164	106
164	106
164	106
164	106
164	106
164	106
164	104
164	104
164	104
164	104
164	104
164	104
164	104
164	103
164	103
164	103
164	103
164	103
164	103
164	103
164	103
164	101
164	101
164	101
164	101
164	101
164	101
164	101
164	97
164	97
164	97
164	97
164	97
164	97
164	97
164	97
164	95
164	95
164	95
164	95
164	95
164	95
164	95
164	93
164	93
164	93
164	93
164	93
164	93
164	93
164	93
164	95
164	95
164	95
164	95
164	95
164	95
164	95
164	96
164	96
164	96
164	96
164	96
164	96
164	96
164	96
164	94
164	94
164	94
164	94
164	94
164	94
164	94
164	92
164	92
164	92
164	92
164	92
164	92
164	92
164	92
164	95
164	95
164	95
164	95
164	95
164	95
164	95
165	95
165	95
165	95
165	95
165	95
165	95
165	95
165	95
165	98
165	98
165	98
165	98
165	98
165	98
165	98
165	96
165	96
165	96
165	96
165	96
165	96
165	96
165	96
165	99
165	99
165	99
165	99
165	99
165	99
165	99
166	96
166	96
166	96
166	96
166	96
166	96
166	96
166	96
166	99
166	99
166	99
166	99
166	99
166	99
166	99
166	97
166	97
166	97
166	97
166	97
166	97
166	97
166	97
165	98
165	98
165	98
165	98
165	98
165	98
165	98
166	96
166	96
166	96
166	96
166	96
166	96
166	96
166	96
166	99
166	99
166	99
166	99
166	99
166	99
166	99
167	97
167	97
167	97
167	97
167	97
167	97
167	97
167	97
167	100
167	100
167	100
167	100
167	100
167	100
167	100
167	103
167	103
167	103
167	103
167	103
167	103
167	103
167	103
167	99
167	99
167	99
167	99
167	99
167	99
167	99
168	103
168	103
168	103
168	103
168	103
168	103
168	103
168	103
168	101
168	101
168	101
168	101
168	101
168	101
168	101
168	97
168	97
168	97
168	97
168	97
168	97
168	97
168	97
167	102
167	102
167	102
167	102
167	102
167	102
167	102
167	103
167	103
167	103
167	103
167	103
167	103
167	103
167	103
167	105
167	105
166	105
166	105
166	105
166	105
166	105
166	103
166	103
166	103
166	103
166	103
166	103
166	103
166	103
166	104
166	104
166	104
166	104
166	104
166	104
166	104
166	108
166	108
166	108
166	108
166	108
166	108
166	108
166	108
166	107
166	107
166	107
166	107
166	107
166	107
166	107
166	108
166	108
166	108
166	108
166	108
166	108
166	108
166	108
166	107
166	107
166	107
166	107
166	107
166	107
166	107
166	109
166	109
166	109
166	109
166	109
166	109
166	109
166	109
166	107
166	107
166	107
166	107
166	107
166	107
166	107
166	108
166	108
166	108
166	108
166	108
166	108
166	108
166	108
166	106
166	106
166	106
166	106
166	106
166	106
166	106
166	109
166	109
166	109
166	109
166	109
166	109
166	109
166	109
166	109
166	109
166	109
166	109
166	109
166	109
166	109
166	109
166	109
166	109
166	109
166	109
166	109
166	109
166	109
166	107
166	107
166	107
166	107
166	107
166	107
166	107
166	108
166	108
166	108
166	108
166	108
166	108
166	108
166	108
166	103
166	103
166	103
166	103
166	103
166	103
166	103
165	108
165	108
165	108
165	108
165	108
165	108
165	108
165	108
165	113
165	113
165	113
165	113
165	113
165	113
165	113
166	111
166	111
166	111
166	111
166	111
166	111
166	111
166	111
165	109
165	109
165	109
165	109
165	109
165	109
165	109
165	112
165	112
165	112
165	112
165	112
165	112
165	112
165	112
165	110
165	110
165	110
165	110
165	110
165	110
165	110
165	108
165	108
165	108
165	108
165	108
165	108
165	108
165	108
164	109
164	109
164	109
164	109
164	109
164	109
164	109
165	107
165	107
165	107
165	107
165	107
165	107
165	107
165	107
165	105
165	105
165	105
165	105
165	105
165	105
165	105
165	103
165	103
165	103
165	103
165	103
165	103
165	103
165	103
165	106
165	106
165	106
165	106
165	106
165	106
165	106
165	109
165	109
165	109
165	109
165	109
165	109
165	109
165	109
164	112
164	112
164	112
164	112
164	112
164	112
164	112
164	108
164	108
164	108
164	108
164	108
164	108
164	108
164	108
164	106
164	106
164	106
164	106
164	106
164	106
164	106
163	102
163	102
163	102
163	102
163	102
163	102
163	102
163	102
163	105
163	105
163	105
163	105
163	105
163	105
163	105
163	105
163	105
163	105
163	105
163	105
163	105
163	105
163	105
163	108
163	108
163	108
163	108
163	108
163	108
163	108
163	106
163	106
163	106
163	106
163	106
163	106
163	106
163	106
163	108
163	108
163	108
163	108
163	108
163	108
163	108
163	106
163	106
163	106
163	106
163	106
163	106
163	106
163	106
163	109
163	109
164	109
164	109
164	109
164	109
164	109
164	107
164	107
164	107
164	107
164	107
164	107
164	107
164	107
164	103
164	103
164	103
164	103
164	103
164	103
164	103
164	106
164	106
164	106
164	106
164	106
164	106
164	106
164	106
164	109
164	109
164	109
164	109
164	109
164	109
164	109
164	109
164	109
164	109
164	109
164	109
164	109
164	109
164	109
163	112
163	112
163	112
163	112
163	112
163	112
163	112
164	115
164	115
164	115
164	115
164	115
164	115
164	115
164	115
164	118
164	118
164	118
164	118
164	118
164	118
164	118
163	118
163	118
163	118
163	118
163	118
163	118
163	118
163	118
163	122
163	122
163	122
163	122
163	122
163	122
163	122
163	125
163	125
163	125
163	125
163	125
163	125
163	125
163	125
163	128
163	128
163	128
163	128
163	128
163	128
163	128
164	128
164	128
164	128
164	128
164	128
164	128
164	128
164	128
164	126
164	126
164	126
164	126
164	126
164	126
164	126
164	124
164	124
164	124
164	124
164	124
164	124
164	124
164	124
164	122
164	122
164	122
164	122
164	122
164	122
164	122
164	120
164	120
164	120
164	120
164	120
164	120
164	120
164	120
164	118
164	118
164	118
164	118
164	118
164	118
164	118
164	116
164	116
164	116
164	116
164	116
164	116
164	116
164	116
164	117
164	117
164	117
164	117
164	117
164	117
164	117
164	118
164	118
164	118
164	118
164	118
164	118
164	118
164	118
164	116
164	116
164	116
164	116
164	116
164	116
164	116
164	114
164	114
164	114
164	114
164	114
164	114
164	114
164	114
164	119
164	119
164	119
164	119
164	119
164	119
164	119
164	119
164	119
163	119
163	119
163	119
163	119
163	119
163	119
163	117
163	117
163	117
163	117
163	117
163	117
163	117
162	115
162	115
162	115
162	115
162	115
162	115
162	115
162	115
162	117
162	117
162	117
162	117
162	117
162	117
162	117
163	122
163	122
163	122
163	122
163	122
163	122
163	122
163	122
163	122
163	122
163	122
163	122
163	122
163	122
163	122
163	125
163	125
163	125
163	125
163	125
163	125
163	125
163	125
163	123
163	123
163	123
163	123
163	123
163	123
163	123
163	127
163	127
163	127
163	127
163	127
163	127
163	127
163	127
163	127
163	127
163	127
163	127
163	127
163	127
163	127
163	127
163	127
162	127
162	127
162	127
162	127
162	127
162	127
162	130
162	130
162	130
162	130
162	130
162	130
162	130
161	128
161	128
161	128
161	128
161	128
161	128
161	128
161	128
161	131
161	131
161	131
161	131
161	131
161	131
161	131
160	134
160	134
160	134
160	134
160	134
160	134
160	134
160	134
160	136
160	136
160	136
160	136
160	136
160	136
160	136
160	136
160	136
160	136
160	136
160	136
160	136
160	136
160	136
161	136
161	136
161	136
161	136
161	136
161	136
161	136
162	134
162	134
162	134
162	134
162	134
162	134
162	134
162	134
163	132
163	132
163	132
163	132
163	132
163	132
163	132
163	130
163	130
164	130
164	130
164	130
164	130
164	130
164	130
164	133
164	133
164	133
164	133
164	133
164	133
164	133
164	131
164	131
164	131
164	131
164	131
164	131
164	131
164	131
164	129
164	129
164	129
164	129
164	129
164	129
164	129
163	127
163	127
163	127
163	127
163	127
163	127
163	127
163	127
163	125
163	125
162	125
162	125
162	125
162	125
162	125
162	123
162	123
162	123
162	123
162	123
162	123
162	123
162	123
162	121
162	121
162	121
162	121
162	121
162	121
162	121
162	117
162	117
162	117
162	117
162	117
162	117
162	117
162	117
162	115
162	115
162	115
162	115
162	115
162	115
162	115
163	119
163	119
163	119
163	119
163	119
163	119
163	119
163	119
162	118
162	118
162	118
162	118
162	118
162	118
162	118
162	118
162	118
162	118
162	118
162	118
162	118
162	118
162	118
162	116
162	116
162	116
162	116
162	116
162	116
162	116
162	114
162	114
162	114
162	114
162	114
162	114
162	114
162	114
162	112
162	112
163	112
163	112
163	112
163	112
163	112
163	110
163	110
163	110
163	110
163	110
163	110
163	110
163	110
163	110
163	110
163	110
163	110
163	110
163	110
163	110
163	113
163	113
163	113
163	113
163	113
163	113
163	113
163	113
164	116
164	116
164	116
164	116
164	116
164	116
164	116
164	115
164	115
164	115
164	115
164	115
164	115
164	115
164	115
164	119
164	119
164	119
164	119
164	119
164	119
164	119
164	117
164	117
164	117
164	117
164	117
164	117
164	117
164	117
164	115
164	115
164	115
164	115
164	115
164	115
164	115
164	118
164	118
164	118
164	118
164	118
164	118
164	118
164	118
164	121
164	121
164	121
164	121
164	121
164	121
164	121
164	122
164	122
164	122
164	122
164	122
164	122
164	122
164	122
163	120
163	120
163	120
163	120
163	120
163	120
163	120
163	121
163	121
163	121
163	121
163	121
163	121
163	121
163	121
163	124
163	124
163	124
163	124
163	124
163	124
163	124
163	126
163	126
163	126
163	126
163	126
163	126
163	126
163	126
163	123
163	123
163	123
163	123
163	123
163	123
163	123
164	121
164	121
164	121
164	121
164	121
164	121
164	121
164	121
164	119
164	119
164	119
164	119
164	119
164	119
164	119
164	119
164	119
164	119
164	119
164	119
164	119
164	119
164	119
164	117
164	117
164	117
164	117
164	117
164	117
164	117
164	115
164	115
164	115
164	115
164	115
164	115
164	115
164	115
165	113
165	113
165	113
165	113
165	113
165	113
165	113
165	111
165	111
165	111
165	111
165	111
165	111
165	111
165	111
166	107
166	107
166	107
166	107
166	107
166	107
166	107
166	110
166	110
166	110
166	110
166	110
166	110
166	110
166	110
166	109
166	109
166	109
166	109
166	109
166	109
166	109
166	113
166	113
166	113
166	113
166	113
166	113
166	113
166	113
166	110
166	110
166	110
166	110
166	110
166	110
166	110
166	108
166	108
166	108
166	108
166	108
166	108
166	108
166	108
166	106
166	106
166	106
166	106
166	106
166	106
166	106
165	104
165	104
165	104
165	104
165	104
165	104
165	104
165	104
165	102
165	102
165	102
165	102
165	102
165	102
165	102
165	104
165	104
165	104
165	104
165	104
165	104
165	104
165	104
165	102
165	102
165	102
165	102
165	102
165	102
165	102
165	103
165	103
165	103
165	103
165	103
165	103
165	103
165	103
165	103
165	103
165	103
165	103
165	103
165	103
165	103
166	104
166	104
166	104
166	104
166	104
166	104
166	104
166	104
166	102
166	102
166	102
166	102
166	102
166	102
166	102
166	105
166	105
166	105
166	105
166	105
166	105
166	105
166	105
166	105
166	105
166	105
166	105
166	105
166	105
166	105
166	110
166	110
166	110
166	110
166	110
166	110
166	110
166	110
166	113
166	113
166	113
166	113
166	113
166	113
166	113
167	109
167	109
167	109
167	109
167	109
167	109
167	109
167	109
167	114
167	114
167	114
167	114
167	114
167	114
167	114
167	112
167	112
167	112
167	112
167	112
167	112
167	112
167	112
167	110
167	110
167	110
167	110
167	110
167	110
167	110
167	112
167	112
167	112
167	112
167	112
167	112
167	112
167	112
167	112
167	112
167	112
167	112
167	112
167	112
167	112
167	115
167	115
167	115
167	115
167	115
167	115
167	115
167	115
167	113
167	113
166	113
166	113
166	113
166	113
166	113
166	111
166	111
166	111
166	111
166	111
166	111
166	111
166	111
166	109
166	109
166	109
166	109
166	109
166	109
166	109
165	107
165	107
165	107
165	107
165	107
165	107
165	107
165	107
165	105
165	105
165	105
165	105
165	105
165	105
165	105
165	105
165	105
166	105
166	105
166	105
166	105
166	105
166	105
166	108
166	108
166	108
166	108
166	108
166	108
166	108
166	104
166	104
166	104
166	104
166	104
166	104
166	104
166	104
166	108
166	108
166	108
166	108
166	108
166	108
166	108
166	106
166	106
166	106
166	106
166	106
166	106
166	106
166	106
167	104
167	104
167	104
167	104
167	104
167	104
167	104
167	107
167	107
167	107
167	107
167	107
167	107
167	107
167	107
167	111
167	111
167	111
167	111
167	111
167	111
167	111
167	113
167	113
167	113
167	113
167	113
167	113
167	113
167	113
167	110
167	110
167	110
167	110
167	110
167	110
167	110
167	109
167	109
167	109
167	109
167	109
167	109
167	109
167	109
167	107
167	107
167	107
167	107
167	107
167	107
167	107
167	109
167	109
167	109
167	109
167	109
167	109
167	109
167	109
167	108
167	108
167	108
167	108
167	108
167	108
167	108
167	106
167	106
167	106
167	106
167	106
167	106
167	106
167	106
167	104
167	104
167	104
167	104
167	104
167	104
167	104
167	109
167	109
167	109
167	109
167	109
167	109
167	109
167	109
167	107
167	107
167	107
167	107
167	107
167	107
167	107
167	105
167	105
167	105
167	105
167	105
167	105
167	105
167	105
167	103
167	103
167	103
167	103
167	103
167	103
167	103
167	106
167	106
167	106
167	106
167	106
167	106
167	106
167	106
167	103
167	103
167	103
167	103
167	103
167	103
167	103
167	106
167	106
167	106
167	106
167	106
167	106
167	106
167	106
168	104
168	104
168	104
168	104
168	104
168	104
168	104
168	103
168	103
168	103
168	103
168	103
168	103
168	103
168	103
168	106
168	106
168	106
168	106
168	106
168	106
168	106
168	104
168	104
168	104
168	104
168	104
168	104
168	104
168	104
169	102
169	102
169	102
169	102
169	102
169	102
169	102
169	100
169	100
169	100
169	100
169	100
169	100
169	100
169	103
169	103
169	103
169	103
169	103
169	103
169	103
169	103
169	105
169	105
169	105
169	105
169	105
169	105
169	105
169	103
169	103
169	103
169	103
169	103
169	103
169	103
169	103
168	107
168	107
168	107
168	107
168	107
168	107
168	107
168	109
168	109
168	109
168	109
168	109
168	109
168	109
168	109
167	107
167	107
167	107
167	107
167	107
167	107
167	107
167	109
167	109
166	109
166	109
166	109
166	109
166	109
166	109
166	108
166	108
166	108
166	108
166	108
166	108
166	108
165	106
165	106
165	106
165	106
165	106
165	106
165	106
165	106
165	104
165	104
165	104
165	104
165	104
165	104
165	104
165	102
165	102
165	102
165	102
165	102
165	102
165	102
165	102
165	105
165	105
165	105
165	105
165	105
165	105
165	105
165	107
165	107
165	107
165	107
165	107
165	107
165	107
165	107
166	108
166	108
166	108
166	108
166	108
166	108
166	108
166	109
166	109
166	109
166	109
166	109
166	109
166	109
166	109
166	107
166	107
166	107
166	107
166	107
166	107
166	107
166	105
166	105
166	105
166	105
166	105
166	105
166	105
166	105
166	103
166	103
166	103
166	103
166	103
166	103
166	103
166	99
166	99
166	99
166	99
166	99
166	99
166	99
166	99
166	101
166	101
166	101
166	101
166	101
166	101
166	101
166	100
166	100
166	100
166	100
166	100
166	100
166	100
166	100
166	103
166	103
166	103
166	103
166	103
166	103
166	103
166	103
166	103
166	103
166	103
166	103
166	103
166	103
166	103
166	109
166	109
166	109
166	109
166	109
166	109
166	109
166	105
166	105
166	105
166	105
166	105
166	105
166	105
166	105
166	103
166	103
166	103
166	103
166	103
166	103
166	103
166	102
166	102
166	102
166	102
166	102
166	102
166	102
166	102
166	102
166	102
166	102
166	102
166	102
166	102
166	102
166	98
166	98
166	98
166	98
166	98
166	98
166	98
166	98
166	98
166	98
166	98
166	98
166	98
166	98
166	98
167	102
167	102
167	102
167	102
167	102
167	102
167	102
167	102
167	98
167	98
167	98
167	98
167	98
167	98
167	98
167	96
167	96
167	96
167	96
167	96
167	96
167	96
167	96
167	94
167	94
167	94
167	94
167	94
167	94
167	94
167	99
167	99
167	99
167	99
167	99
167	99
167	99
167	99
166	99
166	99
166	99
166	99
166	99
166	99
166	99
167	102
167	102
167	102
167	102
167	102
167	102
167	102
167	102
167	104
167	104
167	104
167	104
167	104
167	104
167	104
166	107
166	107
166	107
166	107
166	107
166	107
166	107
166	107
166	103
166	103
166	103
166	103
166	103
166	103
166	103
166	101
166	101
166	101
166	101
166	101
166	101
166	101
166	101
166	104
166	104
166	104
166	104
166	104
166	104
166	104
166	102
166	102
166	102
166	102
166	102
166	102
166	102
166	102
166	104
166	104
166	104
166	104
166	104
166	104
166	104
167	105
167	105
167	105
167	105
167	105
167	105
167	105
167	105
166	105
166	105
166	105
166	105
166	105
166	105
166	105
167	103
167	103
167	103
167	103
167	103
167	103
167	103
167	103
167	104
167	104
167	104
167	104
167	104
167	104
167	104
168	109
168	109
168	109
168	109
168	109
168	109
168	109
168	109
168	107
168	107
168	107
168	107
168	107
168	107
168	107
168	109
168	109
168	109
168	109
168	109
168	109
168	109
168	109
168	107
168	107
168	107
168	107
168	107
168	107
168	107
168	108
168	108
168	108
168	108
168	108
168	108
168	108
168	108
169	106
169	106
169	106
169	106
169	106
169	106
169	106
168	109
168	109
168	109
168	109
168	109
168	109
168	109
168	109
168	114
168	114
168	114
168	114
168	114
168	114
168	114
168	112
168	112
168	112
168	112
168	112
168	112
168	112
168	112
168	110
168	110
168	110
168	110
168	110
168	110
168	110
168	108
168	108
168	108
168	108
168	108
168	108
168	108
168	108
169	111
169	111
169	111
169	111
169	111
169	111
169	111
169	109
169	109
169	109
169	109
169	109
169	109
169	109
169	109
169	107
169	107
169	107
169	107
169	107
169	107
169	107
169	110
169	110
169	110
169	110
169	110
169	110
169	110
169	110
169	108
169	108
169	108
169	108
169	108
169	108
169	108
170	106
170	106
170	106
170	106
170	106
170	106
170	106
170	106
170	103
170	103
170	103
170	103
170	103
170	103
170	103
170	104
170	104
169	104
169	104
169	104
169	104
169	104
169	104
169	103
169	103
169	103
169	103
169	103
169	103
169	103
168	106
168	106
168	106
168	106
168	106
168	106
168	106
168	106
168	104
168	104
168	104
168	104
168	104
168	104
168	104
168	108
168	108
168	108
168	108
168	108
168	108
168	108
168	108
167	112
167	112
167	112
167	112
167	112
167	112
167	112
167	115
167	115
167	115
167	115
167	115
167	115
167	115
167	115
167	118
167	118
167	118
167	118
167	118
167	118
167	118
166	116
166	116
166	116
166	116
166	116
166	116
166	116
166	116
166	119
166	119
166	119
166	119
166	119
166	119
166	119
165	121
165	121
165	121
165	121
165	121
165	121
165	121
165	121
165	119
165	119
165	119
165	119
165	119
165	119
165	119
165	117
165	117
165	117
165	117
165	117
165	117
165	117
165	117
166	115
166	115
166	115
166	115
166	115
166	115
166	115
167	118
167	118
167	118
167	118
167	118
167	118
167	118
167	118
167	116
167	116
167	116
167	116
167	116
167	116
167	116
168	114
168	114
168	114
168	114
168	114
168	114
168	114
168	114
168	112
168	112
168	112
168	112
168	112
168	112
168	112
168	115
168	115
168	115
168	115
168	115
168	115
168	115
168	115
168	113
168	113
168	113
168	113
168	113
168	113
168	113
169	112
169	112
169	112
169	112
169	112
169	112
169	112
169	112
169	111
169	111
169	111
169	111
169	111
169	111
169	111
169	109
169	109
169	109
169	109
169	109
169	109
169	109
169	109
169	107
169	107
169	107
169	107
169	107
169	107
169	107
169	105
169	105
169	105
169	105
169	105
169	105
169	105
169	105
169	109
169	109
170	109
170	109
170	109
170	109
170	109
170	107
170	107
170	107
170	107
170	107
170	107
170	107
170	107
170	108
170	108
170	108
170	108
170	108
170	108
170	108
170	111
170	111
170	111
170	111
170	111
170	111
170	111
170	111
170	109
170	109
170	109
170	109
170	109
170	109
170	109
170	107
170	107
170	107
170	107
170	107
170	107
170	107
169	110
169	110
169	110
169	110
169	110
169	110
169	110
169	110
169	108
169	108
169	108
169	108
169	108
169	108
169	108
169	109
169	109
169	109
169	109
169	109
169	109
169	109
169	109
169	107
169	107
169	107
169	107
169	107
169	107
169	107
168	110
168	110
168	110
168	110
168	110
168	110
168	110
168	110
167	113
167	113
167	113
167	113
167	113
167	113
167	113
167	111
167	111
167	111
167	111
167	111
167	111
167	111
167	111
166	114
166	114
166	114
166	114
166	114
166	114
166	114
166	112
166	112
166	112
166	112
166	112
166	112
166	112
166	112
166	110
166	110
166	110
166	110
166	110
166	110
166	110
166	106
166	106
166	106
166	106
166	106
166	106
166	106
166	106
166	109
166	109
166	109
166	109
166	109
166	109
166	109
167	109
167	109
167	109
167	109
167	109
167	109
167	109
167	109
167	114
167	114
167	114
167	114
167	114
167	114
167	114
168	110
168	110
168	110
168	110
168	110
168	110
168	110
168	110
168	112
168	112
168	112
168	112
168	112
168	112
168	112
169	112
169	112
169	112
169	112
169	112
169	112
169	112
169	112
169	110
169	110
169	110
169	110
169	110
169	110
169	110
169	113
169	113
169	113
169	113
169	113
169	113
169	113
169	113
168	115
168	115
168	115
168	115
168	115
168	115
168	115
167	113
167	113
167	113
167	113
167	113
167	113
167	113
167	113
167	114
167	114
167	114
167	114
167	114
167	114
167	114
166	110
166	110
166	110
166	110
166	110
166	110
166	110
166	110
166	115
166	115
166	115
166	115
166	115
166	115
166	115
166	118
166	118
166	118
166	118
166	118
166	118
166	118
166	118
166	120
166	120
166	120
166	120
166	120
166	120
166	120
165	118
165	118
165	118
165	118
165	118
165	118
165	118
165	118
165	116
165	116
165	116
165	116
165	116
165	116
165	116
165	119
165	119
165	119
165	119
165	119
165	119
165	119
165	119
165	122
165	122
165	122
165	122
165	122
165	122
165	122
165	120
165	120
165	120
165	120
165	120
165	120
165	120
165	120
165	118
165	118
165	118
165	118
165	118
165	118
165	118
165	121
165	121
165	121
165	121
165	121
165	121
165	121
165	121
166	125
166	125
166	125
166	125
166	125
166	125
166	125
166	123
166	123
166	123
166	123
166	123
166	123
166	123
166	123
166	126
166	126
166	126
166	126
166	126
166	126
166	126
166	124
166	124
166	124
166	124
166	124
166	124
166	124
166	124
167	122
167	122
167	122
167	122
167	122
167	122
167	122
167	126
167	126
167	126
167	126
167	126
167	126
167	126
167	126
167	124
167	124
167	124
167	124
167	124
167	124
167	124
167	127
167	127
167	127
167	127
167	127
167	127
167	127
167	127
167	125
167	125
167	125
167	125
167	125
167	125
167	125
167	123
167	123
167	123
167	123
167	123
167	123
167	123
167	123
167	121
167	121
167	121
167	121
167	121
167	121
167	121
168	124
168	124
168	124
168	124
168	124
168	124
168	124
168	124
168	122
168	122
168	122
168	122
168	122
168	122
168	122
168	127
168	127
168	127
168	127
168	127
168	127
168	127
168	127
169	126
169	126
169	126
169	126
169	126
169	126
169	126
169	123
169	123
169	123
169	123
169	123
169	123
169	123
169	123
169	121
169	121
169	121
169	121
169	121
169	121
169	121
169	119
169	119
169	119
169	119
169	119
169	119
169	119
169	119
169	117
169	117
169	117
169	117
169	117
169	117
169	117
168	119
168	119
168	119
168	119
168	119
168	119
168	119
168	119
168	117
168	117
168	117
168	117
168	117
168	117
168	117
168	115
168	115
169	115
169	115
169	115
169	115
169	115
169	115
168	115
168	115
168	115
168	115
168	115
168	115
168	115
168	113
168	113
168	113
168	113
168	113
168	113
168	113
168	113
168	111
168	111
168	111
168	111
168	111
168	111
168	111
168	109
168	109
168	109
168	109
168	109
168	109
168	109
168	109
168	106
168	106
168	106
168	106
168	106
168	106
168	106
168	107
168	107
168	107
168	107
168	107
168	107
168	107
168	107
168	107
168	107
168	107
168	107
168	107
168	107
168	107
168	105
168	105
168	105
168	105
168	105
168	105
168	105
168	108
168	108
168	108
168	108
168	108
168	108
168	108
168	108
169	107
169	107
169	107
169	107
169	107
169	107
169	107
169	109
169	109
169	109
169	109
169	109
169	109
169	109
169	109
169	109
169	109
169	109
169	109
169	109
169	109
169	109
169	109
169	109
169	109
169	109
169	109
169	109
169	109
169	109
169	109
169	109
169	109
169	109
169	109
169	109
169	109
169	112
169	112
169	112
169	112
169	112
169	112
169	112
169	112
168	108
168	108
168	108
168	108
168	108
168	108
168	108
168	112
168	112
168	112
168	112
168	112
168	112
168	112
168	112
169	114
169	114
169	114
169	114
169	114
169	114
169	114
169	112
169	112
169	112
169	112
169	112
169	112
169	112
169	112
169	114
169	114
170	114
170	114
170	114
170	114
170	114
170	112
170	112
170	112
170	112
170	112
170	112
170	112
170	112
170	115
170	115
170	115
170	115
170	115
170	115
170	115
170	112
170	112
170	112
170	112
170	112
170	112
170	112
170	112
169	110
169	110
169	110
169	110
169	110
169	110
169	110
169	108
169	108
170	108
170	108
170	108
170	108
170	108
170	108
169	106
169	106
169	106
169	106
169	106
169	106
169	106
169	102
169	102
169	102
169	102
169	102
169	102
169	102
169	102
169	105
169	105
169	105
169	105
169	105
169	105
169	105
169	101
169	101
169	101
169	101
169	101
169	101
169	101
169	101
168	97
168	97
168	97
168	97
168	97
168	97
168	97
168	100
168	100
168	100
168	100
168	100
168	100
168	100
168	100
168	98
168	98
168	98
168	98
168	98
168	98
168	98
168	102
168	102
168	102
168	102
168	102
168	102
168	102
168	102
169	105
169	105
169	105
169	105
169	105
169	105
169	105
169	107
169	107
170	107
170	107
170	107
170	107
170	107
170	107
170	104
170	104
170	104
170	104
170	104
170	104
170	104
169	107
169	107
169	107
169	107
169	107
169	107
169	107
169	107
169	105
169	105
169	105
169	105
169	105
169	105
169	105
168	108
168	108
168	108
168	108
168	108
168	108
168	108
168	108
168	106
168	106
168	106
168	106
168	106
168	106
168	106
168	104
168	104
168	104
168	104
168	104
168	104
168	104
168	104
168	107
168	107
168	107
168	107
168	107
168	107
168	107
168	105
168	105
168	105
168	105
168	105
168	105
168	105
168	105
168	103
168	103
168	103
168	103
168	103
168	103
168	103
168	101
168	101
168	101
168	101
168	101
168	101
168	101
168	101
167	101
167	101
167	101
167	101
167	101
167	101
167	101
165	102
165	102
165	102
165	102
165	102
165	102
165	102
165	102
164	100
164	100
164	100
164	100
164	100
164	100
164	100
161	103
161	103
161	103
161	103
161	103
161	103
161	103
161	103
159	101
159	101
157	101
157	101
157	101
157	101
157	101
157	104
157	104
157	104
157	104
157	104
157	104
157	104
157	104
157	102
157	102
157	102
157	102
157	102
157	102
157	102
157	100
157	100
157	100
157	100
157	100
157	100
157	100
157	100
157	98
157	98
157	98
157	98
157	98
157	98
157	98
157	98
157	98
158	98
158	98
158	98
158	98
158	98
158	98
158	96
158	96
158	96
158	96
158	96
158	96
158	96
159	99
159	99
159	99
159	99
159	99
159	99
159	99
159	99
158	97
158	97
158	97
158	97
158	97
158	97
158	97
159	102
159	102
159	102
159	102
159	102
159	102
159	102
159	102
159	100
159	100
160	100
160	100
160	100
160	100
160	100
160	98
160	98
160	98
160	98
160	98
160	98
160	98
160	98
161	96
161	96
161	96
161	96
161	96
161	96
161	96
162	100
162	100
162	100
162	100
162	100
162	100
162	100
162	100
163	98
163	98
163	98
163	98
163	98
163	98
163	98
164	96
164	96
165	96
165	96
165	96
165	96
165	96
165	96
165	99
165	99
165	99
165	99
165	99
165	99
165	99
165	96
165	96
165	96
165	96
165	96
165	96
165	96
165	96
165	99
165	99
165	99
165	99
165	99
165	99
165	99
166	103
166	103
166	103
166	103
166	103
166	103
166	103
166	103
166	107
166	107
167	107
167	107
167	107
167	107
167	107
167	105
167	105
167	105
167	105
167	105
167	105
167	105
167	105
168	108
168	108
168	108
168	108
168	108
168	108
168	108
168	110
168	110
168	110
168	110
168	110
168	110
168	110
168	110
169	108
169	108
169	108
169	108
169	108
169	108
169	108
169	106
169	106
169	106
169	106
169	106
169	106
169	106
169	106
169	108
169	108
169	108
169	108
169	108
169	108
169	108
169	106
169	106
169	106
169	106
169	106
169	106
169	106
169	106
169	106
169	106
169	106
169	106
169	106
169	106
169	106
169	104
169	104
169	104
169	104
169	104
169	104
169	104
169	107
169	107
169	107
169	107
169	107
169	107
169	107
169	107
169	109
169	109
169	109
169	109
169	109
169	109
169	109
169	108
169	108
169	108
169	108
169	108
169	108
169	108
169	108
169	111
169	111
169	111
169	111
169	111
169	111
169	111
168	108
168	108
168	108
168	108
168	108
168	108
168	108
168	108
168	111
168	111
167	111
167	111
167	111
167	111
167	111
167	114
167	114
167	114
167	114
167	114
167	114
167	114
167	114
166	117
166	117
166	117
166	117
166	117
166	117
166	117
166	117
166	117
166	117
166	117
166	117
166	117
166	117
166	117
166	120
166	120
166	120
166	120
166	120
166	120
166	120
166	123
166	123
165	123
165	123
165	123
165	123
165	123
165	123
165	123
165	123
165	123
165	123
165	123
165	123
165	123
165	123
165	123
165	123
165	123
165	123
165	123
165	123
165	123
165	123
165	123
165	123
165	123
165	123
165	123
165	123
166	126
166	126
166	126
166	126
166	126
166	126
166	126
166	126
166	132
166	132
166	132
166	132
166	132
166	132
166	132
166	135
166	135
166	135
166	135
166	135
166	135
166	135
166	135
165	138
165	138
165	138
165	138
165	138
165	138
165	138
166	141
166	141
166	141
166	141
166	141
166	141
166	141
166	141
166	146
166	146
166	146
166	146
166	146
166	146
166	146
166	144
166	144
166	144
166	144
166	144
166	144
166	144
166	144
166	142
166	142
166	142
166	142
166	142
166	142
166	142
166	144
166	144
166	144
166	144
166	144
166	144
166	144
166	144
166	142
166	142
166	142
166	142
166	142
166	142
166	142
167	147
167	147
167	147
167	147
167	147
167	147
167	147
167	147
167	145
167	145
167	145
167	145
167	145
167	145
167	145
168	148
168	148
168	148
168	148
168	148
168	148
168	148
168	148
168	146
168	146
168	146
168	146
168	146
168	146
168	146
168	144
168	144
168	144
168	144
168	144
168	144
168	144
168	144
168	142
168	142
168	142
168	142
168	142
168	142
168	142
169	140
169	140
169	140
169	140
169	140
169	140
169	140
169	140
170	135
170	135
170	135
170	135
170	135
170	135
170	135
170	133
170	133
170	133
170	133
170	133
170	133
170	133
170	133
171	131
171	131
171	131
171	131
171	131
171	131
171	131
171	132
171	132
171	132
171	132
171	132
171	132
171	132
171	132
171	130
171	130
171	130
171	130
171	130
171	130
171	130
172	130
172	130
172	130
172	130
172	130
172	130
172	130
172	130
172	128
172	128
172	128
172	128
172	128
172	128
172	128
172	126
172	126
172	126
172	126
172	126
172	126
172	126
172	126
172	129
172	129
172	129
172	129
172	129
172	129
172	129
173	132
173	132
172	132
172	132
172	132
172	132
172	132
172	132
172	136
172	136
172	136
172	136
172	136
172	136
172	136
172	134
172	134
172	134
172	134
172	134
172	134
172	134
172	134
172	132
172	132
172	132
172	132
172	132
172	132
172	132
172	130
172	130
172	130
172	130
172	130
172	130
172	130
172	130
172	128
172	128
172	128
172	128
172	128
172	128
172	128
172	126
172	126
172	126
172	126
172	126
172	126
172	126
172	126
172	124
172	124
172	124
172	124
172	124
172	124
172	124
172	122
172	122
172	122
172	122
172	122
172	122
172	122
172	122
172	119
172	119
172	119
172	119
172	119
172	119
172	119
172	120
172	120
173	120
173	120
173	120
173	120
173	120
173	123
173	123
173	123
173	123
173	123
173	123
173	123
173	123
173	121
173	121
173	121
173	121
173	121
173	121
173	121
173	119
173	119
173	119
173	119
173	119
173	119
173	119
173	119
172	117
172	117
172	117
172	117
172	117
172	117
172	117
172	115
172	115
172	115
172	115
172	115
172	115
172	115
172	115
172	113
172	113
172	113
172	113
172	113
172	113
172	113
172	111
172	111
172	111
172	111
172	111
172	111
172	111
172	111
172	109
172	109
172	109
172	109
172	109
172	109
172	109
172	112
172	112
172	112
172	112
172	112
172	112
172	112
172	112
172	110
172	110
172	110
172	110
172	110
172	110
172	110
172	108
172	108
172	108
172	108
172	108
172	108
172	108
172	108
172	108
172	108
172	108
172	108
172	108
172	108
172	108
172	104
172	104
172	104
172	104
172	104
172	104
172	104
172	104
172	102
172	102
172	102
172	102
172	102
172	102
172	102
172	100
172	100
172	100
172	100
172	100
172	100
172	100
172	100
171	100
171	100
171	100
171	100
171	100
171	100
171	100
171	98
171	98
171	98
171	98
171	98
171	98
171	98
171	98
171	97
171	97
171	97
171	97
171	97
171	97
171	97
171	99
171	99
171	99
171	99
171	99
171	99
171	99
171	99
171	101
171	101
171	101
171	101
171	101
171	101
171	101
171	98
171	98
171	98
171	98
171	98
171	98
171	98
171	98
171	96
171	96
171	96
171	96
171	96
171	96
171	96
171	99
171	99
171	99
171	99
171	99
171	99
171	99
171	99
171	98
171	98
171	98
171	98
171	98
171	98
171	98
171	100
171	100
170	100
170	100
170	100
170	100
170	100
170	100
171	102
171	102
171	102
171	102
171	102
171	102
171	102
170	100
170	100
170	100
170	100
170	100
170	100
170	100
170	100
170	98
170	98
170	98
170	98
170	98
170	98
170	98
170	96
170	96
170	96
170	96
170	96
170	96
170	96
170	96
170	97
170	97
170	97
170	97
170	97
170	97
170	97
170	97
170	97
170	97
170	97
170	97
170	97
170	97
170	97
170	94
170	94
170	94
170	94
170	94
170	94
170	94
171	97
171	97
171	97
171	97
171	97
171	97
171	97
171	97
171	96
171	96
171	96
171	96
171	96
171	96
171	96
171	97
171	97
171	97
171	97
171	97
171	97
171	97
171	97
170	95
170	95
170	95
170	95
170	95
170	95
170	95
170	93
170	93
170	93
170	93
170	93
170	93
170	93
170	93
170	95
170	95
170	95
170	95
170	95
170	95
170	95
170	93
170	93
170	93
170	93
170	93
170	93
170	93
170	93
170	91
170	91
170	91
170	91
170	91
170	91
170	91
170	90
170	90
170	90
170	90
170	90
170	90
170	90
170	90
170	90
170	90
170	90
170	90
170	90
170	90
170	90
170	88
170	88
170	88
170	88
170	88
170	88
170	88
170	88
169	86
169	86
169	86
169	86
169	86
169	86
169	86
169	89
169	89
170	89
170	89
170	89
170	89
170	89
170	89
169	88
169	88
169	88
169	88
169	88
169	88
169	88
170	91
170	91
170	91
170	91
170	91
170	91
170	91
170	91
170	93
170	93
170	93
170	93
170	93
170	93
170	93
169	96
169	96
169	96
169	96
169	96
169	96
169	96
169	96
169	94
169	94
169	94
169	94
169	94
169	94
169	94
170	95
170	95
170	95
170	95
170	95
170	95
170	95
170	95
170	96
170	96
170	96
170	96
170	96
170	96
170	96
170	94
170	94
170	94
170	94
170	94
170	94
170	94
170	94
170	97
170	97
170	97
170	97
170	97
170	97
170	97
170	98
170	98
170	98
170	98
170	98
170	98
170	98
170	98
170	100
170	100
170	100
170	100
170	100
170	100
170	100
170	99
170	99
170	99
170	99
170	99
170	99
170	99
170	99
170	97
170	97
170	97
170	97
170	97
170	97
170	97
170	95
170	95
170	95
170	95
170	95
170	95
170	95
170	95
171	97
171	97
171	97
171	97
171	97
171	97
171	97
172	97
172	97
172	97
172	97
172	97
172	97
172	97
172	101
172	101
172	101
172	101
172	101
172	101
172	101
172	101
172	99
172	99
172	99
172	99
172	99
172	99
172	99
172	97
172	97
172	97
172	97
172	97
172	97
172	97
172	97
172	95
172	95
173	95
173	95
173	95
173	95
173	95
173	98
173	98
173	98
173	98
173	98
173	98
173	98
173	98
173	96
173	96
173	96
173	96
173	96
173	96
173	96
173	96
173	96
173	96
173	96
173	96
173	96
173	96
173	96
172	94
172	94
172	94
172	94
172	94
172	94
172	94
172	91
173	91
173	91
173	91
173	91
173	91
173	91
173	91
173	92
173	92
173	92
173	92
173	92
173	92
173	92
172	93
172	93
172	93
172	93
172	93
172	93
172	93
172	93
172	91
172	91
172	91
172	91
172	91
172	91
172	91
172	95
172	95
172	95
172	95
172	95
172	95
172	95
172	95
172	95
172	95
172	95
172	95
172	95
172	95
172	95
172	93
172	93
172	93
172	93
172	93
172	93
172	93
172	93
173	96
173	96
173	96
173	96
173	96
173	96
173	96
172	93
172	93
172	93
172	93
172	93
172	93
172	93
172	93
172	95
172	95
172	95
172	95
172	95
172	95
172	95
172	96
172	96
172	96
172	96
172	96
172	96
172	96
172	96
172	94
172	94
172	94
172	94
172	94
172	94
172	94
173	92
173	92
173	92
173	92
173	92
173	92
173	92
173	92
173	95
173	95
173	95
173	95
173	95
173	95
173	95
173	96
173	96
173	96
173	96
173	96
173	96
173	96
173	96
173	101
173	101
173	101
173	101
173	101
173	101
173	101
173	99
173	99
173	99
173	99
173	99
173	99
173	99
173	99
173	97
173	97
173	97
173	97
173	97
173	97
173	97
173	95
173	95
173	95
173	95
173	95
173	95
173	95
173	95
173	93
173	93
173	93
173	93
173	93
173	93
173	93
173	96
173	96
172	96
172	96
172	96
172	96
172	96
172	96
172	94
172	94
172	94
172	94
172	94
172	94
172	94
172	97
172	97
172	97
172	97
172	97
172	97
172	97
172	97
172	97
172	97
172	97
172	97
172	97
172	97
172	97
173	97
173	97
173	97
173	97
173	97
173	97
173	97
173	97
173	102
173	102
173	102
173	102
173	102
173	102
173	102
172	100
172	100
172	100
172	100
172	100
172	100
172	100
172	100
172	103
172	103
172	103
172	103
172	103
172	103
172	103
173	101
173	101
173	101
173	101
173	101
173	101
173	101
173	101
173	99
173	99
173	99
173	99
173	99
173	99
173	99
173	102
173	102
173	102
173	102
173	102
173	102
173	102
173	102
172	100
172	100
172	100
172	100
172	100
172	100
172	100
172	98
172	98
172	98
172	98
172	98
172	98
172	98
172	98
172	101
172	101
172	101
172	101
172	101
172	101
172	101
172	99
172	99
172	99
172	99
172	99
172	99
172	99
172	99
172	97
172	97
171	97
171	97
171	97
171	97
171	97
170	95
170	95
170	95
170	95
170	95
170	95
170	95
170	95
169	96
169	96
169	96
169	96
169	96
169	96
169	96
168	94
168	94
168	94
168	94
168	94
168	94
168	94
168	94
167	93
167	93
167	93
167	93
167	93
167	93
167	93
167	99
167	99
167	99
167	99
167	99
167	99
167	99
167	99
166	101
166	101
166	101
166	101
166	101
166	101
166	101
166	100
166	100
166	100
166	100
166	100
166	100
166	100
166	100
165	98
165	98
165	98
165	98
165	98
165	98
165	98
165	96
165	96
165	96
165	96
165	96
165	96
165	96
165	96
165	94
165	94
164	94
164	94
164	94
164	94
164	94
163	92
163	92
163	92
163	92
163	92
163	92
163	92
163	92
162	90
162	90
162	90
162	90
162	90
162	90
162	90
162	88
162	88
162	88
162	88
162	88
162	88
162	88
162	88
162	88
162	88
162	88
162	88
162	88
162	88
162	88
162	88
162	88
162	88
162	88
162	88
162	88
162	88
162	87
162	87
162	87
162	87
162	87
162	87
162	87
162	86
162	86
162	86
162	86
162	86
162	86
162	86
162	83
162	83
162	83
162	83
162	83
162	83
162	83
161	86
161	86
161	86
161	86
161	86
161	86
161	86
160	84
160	84
159	84
159	84
159	84
159	84
159	84
159	84
159	83
159	83
159	83
159	83
159	83
159	83
159	83
159	82
159	82
159	82
159	82
159	82
159	82
159	82
159	82
159	80
159	80
159	80
159	80
159	80
159	80
159	80
158	78
158	78
158	78
158	78
158	78
158	78
158	78
158	78
157	76
157	76
156	76
156	76
156	76
156	76
156	76
155	73
155	73
155	73
155	73
155	73
155	73
155	73
155	73
154	73
154	73
154	73
154	73
154	73
154	73
154	73
154	73
154	73
154	73
154	73
154	73
154	73
154	73
154	73
153	74
153	74
153	74
153	74
153	74
153	74
153	74
152	76
152	76
152	76
152	76
152	76
152	76
152	76
152	76
0	79
0	79
0	79
0	79
0	79
0	79
0	79
0	79
0	79
0	79
0	79
0	79
0	79
0	79
0	79
0	79
0	79
0	79
0	79
0	79
0	79
0	79
0	79
0	79
0	79
0	79
0	79
0	79
0	79
0	79
0	83
0	83
0	83
0	83
0	83
0	83
0	83
148	81
148	81
145	81
145	81
145	81
145	81
145	81
145	81
145	81
145	81
145	81
145	81
145	81
145	81
145	81
145	79
145	79
145	79
145	79
145	79
145	79
145	79
145	79
145	77
145	77
145	77
145	77
145	77
145	77
145	77
145	75
145	75
145	75
145	75
145	75
145	75
145	75
145	75
145	73
145	73
145	73
145	73
145	73
145	73
145	73
145	73
145	73
145	73
145	73
145	73
145	73
145	73
145	73
145	74
145	74
145	74
145	74
145	74
145	74
145	74
143	74
143	74
143	74
143	74
143	74
143	74
143	74
143	74
143	78
143	78
143	78
143	78
143	78
143	78
143	78
143	76
143	76
143	76
143	76
143	76
143	76
143	76
143	76
142	75
142	75
142	75
142	75
142	75
142	75
142	75
142	74
142	74
142	74
142	74
142	74
142	74
142	74
142	74
142	72
142	72
142	72
142	72
142	72
142	72
142	72
142	73
142	73
142	73
142	73
142	73
142	73
142	73
142	73
142	72
142	72
142	72
142	72
142	72
142	72
142	72
142	72
142	72
142	72
142	72
142	72
142	72
142	72
142	72
142	74
142	74
142	74
142	74
142	74
142	74
142	74
142	75
142	75
142	75
142	75
142	75
142	75
142	75
142	75
142	72
142	72
142	72
142	72
142	72
142	72
142	72
142	70
142	70
142	70
142	70
142	70
142	70
142	70
142	70
142	69
142	69
142	69
142	69
142	69
142	69
142	69
142	70
142	70
142	70
142	70
142	70
142	70
142	70
142	70
142	69
142	69
142	69
142	69
142	69
142	69
142	69
142	69
142	69
142	69
142	69
142	69
142	69
142	69
142	72
142	72
142	72
142	72
142	72
142	72
142	72
142	72
142	74
142	74
142	74
142	74
142	74
142	74
142	74
142	72
142	72
142	72
142	72
142	72
142	72
142	72
142	72
142	74
142	74
142	74
142	74
142	74
142	74
142	74
142	74
142	74
142	74
142	74
142	74
142	74
142	74
142	74
142	73
142	73
142	73
142	73
142	73
142	73
142	73
142	72
142	72
142	72
142	72
142	72
142	72
142	72
142	72
142	72
142	72
142	72
142	72
142	72
142	72
142	72
142	72
142	72
142	72
142	72
142	72
142	72
142	72
142	72
142	71
142	71
142	71
142	71
142	71
142	71
142	71
142	74
142	74
0	74
0	74
0	74
0	74
0	74
0	74
0	77
0	77
0	77
0	77
0	77
0	77
0	77
0	80
0	80
0	80
0	80
0	80
0	80
0	80
0	80
0	83
0	83
0	83
0	83
0	83
0	83
0	83
0	84
0	84
0	84
0	84
0	84
0	84
0	84
0	84
0	87
0	87
0	87
0	87
0	87
0	87
0	87
0	90
0	90
0	90
0	90
0	90
0	90
0	90
0	90
0	95
0	95
0	95
0	95
0	95
0	95
0	95
0	98
0	98
0	98
0	98
0	98
0	98
0	98
0	98
0	101
0	101
0	101
0	101
0	101
0	101
0	101
0	104
0	104
0	104
0	104
0	104
0	104
0	104
0	104
0	107
0	107
0	107
0	107
0	107
0	107
0	107
0	110
0	110
0	110
0	110
0	110
0	110
0	110
0	110
0	108
0	108
0	108
0	108
0	108
0	108
0	108
0	106
0	106
0	106
0	106
0	106
0	106
0	106
0	106
0	110
0	110
0	110
0	110
0	110
0	110
0	110
141	113
141	113
141	113
141	113
141	113
141	113
141	113
141	113
141	114
141	114
141	114
141	114
141	114
141	114
141	114
141	115
141	115
141	115
141	115
141	115
141	115
141	115
141	115
141	114
141	114
141	114
141	114
141	114
141	114
141	114
141	114
141	114
141	114
141	114
141	114
141	114
141	114
141	114
141	117
141	117
141	117
141	117
141	117
141	117
141	117
141	115
141	115
141	115
141	115
141	115
141	115
141	115
141	115
141	115
141	115
141	115
141	115
141	115
141	115
141	115
141	116
141	116
141	116
141	116
141	116
141	116
141	116
141	116
141	114
141	114
141	114
141	114
141	114
141	114
141	114
141	118
141	118
141	118
141	118
141	118
141	118
141	118
141	118
141	116
141	116
141	116
141	116
141	116
141	116
141	116
141	114
141	114
141	114
141	114
141	114
141	114
141	114
141	114
141	112
141	112
141	112
141	112
141	112
141	112
141	112
141	112
141	112
141	112
141	112
141	112
141	112
141	112
141	112
141	110
141	110
141	110
141	110
141	110
141	110
141	110
141	114
141	114
141	114
141	114
141	114
141	114
141	114
141	114
141	114
141	114
141	114
141	114
141	114
141	114
141	114
141	114
141	114
141	114
141	114
141	114
141	114
141	114
141	114
0	112
0	112
0	112
0	112
0	112
0	112
0	112
0	110
0	110
0	110
0	110
0	110
0	110
0	110
0	110
0	113
0	113
0	113
0	113
0	113
0	113
0	113
0	116
0	116
0	116
0	116
0	116
0	116
0	116
0	116
0	119
0	119
0	119
0	119
0	119
0	119
0	119
0	121
0	121
0	121
0	121
0	121
0	121
0	121
0	121
0	119
0	119
0	119
0	119
0	119
0	119
0	119
0	120
0	120
0	120
0	120
0	120
0	120
0	120
0	120
0	121
0	121
0	121
0	121
0	121
0	121
0	121
0	119
0	119
0	119
0	119
0	119
0	119
0	119
0	119
0	122
0	122
0	122
0	122
0	122
0	122
0	122
0	123
0	123
0	123
0	123
0	123
0	123
0	123
0	123
0	122
0	122
0	122
0	122
0	122
0	122
0	122
0	120
0	120
0	120
0	120
0	120
0	120
0	120
0	120
0	120
0	120
0	120
0	120
0	120
0	120
0	120
0	125
0	125
0	125
0	125
0	125
0	125
0	125
0	125
0	128
0	128
0	128
0	128
0	128
0	128
0	128
0	129
0	129
0	129
0	129
0	129
0	129
0	129
0	129
0	130
0	130
0	130
0	130
0	130
0	130
0	130
0	130
0	130
0	130
0	130
0	130
0	130
0	130
0	130
0	130
0	130
0	130
0	130
0	130
0	130
0	130
0	129
0	129
0	129
0	129
0	129
0	129
0	129
0	129
0	129
0	129
0	129
0	129
0	129
0	129
0	129
0	129
0	129
0	129
0	129
0	129
0	129
0	129
0	129
0	129
0	129
0	129
0	129
0	129
0	129
0	129
0	129
0	129
0	129
0	129
0	129
0	129
0	129
0	132
0	132
0	132
0	132
0	132
0	132
0	132
0	132
0	133
0	133
0	133
0	133
0	133
0	133
0	133
0	131
0	131
0	131
0	131
0	131
0	131
0	131
0	131
141	129
141	129
141	129
141	129
141	129
141	129
141	129
141	127
141	127
141	127
141	127
141	127
141	127
141	127
141	127
141	123
141	123
141	123
141	123
141	123
141	123
141	123
141	123
141	123
141	123
141	123
141	123
141	123
141	123
141	123
141	123
141	123
141	123
141	123
141	123
141	123
141	123
141	126
141	126
141	126
141	126
141	126
141	126
141	126
141	126
141	126
141	126
141	126
141	126
141	126
141	126
141	126
141	126
141	126
141	126
141	126
141	126
141	126
141	126
141	126
0	126
0	126
0	126
0	126
0	126
0	126
0	126
0	126
0	126
0	126
0	126
0	126
0	126
0	126
0	126
141	126
141	126
141	126
141	126
141	126
141	126
141	126
141	129
141	129
141	129
141	129
141	129
141	129
141	129
141	129
141	129
141	129
141	129
141	129
141	129
141	129
141	129
141	128
141	128
141	128
141	128
141	128
141	128
141	128
141	128
141	128
141	128
141	128
141	128
141	128
141	128
141	128
141	128
141	128
141	128
141	128
141	128
141	128
141	128
141	128
141	128
141	128
141	128
141	128
141	128
141	128
141	128
141	128
141	128
141	128
141	128
141	128
141	128
141	128
141	128
141	128
141	128
141	128
141	128
141	128
141	128
141	128
141	126
141	126
141	126
141	126
141	126
141	126
141	126
141	126
141	124
141	124
141	124
141	124
141	124
141	124
141	124
141	125
141	125
141	125
141	125
141	125
141	125
141	125
141	125
141	124
141	124
141	124
141	124
141	124
141	124
141	124
141	124
141	124
141	124
141	124
141	124
141	124
141	124
141	124
141	124
141	124
141	124
141	124
141	124
141	124
141	124
141	124
141	124
141	124
141	124
141	124
141	124
141	124
141	124
141	122
141	122
141	122
141	122
141	122
141	122
141	122
141	125
141	125
141	125
141	125
141	125
141	125
141	125
138	123
138	123
138	123
138	123
138	123
138	123
138	123
138	123
138	121
138	121
138	121
138	121
138	121
138	121
138	121
138	119
138	119
138	119
138	119
138	119
138	119
138	119
138	119
138	117
138	117
138	117
138	117
138	117
138	117
138	117
138	115
138	115
138	115
138	115
138	115
138	115
138	115
138	115
138	113
138	113
138	113
138	113
138	113
138	113
138	113
138	109
138	109
138	109
138	109
138	109
138	109
138	109
138	109
138	106
138	106
138	106
138	106
138	106
138	106
138	106
138	109
138	109
138	109
138	109
138	109
138	109
138	109
138	109
138	109
138	109
138	109
138	109
138	109
138	109
138	109
138	107
138	107
138	107
138	107
138	107
138	107
138	107
138	107
0	105
0	105
0	105
0	105
0	105
0	105
0	105
0	108
0	108
0	108
0	108
0	108
0	108
0	108
0	108
0	106
0	106
0	106
0	106
0	106
0	106
0	106
0	104
0	104
0	104
0	104
0	104
0	104
0	104
0	104
0	102
0	102
0	102
0	102
0	102
0	102
0	102
0	100
0	100
0	100
0	100
0	100
0	100
0	100
0	100
0	101
0	101
0	101
0	101
0	101
0	101
0	101
0	99
0	99
0	99
0	99
0	99
0	99
0	99
0	99
0	96
0	96
0	96
0	96
0	96
0	96
0	96
0	97
0	97
0	97
0	97
0	97
0	97
0	97
0	97
0	95
0	95
0	95
0	95
0	95
0	95
0	95
0	95
0	95
0	95
0	95
0	95
0	95
0	95
0	95
0	92
0	92
0	92
0	92
0	92
0	92
0	92
0	92
0	92
0	92
0	92
0	92
0	92
0	92
0	92
0	91
0	91
0	91
0	91
0	91
0	91
0	91
136	92
136	92
136	92
136	92
136	92
136	92
136	92
135	90
135	90
135	90
135	90
135	90
135	90
135	90
135	90
135	89
135	89
135	89
135	89
135	89
135	89
135	89
135	88
135	88
135	88
135	88
135	88
135	88
135	88
135	88
135	88
135	88
135	88
135	88
135	88
135	88
135	88
135	89
135	89
135	89
135	89
135	89
135	89
135	89
135	89
134	90
134	90
134	90
134	90
134	90
134	90
134	90
134	88
134	88
134	88
134	88
134	88
134	88
134	88
134	88
134	91
134	91
134	91
134	91
134	91
134	91
134	91
134	91
134	91
134	91
134	91
134	91
134	91
134	91
134	91
134	89
134	89
134	89
134	89
134	89
134	89
134	89
134	87
134	87
134	87
134	87
134	87
134	87
134	87
134	87
134	86
134	86
134	86
134	86
134	86
134	86
134	86
134	86
134	86
134	86
134	86
134	86
134	86
134	86
134	86
134	86
134	86
134	86
134	86
134	86
134	86
134	86
134	89
134	89
134	89
134	89
134	89
134	89
134	89
134	89
134	88
134	88
134	88
134	88
134	88
134	88
134	88
134	87
134	87
134	87
134	87
134	87
134	87
134	87
134	87
134	85
134	85
134	85
134	85
134	85
134	85
134	85
134	85
134	85
134	85
134	85
134	85
134	85
134	85
134	83
134	83
134	83
134	83
134	83
134	83
134	83
134	83
134	81
134	81
134	81
134	81
134	81
134	81
134	81
134	80
134	80
134	80
134	80
134	80
134	80
134	80
134	80
134	80
134	80
134	80
134	80
134	80
134	80
134	80
134	77
134	77
134	77
134	77
134	77
134	77
134	77
134	77
134	74
134	74
134	74
134	74
134	74
134	74
134	74
134	74
134	74
134	74
134	74
134	74
134	74
134	74
134	74
134	72
134	72
134	72
134	72
134	72
134	72
134	72
134	70
134	70
134	70
134	70
134	70
134	70
134	70
134	70
134	69
134	69
134	69
134	69
134	69
134	69
134	69
134	67
134	67
134	67
134	67
134	67
134	67
134	67
134	67
134	65
134	65
134	65
134	65
134	65
134	65
134	65
134	62
134	62
134	62
134	62
134	62
134	62
134	62
134	62
134	61
134	61
134	61
134	61
134	61
134	61
134	61
134	61
134	61
134	61
134	61
134	61
134	61
134	61
134	61
134	61
134	61
134	61
134	61
134	61
134	61
134	61
134	61
134	61
134	61
134	61
134	61
134	61
134	61
134	60
134	60
134	60
134	60
134	60
134	60
134	60
134	60
134	61
134	61
134	61
134	61
134	61
134	61
134	61
134	61
134	61
134	61
134	61
134	61
134	61
134	61
134	61
0	64
0	64
0	64
0	64
0	64
0	64
0	64
0	61
0	61
0	61
0	61
0	61
0	61
0	61
0	61
0	59
0	59
0	59
0	59
0	59
0	59
0	59
0	59
0	59
0	59
0	59
0	59
0	59
0	59
0	59
0	59
0	59
0	59
0	59
0	59
0	59
0	59
134	60
134	60
134	60
134	60
134	60
134	60
134	60
134	60
134	60
134	60
134	60
134	60
134	60
134	60
134	60
134	60
134	60
134	60
134	60
134	60
134	60
134	60
134	60
134	59
134	59
134	59
134	59
134	59
134	59
134	59
134	59
134	59
134	59
134	59
134	59
134	59
134	59
134	59
134	59
134	59
134	59
134	59
134	59
134	59
134	59
134	60
134	60
134	60
134	60
134	60
134	60
134	60
134	60
134	60
134	60
134	60
134	60
134	60
134	60
134	60
134	63
134	63
134	63
134	63
134	63
134	63
134	63
134	61
134	61
134	61
134	61
134	61
134	61
134	61
134	61
134	64
134	64
134	64
134	64
134	64
134	64
134	64
134	67
134	67
134	67
134	67
134	67
134	67
134	67
134	67
134	66
134	66
134	66
134	66
134	66
134	66
134	66
134	62
134	62
134	62
134	62
134	62
134	62
134	62
134	62
134	60
134	60
134	60
134	60
134	60
134	60
134	60
134	58
134	58
134	58
134	58
134	58
134	58
134	58
134	58
134	59
134	59
134	59
134	59
134	59
134	59
134	59
134	59
134	59
134	59
134	59
134	59
134	59
134	59
134	59
134	59
134	59
134	59
134	59
134	59
134	59
134	59
134	61
134	61
134	61
134	61
134	61
134	61
134	61
134	61
134	60
134	60
134	60
134	60
134	60
134	60
134	60
134	59
134	59
134	59
134	59
134	59
134	59
134	59
134	59
134	59
134	59
134	59
134	59
134	59
134	59
134	59
134	57
134	57
134	57
134	57
134	57
134	57
134	57
134	57
0	56
0	56
0	56
0	56
0	56
0	56
0	56
0	55
0	55
0	55
0	55
0	55
0	55
0	55
0	55
0	55
0	55
0	55
0	55
0	55
0	55
0	55
0	56
0	56
0	56
0	56
0	56
0	56
0	56
0	56
0	56
0	56
0	56
0	56
0	56
0	56
0	56
0	57
0	57
0	57
0	57
0	57
0	57
0	57
0	57
0	57
0	57
0	57
0	57
0	57
0	57
0	57
0	58
0	58
0	58
0	58
0	58
0	58
0	58
0	56
0	56
0	56
0	56
0	56
0	56
0	56
0	56
0	54
0	54
0	54
0	54
0	54
0	54
0	54
0	52
0	52
0	52
0	52
0	52
0	52
0	52
0	52
0	51
0	51
0	51
0	51
0	51
0	51
0	51
0	51
0	51
0	51
0	51
0	51
0	51
0	51
0	51
0	50
0	50
0	50
0	50
0	50
0	50
0	50
0	54
0	54
0	54
0	54
0	54
0	54
0	54
0	54
0	57
0	57
0	57
0	57
0	57
0	57
0	57
0	59
0	59
0	59
0	59
0	59
0	59
0	59
0	59
0	62
0	62
0	62
0	62
0	62
0	62
0	62
0	65
0	65
0	65
0	65
0	65
0	65
0	65
0	65
0	68
0	68
0	68
0	68
0	68
0	68
0	68
0	71
0	71
0	71
0	71
0	71
0	71
0	71
0	71
0	68
0	68
0	68
0	68
0	68
0	68
0	68
0	71
0	71
0	71
0	71
0	71
0	71
0	71
0	71
0	69
0	69
0	69
0	69
0	69
0	69
0	69
0	68
0	68
0	68
0	68
0	68
0	68
0	68
0	68
0	71
0	71
0	71
0	71
0	71
0	71
0	71
0	69
0	69
0	69
0	69
0	69
0	69
0	69
0	68
0	68
0	68
0	68
0	68
0	68
0	68
0	68
134	66
134	66
134	66
134	66
134	66
134	66
134	66
134	66
134	66
134	66
134	66
134	66
134	66
134	66
134	66
134	68
134	68
134	68
134	68
134	68
134	68
134	68
134	67
134	67
134	67
134	67
134	67
134	67
134	67
134	67
134	70
134	70
134	70
134	70
134	70
134	70
134	70
134	68
134	68
134	68
134	68
134	68
134	68
134	68
134	68
134	68
134	68
134	68
134	68
134	68
134	68
134	68
134	68
134	68
134	68
134	68
134	68
134	68
134	68
134	68
134	71
134	71
134	71
134	71
134	71
134	71
134	71
134	74
134	74
134	74
134	74
134	74
134	74
134	74
134	74
134	72
134	72
134	72
134	72
134	72
134	72
134	72
134	70
134	70
134	70
134	70
134	70
134	70
134	70
134	70
134	67
134	67
134	67
134	67
134	67
134	67
134	67
134	66
134	66
134	66
134	66
134	66
134	66
134	66
134	66
134	64
134	64
134	64
134	64
134	64
134	64
134	64
134	67
134	67
134	67
134	67
134	67
134	67
134	67
134	66
134	66
134	66
134	66
134	66
134	66
134	66
134	66
134	64
134	64
134	64
134	64
134	64
134	64
134	64
0	64
0	64
0	64
0	64
0	64
0	64
0	64
0	64
