99	0
99	0
99	0
99	0
99	0
99	0
99	0
100	0
100	0
100	0
100	0
100	0
100	0
102	0
102	0
102	0
102	0
102	0
102	0
102	0
103	0
103	0
103	0
103	0
103	0
103	0
103	0
103	0
103	0
100	0
100	0
100	0
100	0
100	0
100	0
97	0
97	0
97	0
97	0
97	0
97	0
97	0
93	0
93	0
93	0
93	0
93	0
93	0
93	0
93	63
93	63
93	63
93	63
93	63
93	63
93	63
93	63
94	58
94	58
94	58
94	58
94	58
94	58
94	58
96	59
96	59
100	59
100	59
100	59
100	59
100	59
106	60
106	60
106	60
106	60
106	60
106	60
106	60
106	60
110	59
110	59
110	59
110	59
110	59
110	59
110	59
113	61
113	61
113	61
113	61
113	61
113	61
113	61
113	61
115	63
115	63
115	63
115	63
115	63
115	63
115	63
116	66
118	66
118	66
118	66
118	66
118	66
118	66
118	69
118	69
118	69
118	69
118	69
118	69
118	69
118	69
118	73
118	73
118	73
118	73
118	73
118	73
118	73
116	75
116	75
116	75
116	75
116	75
116	75
116	75
116	78
116	78
116	78
116	78
116	78
116	78
116	78
116	78
114	78
114	78
114	78
114	78
114	78
114	78
114	78
114	79
114	79
114	79
114	79
114	79
114	79
114	79
114	79
113	79
113	79
113	79
113	79
113	79
113	79
113	79
112	79
112	79
112	79
112	79
112	79
112	79
112	79
111	79
111	79
111	79
111	79
111	79
111	79
111	79
111	79
113	79
113	79
113	79
113	79
113	79
113	79
113	79
113	78
113	78
113	78
113	78
113	78
113	78
113	78
113	78
113	78
113	78
113	78
113	78
113	78
113	78
113	78
114	77
114	77
114	77
114	77
114	77
114	77
114	77
115	76
115	76
115	76
115	76
115	76
115	76
116	76
116	76
116	76
116	76
116	76
116	76
116	76
116	76
116	76
116	76
116	76
116	76
116	76
116	76
116	76
116	76
116	76
116	76
116	76
116	76
116	76
116	76
116	76
116	76
116	77
116	77
116	77
116	77
116	77
116	77
116	77
117	77
117	77
117	77
117	77
117	77
117	77
117	77
117	77
117	77
117	77
117	77
117	77
117	77
117	77
117	77
117	78
117	78
117	78
117	78
117	78
117	78
117	78
117	78
117	78
117	78
117	78
117	78
117	78
117	78
117	77
117	77
117	77
117	77
117	77
117	77
117	77
117	77
117	76
117	76
117	76
117	76
117	76
117	76
117	76
117	76
117	76
117	76
117	76
117	76
117	76
117	76
117	75
117	75
117	75
117	75
117	75
117	75
117	75
117	75
117	75
117	75
117	75
117	75
117	75
117	75
117	75
117	73
117	73
117	73
117	73
117	73
117	73
117	73
117	73
117	75
117	75
117	75
117	75
117	75
117	75
117	75
117	75
117	75
117	75
117	75
117	75
117	75
117	75
117	76
117	76
117	76
117	76
117	76
117	76
117	76
117	76
117	76
117	76
117	76
117	76
117	76
117	76
117	76
118	76
118	76
118	76
118	76
118	76
118	76
118	76
119	74
119	74
119	74
119	74
121	74
121	74
121	74
121	74
122	76
122	76
122	76
122	76
122	76
122	76
122	76
142	76
142	76
142	76
142	76
142	76
142	76
142	76
147	76
147	76
147	76
147	76
147	76
147	76
147	76
147	76
152	75
152	75
152	75
152	75
152	75
152	75
152	75
152	75
152	75
152	75
152	75
152	75
152	75
152	75
152	75
154	75
154	75
154	75
154	75
154	75
154	75
154	75
155	74
155	74
155	74
155	74
155	74
155	74
155	74
155	74
155	74
155	74
155	74
155	74
155	74
155	74
155	74
155	74
155	74
155	74
155	74
155	74
155	74
155	74
153	75
153	75
153	75
153	75
152	75
152	75
152	75
151	75
151	75
151	75
151	75
151	75
151	75
151	75
151	75
151	75
151	75
151	75
151	75
151	75
151	75
151	75
154	74
154	74
154	74
154	74
154	74
154	74
154	74
154	74
152	74
152	74
152	74
152	74
152	74
152	74
152	74
151	74
151	74
149	74
149	74
149	74
149	74
149	74
147	74
147	74
147	74
147	74
147	74
147	74
147	74
147	74
146	74
146	74
146	74
146	74
146	74
146	74
146	74
148	75
148	75
148	75
148	75
148	75
148	75
148	75
151	76
151	76
151	76
151	76
151	76
151	76
151	76
151	76
154	76
154	76
155	76
155	76
155	76
155	76
155	76
155	76
155	76
155	76
155	76
155	76
155	76
155	76
155	76
155	76
155	76
155	76
155	76
155	76
155	76
155	76
155	75
155	75
155	75
155	75
155	75
155	75
155	75
157	73
157	73
157	73
157	73
157	73
157	73
157	73
157	73
157	72
157	72
157	72
157	72
157	72
157	72
157	72
157	72
157	72
157	72
157	72
157	72
157	72
157	72
157	71
157	71
157	71
157	71
157	71
157	71
157	71
157	71
157	74
157	74
157	74
157	74
157	74
157	74
157	74
157	74
157	74
157	74
157	74
157	74
157	74
157	74
158	72
158	72
158	72
158	72
158	72
158	72
158	72
158	72
158	75
158	75
158	75
158	75
158	75
158	75
158	75
158	79
158	79
158	79
158	79
158	79
158	79
158	79
158	79
158	77
158	77
158	77
158	77
158	77
158	77
158	77
158	80
158	80
158	80
158	80
158	80
158	80
158	80
158	83
158	83
158	83
158	83
158	83
158	83
158	83
158	83
158	84
158	84
158	84
158	84
158	84
158	84
158	84
158	83
158	83
158	83
158	83
158	83
158	83
158	83
158	86
158	86
158	86
158	86
158	86
158	86
158	86
158	86
158	90
158	90
158	90
158	90
158	90
158	90
158	90
159	89
159	89
159	89
159	89
159	89
159	89
159	89
159	86
159	86
159	86
159	86
159	86
159	86
159	86
159	86
162	85
162	85
162	85
162	85
162	85
162	85
162	85
166	89
166	89
166	89
166	89
166	89
166	89
166	89
166	89
168	89
168	89
168	89
168	89
168	89
168	89
168	89
170	87
170	87
170	87
170	87
170	87
170	87
170	87
171	89
171	89
171	89
171	89
171	89
171	89
171	89
171	89
172	89
172	89
172	89
172	89
172	89
172	89
172	89
171	87
171	87
171	87
171	87
171	87
171	87
171	87
171	91
171	91
171	91
171	91
171	91
171	91
171	91
171	91
171	89
171	89
171	89
171	89
171	89
171	89
171	89
172	94
172	94
172	94
172	94
172	94
172	94
172	94
172	96
172	96
172	96
172	96
172	96
172	96
172	96
172	96
172	94
172	94
172	94
172	94
172	94
172	94
172	94
172	91
172	91
172	91
172	91
172	91
172	91
172	91
172	91
171	95
171	95
171	95
171	95
171	95
171	95
171	95
171	93
171	93
171	93
171	93
171	93
171	93
171	93
171	92
171	92
171	92
171	92
171	92
171	92
171	92
171	92
171	88
171	88
171	88
171	88
171	88
171	88
171	88
171	88
171	88
171	88
171	88
171	88
171	88
171	88
170	86
170	86
170	86
170	86
170	86
170	86
170	86
170	86
170	90
170	90
170	90
170	90
170	90
170	90
170	90
170	88
170	88
170	88
170	88
170	88
170	88
170	88
172	87
172	87
172	87
172	87
172	87
172	87
172	87
172	87
172	92
172	92
172	92
172	92
172	92
172	92
172	92
173	89
173	89
173	89
173	89
173	89
173	89
173	89
173	89
173	93
173	93
173	93
173	93
173	93
173	93
173	93
174	96
174	96
174	96
174	96
174	96
174	96
174	96
174	94
174	94
174	94
174	94
174	94
174	94
174	94
174	94
173	93
173	93
173	93
173	93
173	93
173	93
173	93
173	91
173	91
173	91
173	91
173	91
173	91
173	91
173	95
173	95
173	95
173	95
173	95
173	95
173	95
173	95
173	91
173	91
173	91
173	91
173	91
173	91
173	91
173	93
173	93
173	93
173	93
173	93
173	93
173	93
173	91
173	91
173	91
173	91
173	91
173	91
173	91
173	91
173	94
173	94
173	94
173	94
173	94
173	94
173	94
173	93
173	93
173	93
173	93
173	93
173	93
173	93
173	93
173	91
173	91
173	91
173	91
173	91
173	91
173	91
173	95
173	95
173	95
173	95
173	95
173	95
173	95
173	98
173	98
173	98
173	98
173	98
173	98
173	98
173	98
173	96
173	96
173	96
173	96
173	96
173	96
173	96
172	93
172	93
172	93
172	93
172	93
172	93
172	93
172	94
172	94
172	94
172	94
172	94
172	94
172	94
172	94
172	92
172	92
172	92
172	92
172	92
172	92
172	92
172	93
172	93
172	93
172	93
172	93
172	93
172	93
172	94
172	94
172	94
172	94
172	94
172	94
172	94
172	94
172	95
172	95
172	95
172	95
172	95
172	95
172	95
171	94
171	94
171	94
171	94
171	94
171	94
171	94
171	94
171	91
171	91
171	91
171	91
171	91
171	91
171	91
173	89
173	89
173	89
173	89
173	89
173	89
173	89
174	87
174	87
174	87
174	87
174	87
174	87
174	87
174	87
175	89
175	89
175	89
175	89
176	89
176	89
176	89
175	88
175	88
175	88
175	88
175	88
175	88
175	88
175	91
175	91
175	91
175	91
175	91
175	91
175	91
175	91
176	94
176	94
176	94
176	94
176	94
176	94
176	94
176	92
176	92
176	92
176	92
176	92
176	92
176	92
176	94
176	94
176	94
176	94
177	94
177	94
177	94
177	94
176	92
176	92
176	92
176	92
176	92
176	92
176	92
176	90
176	90
176	90
176	90
176	90
176	90
176	90
176	90
177	93
177	93
177	93
177	93
177	93
177	93
177	93
178	93
178	93
178	93
178	93
178	93
178	93
178	93
177	91
177	91
177	91
177	91
178	91
178	91
178	91
178	91
177	92
177	92
177	92
177	92
177	92
177	92
177	92
177	90
177	90
177	90
177	90
177	90
177	90
177	90
177	89
177	89
177	89
177	89
177	89
177	89
177	89
177	89
176	93
176	93
176	93
176	93
176	93
176	93
176	93
176	89
176	89
176	89
176	89
175	89
175	89
175	89
175	89
176	91
176	91
176	91
176	91
176	91
176	91
176	91
176	93
176	93
176	93
176	93
176	93
176	93
176	93
176	91
176	91
176	91
176	91
176	91
176	91
176	91
176	91
176	93
176	93
176	93
176	93
176	93
176	93
176	93
176	91
176	91
176	91
176	91
176	91
176	91
176	91
176	92
176	92
176	92
176	92
176	92
176	92
176	92
176	92
176	92
176	92
176	92
176	92
176	92
176	92
176	92
175	91
175	91
175	91
175	91
175	91
175	91
175	91
175	89
175	89
175	89
175	89
175	89
175	89
175	89
175	89
176	92
176	92
176	92
176	92
176	92
176	92
176	92
176	89
176	89
176	89
176	89
176	89
176	89
176	89
176	89
177	87
177	87
177	87
177	87
177	87
177	87
177	87
177	85
177	85
177	85
177	85
177	85
177	85
177	85
177	87
177	87
177	87
177	87
177	87
177	87
177	87
177	87
177	87
177	87
177	87
177	87
177	87
177	87
177	87
177	90
177	90
177	90
177	90
177	90
177	90
177	90
177	88
177	88
177	88
177	88
177	88
177	88
177	88
177	88
177	86
177	86
177	86
177	86
177	86
177	86
177	86
177	87
177	87
177	87
177	87
177	87
177	87
177	87
177	85
177	85
178	85
178	85
178	85
178	85
178	85
178	85
178	83
178	83
178	83
178	83
178	83
178	83
178	83
178	87
178	87
178	87
178	87
178	87
178	87
178	87
178	87
179	87
179	87
179	87
179	87
179	87
179	87
179	87
178	86
178	86
178	86
178	86
178	86
178	86
178	86
178	89
178	89
178	89
178	89
178	89
178	89
178	89
178	89
177	88
177	88
177	88
177	88
177	88
177	88
177	88
177	86
177	86
177	86
177	86
177	86
177	86
177	86
177	84
177	84
177	84
177	84
177	84
177	84
177	84
177	84
177	81
177	81
177	81
177	81
177	81
177	81
177	81
176	81
176	81
176	81
176	81
176	81
176	81
176	81
176	84
176	84
176	84
176	84
176	84
176	84
176	84
176	84
176	87
176	87
176	87
176	87
176	87
176	87
176	87
175	85
175	85
175	85
175	85
175	85
175	85
175	85
176	87
176	87
176	87
176	87
176	87
176	87
175	87
175	87
176	90
176	90
176	90
176	90
176	90
176	90
176	90
175	88
175	88
175	88
175	88
175	88
175	88
175	88
175	88
175	91
175	91
175	91
175	91
175	91
175	91
175	91
175	89
175	89
175	89
175	89
175	89
175	89
175	89
176	92
176	92
176	92
176	92
176	92
176	92
176	92
176	92
176	91
176	91
176	91
176	91
176	91
176	91
176	91
176	89
176	89
176	89
176	89
176	89
176	89
176	89
176	87
176	87
176	87
176	87
176	87
176	87
176	87
176	87
176	89
176	89
176	89
176	89
176	89
176	89
176	89
177	92
177	92
177	92
177	92
177	92
177	92
177	92
177	90
177	90
177	90
177	90
177	90
177	90
177	90
177	90
177	88
177	88
177	88
177	88
177	88
177	88
177	88
177	86
177	86
177	86
177	86
177	86
177	86
177	86
177	86
178	89
178	89
178	89
178	89
178	89
178	89
178	89
177	92
177	92
177	92
177	92
177	92
177	92
177	92
178	95
178	95
178	95
178	95
178	95
178	95
178	95
178	95
177	93
177	93
177	93
177	93
177	93
177	93
177	93
176	93
176	93
176	93
176	93
176	93
176	93
176	93
176	92
176	92
176	92
176	92
176	92
176	92
176	92
176	92
175	93
175	93
175	93
175	93
175	93
175	93
175	93
175	93
175	93
175	93
175	93
175	93
175	93
175	93
175	92
175	92
175	92
175	92
175	92
175	92
175	92
175	92
176	92
176	92
176	92
176	92
176	92
176	92
176	92
176	90
176	90
176	90
176	90
176	90
176	90
176	90
176	90
177	88
177	88
177	88
177	88
177	88
177	88
177	88
177	91
177	91
177	91
177	91
177	91
177	91
177	91
177	87
177	87
177	87
177	87
177	87
177	87
177	87
177	87
178	91
178	91
178	91
178	91
178	91
178	91
178	91
177	90
177	90
177	90
177	90
177	90
177	90
177	90
177	88
177	88
177	88
177	88
178	88
178	88
178	88
178	88
178	93
178	93
178	93
178	93
178	93
178	93
178	93
177	92
177	92
177	92
177	92
177	92
177	92
177	92
177	92
177	93
177	93
177	93
177	93
177	93
177	93
177	93
178	93
178	93
178	93
178	93
178	93
178	93
178	93
178	90
178	90
178	90
178	90
178	90
178	90
178	90
178	90
179	93
179	93
179	93
179	93
179	93
179	93
179	93
179	92
179	92
179	92
179	92
179	92
179	92
179	92
179	90
179	90
179	90
179	90
179	90
179	90
179	90
179	90
179	88
179	88
179	88
179	88
179	88
179	88
179	88
180	93
180	93
179	93
179	93
179	93
179	93
179	93
179	98
179	98
179	98
179	98
179	98
179	98
179	98
179	98
179	103
179	103
179	103
179	103
179	103
179	103
179	103
180	101
180	101
180	101
180	101
180	101
180	101
180	101
180	101
179	103
179	103
179	103
179	103
179	103
179	103
179	103
180	103
180	103
179	103
179	103
179	103
179	103
179	103
178	101
178	101
178	101
178	101
178	101
178	101
178	101
178	101
178	105
178	105
178	105
178	105
178	105
178	105
178	105
178	102
178	102
178	102
178	102
178	102
178	102
178	102
179	103
179	103
179	103
179	103
179	103
179	103
179	103
179	103
178	101
178	101
178	101
178	101
178	101
178	101
178	101
178	99
178	99
178	99
178	99
178	99
178	99
178	99
178	97
178	97
178	97
178	97
178	97
178	97
178	97
178	97
178	95
178	95
178	95
178	95
178	95
178	95
178	95
178	94
178	94
178	94
178	94
178	94
178	94
178	94
178	94
178	94
178	94
178	94
178	94
178	94
178	94
178	94
178	95
178	95
178	95
178	95
178	95
178	95
178	95
178	94
178	94
178	94
178	94
178	94
178	94
178	94
178	94
178	98
178	98
178	98
178	98
178	98
178	98
178	98
178	99
178	99
178	99
178	99
178	99
178	99
178	99
173	97
173	97
173	97
173	97
173	97
173	97
173	97
173	97
171	94
171	94
171	94
171	94
171	94
171	94
171	94
169	92
169	92
169	92
169	92
169	92
169	92
169	92
167	90
167	90
167	90
167	90
167	90
167	90
167	90
167	90
168	93
168	93
168	93
168	93
168	93
168	93
168	93
178	91
178	91
178	91
178	91
178	91
178	91
178	91
179	89
179	89
179	89
179	89
179	89
179	89
179	89
179	89
179	92
179	92
179	92
179	92
179	92
179	92
179	92
180	90
180	90
180	90
180	90
180	90
180	90
180	90
180	90
180	88
180	88
180	88
180	88
180	88
180	88
180	88
181	93
181	93
181	93
181	93
181	93
181	93
181	93
181	94
181	94
181	94
181	94
181	94
181	94
181	94
181	94
181	99
181	99
181	99
181	99
181	99
181	99
181	99
181	97
181	97
181	97
181	97
181	97
181	97
181	97
181	102
181	102
181	102
181	102
181	102
181	102
181	102
181	102
181	100
181	100
181	100
181	100
181	100
181	100
181	100
181	102
181	102
181	102
181	102
181	102
181	102
181	102
181	101
181	101
181	101
181	101
181	101
181	101
181	101
181	101
182	105
182	105
182	105
182	105
182	105
182	105
182	105
183	110
183	110
183	110
183	110
183	110
183	110
183	110
183	110
183	107
183	107
183	107
183	107
183	107
183	107
183	107
182	105
182	105
182	105
182	105
182	105
182	105
182	105
181	107
181	107
180	107
180	107
180	107
180	107
180	107
180	107
180	105
180	105
180	105
180	105
180	105
180	105
180	105
181	103
181	103
181	103
181	103
181	103
181	103
181	103
181	101
181	101
181	101
181	101
181	101
181	101
181	101
181	101
181	99
181	99
181	99
181	99
181	99
181	99
181	99
180	97
180	97
181	97
181	97
181	97
181	97
181	97
181	95
181	95
181	95
181	95
181	95
181	95
181	95
181	95
181	93
181	93
181	93
181	93
181	93
181	93
181	93
181	92
181	92
181	92
181	92
181	92
181	92
181	92
181	92
181	90
181	90
181	90
181	90
181	90
181	90
181	90
181	88
181	88
181	88
181	88
181	88
181	88
181	88
180	84
180	84
180	84
180	84
180	84
180	84
180	84
180	84
179	85
179	85
179	85
179	85
179	85
179	85
179	85
179	83
179	83
179	83
179	83
179	83
179	83
179	83
180	82
180	82
180	82
180	82
180	82
180	82
180	82
180	82
181	81
181	81
181	81
181	81
181	81
181	81
181	81
181	86
181	86
181	86
181	86
181	86
181	86
181	86
181	83
181	83
181	83
181	83
181	83
181	83
181	83
181	83
181	88
181	88
181	88
181	88
181	88
181	88
181	88
181	91
181	91
181	91
181	91
181	91
181	91
181	91
181	91
181	92
181	92
181	92
181	92
181	92
181	92
181	92
181	91
181	91
181	91
181	91
181	91
181	91
181	91
181	89
181	89
181	89
181	89
181	89
181	89
181	89
181	89
181	87
181	87
181	87
181	87
181	87
181	87
181	87
180	85
180	85
180	85
180	85
180	85
180	85
180	85
180	84
180	84
180	84
180	84
180	84
180	84
180	84
180	84
181	81
181	81
181	81
181	81
181	81
181	81
181	81
181	83
181	83
181	83
181	83
181	83
181	83
181	83
180	86
180	86
180	86
180	86
180	86
180	86
180	86
180	86
181	91
181	91
181	91
181	91
181	91
181	91
181	91
181	89
181	89
181	89
181	89
181	89
181	89
181	89
181	89
181	93
181	93
181	93
181	93
181	93
181	93
181	93
181	93
181	93
181	93
181	93
181	93
181	93
181	93
181	96
181	96
181	96
181	96
181	96
181	96
181	96
181	96
181	92
181	92
181	92
181	92
181	92
181	92
181	92
180	90
180	90
180	90
180	90
180	90
180	90
180	90
181	88
181	88
181	88
181	88
181	88
181	88
181	88
181	88
181	91
181	91
181	91
181	91
181	91
181	91
181	91
181	92
181	92
181	92
181	92
181	92
181	92
181	92
181	92
180	92
180	92
180	92
181	92
181	92
181	92
181	92
180	90
180	90
180	90
180	90
180	90
180	90
180	90
180	90
180	90
180	90
180	90
180	90
180	90
180	90
180	90
180	88
180	88
180	88
180	88
180	88
180	88
180	88
180	87
180	87
180	87
180	87
180	87
180	87
180	87
180	85
180	85
180	85
180	85
180	85
180	85
180	85
180	85
180	88
180	88
180	88
180	88
180	88
180	88
180	88
179	86
179	86
179	86
179	86
179	86
179	86
179	86
179	83
179	83
179	83
179	83
179	83
179	83
179	83
179	83
178	81
178	81
178	81
178	81
178	81
178	81
178	81
178	81
178	81
178	81
178	81
178	81
178	81
178	81
178	81
177	81
177	81
177	81
177	81
177	81
177	81
177	81
177	82
177	82
177	82
177	82
177	82
177	82
177	82
178	82
178	82
178	82
178	82
178	82
178	82
178	82
178	82
178	85
178	85
178	85
178	85
178	85
178	85
178	85
178	83
178	83
178	83
178	83
178	83
178	83
178	83
179	84
179	84
179	84
179	84
179	84
179	84
179	84
179	84
179	85
179	85
179	85
179	85
179	85
179	85
179	85
179	84
179	84
179	84
179	84
179	84
179	84
179	84
179	82
179	82
179	82
179	82
179	82
179	82
179	82
179	82
179	85
179	85
179	85
179	85
179	85
179	85
179	85
179	82
179	82
179	82
179	82
179	82
179	82
179	82
179	82
179	81
179	81
179	81
179	81
179	81
179	81
179	81
179	81
179	81
179	81
179	81
179	81
179	81
179	81
179	81
179	81
179	81
179	81
179	81
179	81
179	81
179	81
179	81
179	81
179	81
179	81
179	81
179	81
179	81
179	79
179	79
179	79
179	79
179	79
179	79
179	79
179	77
179	77
179	77
179	77
179	77
179	77
179	77
179	77
179	80
179	80
179	80
179	80
179	80
179	80
179	80
179	84
179	84
179	84
179	84
179	84
179	84
179	84
179	84
180	81
180	81
182	81
182	81
182	81
182	81
182	81
182	84
182	84
182	84
182	84
182	84
182	84
182	84
183	87
183	87
183	87
183	87
183	87
183	87
183	87
183	87
183	85
183	85
183	85
183	85
183	85
183	85
183	85
183	81
183	81
183	81
183	81
183	81
183	81
183	81
183	84
183	84
183	84
183	84
183	84
183	84
183	84
183	84
183	86
183	86
183	86
183	86
183	86
183	86
183	86
184	87
184	87
184	87
184	87
184	87
184	87
184	87
184	91
184	91
184	91
184	91
184	91
184	91
184	91
184	91
184	92
184	92
184	92
184	92
184	92
184	92
184	92
184	96
184	96
184	96
184	96
184	96
184	96
184	96
184	96
184	93
184	93
184	93
184	93
184	93
184	93
184	93
184	91
184	91
184	91
184	91
184	91
184	91
184	91
185	86
185	86
185	86
185	86
185	86
185	86
185	86
185	86
185	84
185	84
185	84
185	84
185	84
185	84
185	84
185	82
185	82
185	82
185	82
185	82
185	82
185	82
185	86
185	86
185	86
185	86
185	86
185	86
185	86
185	86
185	84
185	84
185	84
185	84
185	84
185	84
185	84
185	87
185	87
185	87
185	87
185	87
185	87
185	87
185	87
185	86
185	86
185	86
185	86
185	86
185	86
185	86
186	87
186	87
186	87
186	87
186	87
186	87
186	87
185	92
185	92
185	92
185	92
185	92
185	92
185	92
185	92
185	90
185	90
185	90
185	90
185	90
185	90
185	90
185	90
185	90
185	90
185	90
185	90
185	90
185	90
184	90
184	90
184	90
184	90
184	90
184	90
184	90
184	90
184	93
184	93
184	93
184	93
184	93
184	93
184	93
184	91
184	91
184	91
184	91
184	91
184	91
184	91
184	91
184	96
184	96
184	96
184	96
184	96
184	96
184	96
184	101
184	101
184	101
184	101
184	101
184	101
184	101
184	98
184	98
184	98
184	98
184	98
184	98
184	98
184	98
184	102
184	102
184	102
184	102
184	102
184	102
184	102
184	100
184	100
184	100
184	100
184	100
184	100
184	100
184	98
184	98
184	98
184	98
184	98
184	98
184	98
184	98
184	95
184	95
184	95
184	95
184	95
184	95
184	95
184	97
184	97
184	97
184	97
184	97
183	97
183	97
183	95
183	95
183	95
183	95
183	95
183	95
183	95
183	95
182	94
182	94
182	94
182	94
182	94
182	94
182	94
182	92
182	92
182	92
182	92
182	92
182	92
182	92
182	92
183	90
183	90
183	90
183	90
183	90
183	90
183	90
184	90
184	90
184	90
184	90
184	90
184	90
184	90
184	91
184	91
184	91
184	91
184	91
184	91
184	91
184	91
184	89
184	89
184	89
184	89
184	89
184	89
184	89
185	86
185	86
185	86
185	86
185	86
185	86
185	86
185	89
185	89
185	89
185	89
185	89
185	89
185	89
185	89
185	86
185	86
185	86
185	86
185	86
185	86
185	86
186	91
186	91
186	91
186	91
186	91
186	91
186	91
186	91
185	96
185	96
185	96
185	96
185	96
185	96
185	96
185	94
185	94
185	94
185	94
185	94
185	94
185	94
185	97
185	97
185	97
185	97
185	97
185	97
185	97
185	97
185	95
185	95
185	95
185	95
185	95
185	95
185	95
185	99
185	99
185	99
185	99
185	99
185	99
185	99
186	97
186	97
186	97
186	97
186	97
186	97
186	97
186	97
186	101
186	101
186	101
186	101
186	101
186	101
186	101
185	99
185	99
185	99
185	99
185	99
185	99
185	99
186	97
186	97
186	97
186	97
186	97
186	97
186	97
186	97
186	96
186	96
186	96
186	96
186	96
186	96
186	96
186	94
186	94
186	94
186	94
186	94
186	94
186	94
186	94
186	92
186	92
186	92
186	92
186	92
186	92
186	92
185	95
185	95
185	95
185	95
185	95
185	95
185	95
185	92
185	92
185	92
185	92
185	92
185	92
185	92
185	92
185	90
185	90
185	90
185	90
185	90
185	90
185	90
185	88
185	88
185	88
185	88
185	88
185	88
185	88
185	88
185	88
185	88
185	88
185	88
185	88
185	88
185	88
185	91
185	91
185	91
185	91
185	91
185	91
185	91
184	89
184	89
184	89
184	89
184	89
184	89
184	89
184	89
185	86
185	86
185	86
185	86
185	86
185	86
185	86
185	84
185	84
185	84
185	84
185	84
185	84
185	84
184	82
184	82
184	82
184	82
184	82
184	82
184	82
184	82
183	81
183	81
183	81
183	81
183	81
183	81
183	81
183	79
183	79
183	79
183	79
183	79
183	79
183	79
182	77
182	77
182	77
182	77
182	77
182	77
182	77
181	76
181	76
181	76
181	76
181	76
181	76
181	76
180	77
180	77
180	77
180	77
180	77
180	77
180	77
180	75
180	75
180	75
180	75
180	75
180	75
180	75
180	75
179	74
179	74
179	74
179	74
179	74
179	74
179	74
179	70
179	70
179	70
179	70
179	70
179	70
179	70
179	70
179	72
179	72
179	72
179	72
179	72
179	72
179	72
179	69
179	69
179	69
179	69
179	69
179	69
179	69
179	69
179	69
179	69
179	69
179	69
179	69
179	69
179	69
179	69
179	69
179	69
179	69
179	69
179	69
179	69
179	67
179	67
179	67
179	67
179	67
179	67
179	67
181	72
181	72
181	72
181	72
181	72
181	72
181	72
181	72
181	70
181	70
181	70
181	70
181	70
181	70
181	70
179	67
179	67
179	67
179	67
179	67
179	67
178	67
178	67
177	65
177	65
177	65
177	65
177	65
177	65
177	65
177	63
177	63
177	63
177	63
177	63
177	63
177	63
177	66
177	66
177	66
177	66
177	66
177	66
177	66
177	66
176	68
176	68
176	68
176	68
176	68
176	68
176	68
176	71
176	71
176	71
176	71
176	71
176	71
176	71
176	69
176	69
176	69
176	69
176	69
176	69
176	69
176	69
176	69
176	69
176	69
176	69
176	69
176	69
176	69
176	73
176	73
176	73
176	73
176	73
176	73
176	73
176	73
175	71
175	71
175	71
175	71
175	71
175	71
175	71
174	72
174	72
174	72
174	72
174	72
174	72
174	72
174	73
174	73
174	73
174	73
174	73
174	73
174	73
174	73
174	76
174	76
174	76
174	76
174	76
174	76
174	76
173	78
173	78
172	78
172	78
172	78
172	78
172	78
172	74
172	74
172	74
172	74
172	74
172	74
172	74
172	74
171	74
171	74
171	74
171	74
171	74
171	74
171	74
173	74
173	74
173	74
173	74
173	74
173	74
173	74
173	74
175	74
175	74
175	74
175	74
175	74
175	74
175	74
175	74
175	74
176	74
176	74
176	74
176	74
176	74
176	74
176	74
176	74
176	74
176	74
176	74
176	74
176	74
176	74
176	74
176	74
176	74
176	74
176	74
176	74
177	74
177	74
177	74
177	74
177	74
177	74
177	74
177	74
177	74
177	74
177	74
177	74
177	74
177	74
177	74
177	75
177	75
177	75
177	75
177	75
177	75
177	75
177	74
177	74
177	74
177	74
177	74
177	74
177	74
177	74
177	74
177	74
177	74
177	74
177	74
177	74
177	74
177	74
177	74
177	74
177	74
177	74
177	74
177	74
177	74
177	74
177	74
177	74
177	74
177	74
177	74
177	74
176	74
176	74
176	74
176	74
176	74
176	74
176	74
176	74
176	74
176	74
176	74
176	74
176	74
176	74
176	74
176	74
176	74
176	74
176	74
176	74
176	74
176	74
176	73
176	73
176	73
176	73
176	73
176	73
176	73
176	73
176	73
176	73
176	73
176	73
176	73
176	73
176	73
176	73
176	73
176	73
176	73
176	73
176	73
176	73
176	76
176	76
176	76
176	76
176	76
176	76
176	76
175	74
175	74
175	74
175	74
175	74
175	74
175	74
175	74
176	73
176	73
176	73
176	73
176	73
176	73
176	73
176	70
176	70
176	70
176	70
176	70
176	70
176	70
177	68
177	68
177	68
177	68
177	68
177	68
177	68
177	68
176	66
176	66
176	66
176	66
176	66
176	66
176	66
176	64
176	64
176	64
176	64
176	64
176	64
176	64
176	65
176	65
176	65
176	65
176	65
176	65
176	65
176	65
176	65
176	65
176	65
176	65
176	65
176	65
176	65
177	66
177	66
177	66
177	66
177	66
177	66
177	66
177	66
177	64
177	64
177	64
177	64
177	64
177	64
177	64
178	61
178	61
178	61
178	61
178	61
178	61
178	61
178	63
178	63
178	63
178	63
178	63
178	63
178	63
178	63
178	65
178	65
178	65
178	65
178	65
178	65
179	65
179	68
179	68
179	68
179	68
179	68
179	68
179	68
179	71
179	71
179	71
179	71
179	71
179	71
179	71
179	71
179	71
179	71
179	71
179	71
179	71
179	71
179	71
179	71
179	71
179	71
179	71
179	71
179	71
179	71
179	71
179	71
179	71
179	71
179	71
179	71
179	71
179	71
179	72
179	72
179	72
179	72
179	72
179	72
179	72
180	71
180	71
180	71
180	71
180	71
180	71
180	71
180	71
179	71
179	71
179	71
179	71
179	71
179	71
179	71
179	70
179	70
179	70
179	70
179	70
179	70
179	70
179	70
179	70
179	70
179	70
180	70
180	70
180	70
180	70
180	70
180	70
180	70
180	70
180	70
180	70
180	70
180	70
180	70
180	70
180	70
180	70
180	70
180	70
180	70
180	71
180	71
180	71
180	71
180	71
180	71
180	71
180	71
180	71
180	71
180	71
180	71
180	71
180	71
180	71
180	71
180	71
180	71
180	71
180	71
180	71
180	71
180	70
180	70
180	70
180	70
180	70
180	70
180	70
180	70
180	70
180	70
180	70
180	70
180	70
180	70
180	70
180	70
180	70
180	70
180	70
180	70
180	70
180	70
180	70
180	70
180	70
180	70
180	70
180	70
180	70
180	70
180	70
180	70
180	70
180	70
180	70
180	70
180	70
180	68
180	68
180	68
180	68
180	68
180	68
180	68
180	72
180	72
180	72
180	72
180	72
180	72
180	72
180	70
180	70
180	70
180	70
180	70
180	70
180	70
180	70
179	73
179	73
179	73
179	73
179	73
179	73
179	73
179	75
179	75
178	75
178	75
178	75
178	75
178	75
177	78
177	78
177	78
177	78
177	78
177	78
177	78
177	78
176	81
176	81
176	81
176	81
176	81
176	81
176	81
175	83
175	83
175	83
175	83
175	83
175	83
175	83
175	83
175	87
175	87
175	87
175	87
175	87
175	87
175	87
175	90
175	90
176	90
176	90
176	90
176	90
176	90
175	93
175	93
175	93
175	93
175	93
175	93
175	93
175	93
175	95
175	95
175	95
175	95
175	95
175	95
175	95
175	98
175	98
175	98
175	98
175	98
175	98
175	98
175	98
175	101
175	101
175	101
175	101
175	101
175	101
175	101
174	104
174	104
173	104
173	104
173	104
173	104
173	104
173	106
173	106
173	106
173	106
173	106
173	106
173	106
173	106
172	107
172	107
172	107
172	107
172	107
172	107
172	107
172	108
172	108
172	108
172	108
172	108
172	108
172	108
172	109
172	109
172	109
172	109
172	109
172	109
172	109
172	109
171	109
171	109
171	109
171	109
171	109
171	109
171	109
170	109
170	109
170	109
170	109
170	109
170	109
170	109
170	109
169	108
169	108
169	108
169	108
169	108
169	108
169	108
169	108
169	108
169	108
169	108
169	108
169	108
169	108
169	107
169	107
169	107
169	107
169	107
169	107
169	107
169	107
168	108
168	108
168	108
168	108
168	108
168	108
168	108
168	107
168	107
168	107
168	107
168	107
168	107
168	107
168	107
168	107
168	107
168	107
168	107
168	107
168	107
168	107
168	106
168	106
168	106
168	106
168	106
168	106
168	106
168	106
168	106
168	106
168	106
168	106
168	106
168	106
167	106
167	106
167	106
167	106
167	106
167	106
167	106
167	106
167	106
167	106
167	106
167	106
167	106
167	106
167	106
167	105
167	105
167	105
167	105
167	105
167	105
167	105
167	105
166	105
166	105
166	105
166	105
166	105
166	105
166	105
165	105
165	105
165	105
165	105
165	105
165	105
165	105
165	106
165	106
165	106
165	106
165	106
165	106
165	106
165	106
165	107
165	107
165	107
165	107
165	107
165	107
165	107
164	108
164	108
164	108
164	108
164	108
164	108
164	108
164	108
163	107
163	107
163	107
163	107
163	107
163	107
163	107
163	108
163	108
163	108
163	108
163	108
163	108
162	108
162	108
162	108
162	108
162	108
162	108
162	108
162	108
162	108
163	110
163	110
163	110
163	110
163	110
163	110
163	110
163	110
163	110
163	110
163	110
163	110
163	110
163	110
163	110
163	110
163	110
163	110
163	110
163	110
163	110
163	110
163	109
163	109
163	109
163	109
163	109
163	109
164	109
165	108
165	108
165	108
165	108
165	108
165	108
165	108
165	108
166	108
166	108
166	108
166	108
166	108
166	108
166	108
166	108
166	108
166	108
166	108
166	108
166	108
166	108
166	108
166	108
166	108
166	108
166	108
166	108
166	108
166	108
165	108
165	108
165	108
165	108
165	108
165	108
164	108
163	108
163	108
163	108
163	108
163	108
163	108
163	108
162	107
162	107
162	107
162	107
162	107
162	107
162	107
162	107
162	107
162	107
162	107
162	107
162	107
162	107
162	107
161	107
161	107
161	107
161	107
161	107
161	107
161	107
161	107
160	107
160	107
160	107
160	107
160	107
160	107
160	107
160	108
160	108
160	108
160	108
160	108
160	108
160	108
160	108
160	108
160	108
160	108
160	108
160	108
160	108
160	108
159	110
159	110
159	110
159	110
159	110
159	110
159	110
159	110
159	110
159	110
159	110
159	110
159	110
159	110
159	110
159	110
159	110
159	110
159	110
159	110
159	110
159	110
159	109
159	109
159	109
159	109
159	109
159	109
159	109
160	109
160	109
160	109
160	109
160	109
160	109
160	109
160	109
161	109
161	109
161	109
161	109
161	109
161	109
161	109
161	109
161	109
161	109
161	109
161	109
161	109
161	109
161	110
161	110
161	110
161	110
161	110
161	110
161	110
161	110
161	110
161	110
161	110
161	110
161	110
161	110
161	110
160	110
160	110
160	110
160	110
160	110
160	110
160	110
160	110
160	110
160	110
160	110
160	110
160	110
160	110
160	110
160	110
160	110
160	110
160	110
160	110
160	110
160	110
160	110
160	110
160	110
160	110
159	110
159	110
159	110
159	110
159	110
159	110
159	110
159	110
159	110
159	110
159	110
159	110
159	110
159	110
159	110
159	110
159	110
159	110
159	110
159	110
159	110
159	110
159	110
159	110
159	110
159	110
158	111
158	111
158	111
158	111
158	111
158	111
158	111
158	111
158	111
157	111
157	111
157	111
157	111
157	111
157	111
157	110
157	110
157	110
157	110
157	110
157	110
157	110
157	110
157	110
157	110
157	110
157	110
157	110
157	110
157	109
157	109
157	109
157	109
157	109
157	109
157	109
157	109
156	108
156	108
156	108
156	108
156	108
156	108
156	108
156	108
156	108
156	108
156	108
156	108
156	108
156	108
156	108
156	108
156	108
156	108
156	108
156	108
156	108
156	108
157	108
157	108
157	108
157	108
157	108
157	108
157	108
158	109
158	109
158	109
158	109
158	109
158	109
158	109
158	109
158	110
158	110
158	110
158	110
158	110
158	110
158	110
157	110
157	110
157	110
157	110
157	110
157	110
157	110
156	110
156	110
156	110
156	110
156	110
156	110
156	110
156	110
156	109
156	109
156	109
156	109
156	109
156	109
156	109
155	109
155	109
155	109
155	109
155	109
155	109
155	109
155	108
155	108
155	108
155	108
155	108
155	108
155	108
155	108
155	108
155	108
155	108
155	108
155	108
155	108
155	108
155	109
155	109
155	109
155	109
155	109
155	109
155	109
155	109
155	109
155	109
155	109
155	109
155	109
155	109
155	109
155	110
155	110
155	110
155	110
155	110
155	110
155	110
156	109
156	109
156	109
156	109
156	109
156	109
156	109
156	109
156	109
156	109
156	109
156	109
156	109
156	109
156	109
156	109
156	109
156	109
156	109
156	109
156	109
156	109
155	110
155	110
155	110
155	110
155	110
155	110
155	110
155	110
155	110
155	110
155	110
155	110
155	110
155	110
155	110
155	110
155	110
155	110
155	110
155	110
155	110
155	110
155	110
154	109
154	109
154	109
154	109
154	109
154	109
154	109
154	110
154	110
154	110
154	110
154	110
154	110
154	110
154	110
154	110
154	110
154	110
154	110
154	110
154	110
154	110
154	109
154	109
154	109
154	109
154	109
154	109
154	109
154	110
154	110
154	110
154	110
154	110
154	110
154	110
154	110
154	110
154	110
154	110
154	110
154	110
154	110
154	110
153	109
153	109
153	109
153	109
153	109
153	109
153	109
153	107
153	107
153	107
153	107
153	107
153	107
153	107
153	107
153	106
153	106
153	106
153	106
153	106
153	106
153	106
153	105
153	105
153	105
153	105
153	105
153	105
153	105
153	107
153	107
153	107
153	107
153	107
153	107
153	107
153	107
153	105
153	105
153	105
153	105
153	105
153	105
153	105
153	103
153	103
153	103
153	103
153	103
153	103
153	103
153	103
153	103
153	103
153	103
153	103
153	103
153	103
153	103
153	104
153	104
153	104
153	104
153	104
153	104
153	104
154	105
154	105
154	105
154	105
154	105
154	105
154	105
154	105
154	107
154	107
154	107
154	107
154	107
154	107
154	107
154	110
154	110
154	110
154	110
154	110
154	110
154	110
154	111
154	111
154	111
154	111
154	111
154	111
154	111
154	111
154	111
154	111
154	111
154	111
154	111
154	111
154	111
154	110
154	110
154	110
154	110
154	110
154	110
154	110
154	110
154	110
154	110
154	110
154	110
154	110
154	110
154	110
154	110
153	110
153	110
153	110
153	110
153	110
153	110
153	110
153	110
153	110
153	110
153	110
153	110
153	110
153	110
153	109
153	109
153	109
153	109
153	109
153	109
153	109
153	109
153	109
153	109
153	109
153	109
153	109
153	109
153	109
153	110
153	110
153	110
153	110
153	110
153	110
153	110
153	109
153	109
153	109
153	109
153	109
153	109
153	109
153	108
153	108
153	108
153	108
153	108
153	108
153	108
153	108
153	107
153	107
153	107
153	107
153	107
153	107
153	107
154	107
154	107
154	107
154	107
154	107
154	107
154	107
154	108
154	108
154	108
154	108
154	108
154	108
154	108
155	108
155	108
155	108
155	108
155	108
155	108
155	108
155	108
155	110
155	110
155	110
155	110
155	110
155	110
155	110
155	110
155	111
155	111
155	111
155	111
155	111
155	111
155	111
155	111
155	111
155	111
155	111
155	111
155	111
155	111
155	111
155	111
155	111
155	111
155	111
155	111
154	111
154	111
154	111
154	111
154	111
154	111
154	111
154	111
154	111
153	111
153	111
153	111
153	111
153	111
153	111
153	111
153	112
153	112
153	112
153	112
153	112
153	112
153	112
153	112
152	112
152	112
152	112
152	112
152	112
152	112
152	112
152	112
152	112
152	112
152	112
152	112
152	112
151	112
151	112
151	111
151	111
151	111
151	111
151	111
151	111
151	111
151	111
151	111
151	111
151	111
151	111
151	111
151	111
150	110
150	110
150	110
150	110
150	110
150	110
150	110
150	110
150	110
150	110
150	110
150	110
150	110
150	110
150	110
150	111
150	111
150	111
150	111
150	111
150	111
150	111
150	111
150	111
150	111
150	111
150	111
150	111
150	111
150	111
150	111
150	111
150	111
150	111
150	111
150	111
150	111
149	111
149	111
149	111
149	111
149	111
149	111
149	111
149	111
149	111
149	111
149	111
149	111
149	111
149	111
149	111
149	111
149	111
149	111
149	111
149	111
148	111
148	111
149	112
149	112
149	112
149	112
149	112
149	112
149	112
149	112
149	112
149	112
149	112
149	112
149	112
149	112
149	112
149	111
149	111
149	111
149	111
149	111
149	111
149	111
149	111
149	110
149	110
149	110
149	110
149	110
149	110
149	110
149	109
149	109
149	109
149	109
149	109
149	109
149	109
149	108
149	108
149	108
149	108
149	108
149	108
149	108
149	108
149	107
149	107
149	107
149	107
149	107
149	107
149	107
149	106
149	106
149	106
149	106
149	106
149	106
149	106
149	106
148	106
148	106
148	106
148	106
148	106
148	106
148	106
148	106
148	106
148	106
148	106
148	106
148	106
148	106
148	106
148	106
148	106
148	106
148	106
148	106
148	106
148	106
148	107
148	107
148	107
148	107
148	107
148	107
148	107
148	109
148	109
148	109
148	109
148	109
148	109
148	109
149	111
149	111
149	111
149	111
149	111
149	111
149	111
149	111
148	110
148	110
148	110
148	110
148	110
148	110
148	110
148	111
148	111
148	111
148	111
148	111
148	111
148	111
148	111
148	111
148	111
148	111
148	111
148	111
148	111
148	111
147	111
147	111
147	111
147	111
147	111
147	111
147	111
148	111
148	111
148	111
148	111
148	111
148	111
148	111
148	111
148	113
148	113
148	113
148	113
148	113
148	113
148	113
149	112
149	112
149	112
149	112
149	112
149	112
149	112
149	112
150	113
150	113
150	113
150	113
150	113
150	113
150	113
151	112
151	112
151	112
151	112
151	112
151	112
151	112
152	109
152	109
152	109
152	109
152	109
152	109
152	109
152	109
154	107
154	107
154	107
154	107
154	107
154	107
154	107
155	110
155	110
155	110
155	110
155	110
155	110
155	110
156	110
156	110
156	110
156	110
156	110
156	110
156	110
156	110
157	108
157	108
157	108
157	108
157	108
157	108
157	108
158	106
158	106
158	106
158	106
158	106
158	106
158	106
158	106
159	103
159	103
160	103
160	103
160	103
160	103
160	103
161	101
161	101
161	101
161	101
161	101
161	101
161	101
161	99
161	99
161	99
161	99
161	99
161	99
161	99
161	99
161	103
161	103
161	103
161	103
161	103
161	103
161	103
161	101
161	101
161	101
161	101
161	101
161	101
161	101
162	99
161	99
161	99
161	99
161	99
161	99
161	99
161	99
161	97
161	97
161	97
161	97
161	97
161	97
161	97
161	94
161	94
161	94
161	94
161	94
161	94
161	94
161	94
161	92
161	92
161	92
161	92
161	92
161	92
161	92
161	88
161	88
161	88
161	88
161	88
161	88
161	88
161	94
161	94
161	94
161	94
161	94
161	94
161	94
161	94
161	96
161	96
161	96
161	96
161	96
161	96
161	96
161	95
161	95
161	95
161	95
161	95
161	95
161	95
161	95
162	93
162	93
162	93
162	93
162	93
162	93
162	93
163	90
163	90
163	90
163	90
163	90
163	90
163	90
164	92
164	92
164	92
164	92
164	92
164	92
164	92
164	92
164	95
164	95
164	95
164	95
164	95
164	95
164	95
165	91
165	91
165	91
165	91
165	91
165	91
165	91
165	95
165	95
165	95
165	95
165	95
165	95
165	95
165	95
165	93
165	93
165	93
165	93
165	93
165	93
165	93
167	93
167	93
167	93
167	93
167	93
167	93
167	93
167	93
168	93
168	93
168	93
168	93
168	93
168	93
168	93
169	90
169	90
169	90
169	90
169	90
169	90
169	90
170	95
170	95
170	95
170	95
170	95
170	95
170	95
170	95
170	93
170	93
170	93
170	93
170	93
170	93
171	93
171	89
171	89
171	89
171	89
171	89
171	89
171	89
171	89
171	93
171	93
171	93
171	93
171	93
171	93
171	93
171	93
171	93
172	93
172	93
172	93
172	93
172	93
172	93
172	93
172	93
172	93
172	93
172	93
172	93
172	93
173	95
173	95
173	95
173	95
173	95
173	95
174	95
174	93
174	93
174	93
174	93
174	93
174	93
174	93
174	94
174	94
174	94
174	94
174	94
174	94
174	94
174	94
175	91
175	91
175	91
175	91
175	91
175	91
175	91
175	92
175	92
175	92
175	92
175	92
175	92
175	92
175	92
176	97
176	97
176	97
176	97
176	97
176	97
176	97
176	95
176	95
176	95
176	95
176	95
176	95
176	95
176	94
176	94
176	94
176	94
176	94
176	94
176	94
176	94
177	92
177	92
177	92
177	92
177	92
177	92
177	92
177	90
177	90
177	90
177	90
177	90
177	90
177	90
177	90
178	87
178	87
178	87
178	87
177	87
177	87
177	87
177	91
177	91
177	91
177	91
177	91
177	91
177	91
177	94
177	94
177	94
177	94
177	94
177	94
177	94
177	94
178	93
178	93
178	93
178	93
178	93
178	93
178	93
177	91
177	91
177	91
177	91
177	91
177	91
177	91
177	89
177	89
177	89
177	89
177	89
177	89
177	89
177	89
175	86
175	86
175	86
175	86
175	86
175	86
175	86
175	84
175	84
175	84
175	84
175	84
175	84
175	84
175	84
175	82
175	82
175	82
175	82
175	82
175	82
175	82
174	81
174	81
174	81
174	81
174	81
174	81
174	81
173	78
173	78
173	78
173	78
173	78
173	78
173	78
173	78
172	78
172	78
172	78
172	78
172	78
172	78
172	78
171	78
171	78
171	78
171	78
171	78
171	78
171	78
171	78
171	77
171	77
171	77
171	77
171	77
171	77
171	77
170	75
170	75
170	75
170	75
170	75
170	75
170	75
170	75
170	75
170	75
170	75
170	75
170	75
170	75
170	75
170	78
170	78
170	78
170	78
170	78
170	78
170	78
169	76
169	76
169	76
169	76
169	76
169	76
169	76
169	74
169	74
169	74
169	74
169	74
169	74
169	74
169	74
169	73
169	73
169	73
169	73
169	73
169	73
169	73
168	72
168	72
168	72
168	72
168	72
168	72
168	72
168	72
167	73
167	73
167	73
167	73
167	73
167	73
167	73
167	71
167	71
167	71
167	71
167	71
167	71
167	71
167	68
167	68
167	68
167	68
167	68
167	68
167	68
167	68
166	68
166	68
166	68
166	68
166	68
166	68
166	68
165	68
165	68
165	68
165	68
165	68
165	68
165	68
165	67
165	67
165	67
165	67
165	67
165	67
165	67
165	67
165	69
165	69
165	69
165	69
165	69
165	69
165	69
165	69
165	69
165	69
165	69
165	69
165	69
165	69
165	69
165	66
165	66
165	66
165	66
165	66
165	66
165	66
165	69
165	69
166	69
166	69
166	69
166	69
166	69
166	68
166	68
166	68
166	68
166	68
166	68
166	68
166	68
166	70
166	70
166	70
166	70
166	70
166	70
166	70
166	73
166	73
166	73
166	73
166	73
166	73
166	73
166	73
165	73
165	73
165	73
165	73
165	73
165	73
165	73
165	76
165	76
164	76
164	76
164	76
164	76
164	76
163	78
163	78
163	78
163	78
163	78
163	78
163	78
163	78
163	75
163	75
163	75
163	75
163	75
163	75
163	75
162	78
162	78
162	78
162	78
162	78
162	78
162	78
162	80
162	80
162	80
162	80
162	80
162	80
162	80
162	80
162	83
162	83
162	83
162	83
162	83
162	83
162	83
162	86
162	86
162	86
162	86
162	86
162	86
162	86
162	86
162	83
162	83
162	83
162	83
162	83
162	83
162	83
163	81
163	81
163	81
163	81
163	81
163	81
163	81
162	83
162	83
162	83
162	83
162	83
162	83
162	83
162	83
162	87
162	87
162	87
162	87
162	87
162	87
162	87
162	90
162	90
162	90
162	90
162	90
162	90
162	90
161	88
161	88
161	88
161	88
161	88
161	88
161	88
161	88
161	89
161	89
161	89
161	89
161	89
161	89
161	89
160	87
160	87
160	87
160	87
160	87
160	87
160	87
160	87
160	86
160	86
160	86
160	86
160	86
160	86
160	86
159	90
159	90
159	90
159	90
159	90
159	90
159	90
158	89
158	89
158	89
158	89
158	89
158	89
158	89
158	89
157	90
157	90
157	90
157	90
157	90
157	90
157	90
157	92
157	92
157	92
157	92
157	92
157	92
157	92
157	92
156	95
156	95
156	95
156	95
156	95
156	95
156	95
155	93
155	93
155	93
155	93
155	93
155	93
155	93
155	96
155	96
155	96
155	96
155	96
155	96
155	96
155	96
155	100
155	100
155	100
155	100
155	100
155	100
155	100
155	103
155	103
155	103
155	103
155	103
155	103
155	103
155	106
155	106
155	106
155	106
155	106
155	106
155	106
155	106
155	108
155	108
155	108
155	108
155	108
155	108
155	108
155	109
155	109
155	109
155	109
155	109
155	109
155	109
155	109
155	109
155	109
155	109
155	109
155	109
155	109
155	109
155	109
155	109
155	109
155	109
155	109
155	109
155	109
155	110
155	110
155	110
155	110
155	110
155	110
155	110
155	110
155	109
155	109
155	109
155	109
155	109
155	109
155	109
155	109
155	109
155	109
155	109
155	109
155	109
155	109
155	109
155	108
155	108
155	108
155	108
155	108
155	108
155	108
155	108
155	108
155	108
155	108
155	108
155	108
155	108
154	108
154	108
154	108
154	108
154	108
154	108
154	108
154	108
153	109
153	109
153	109
153	109
153	109
153	109
153	109
157	109
157	109
157	109
157	109
157	109
157	109
157	109
158	109
158	109
158	109
158	109
158	109
158	109
158	109
158	109
159	109
159	109
159	109
159	109
159	109
159	109
159	109
160	109
160	109
160	109
160	109
160	109
160	109
160	109
160	109
160	109
160	109
160	109
160	109
160	109
159	109
159	109
159	109
159	109
159	109
159	109
159	109
159	109
159	109
158	110
158	110
158	110
158	110
158	110
158	110
158	110
158	110
157	110
157	110
157	110
157	110
157	110
157	110
157	110
156	110
156	110
156	110
156	110
156	110
156	110
156	110
156	110
156	109
156	109
156	109
156	109
156	109
156	109
155	109
155	109
155	109
155	109
155	109
155	109
155	109
155	109
155	109
155	109
155	109
155	109
155	109
155	109
155	109
155	109
154	111
154	111
154	111
154	111
154	111
154	111
154	111
154	111
154	111
154	111
154	111
154	111
154	111
154	111
154	111
154	111
154	111
154	111
154	111
154	111
153	111
153	111
152	110
152	110
152	110
152	110
152	110
152	110
152	110
152	110
152	110
152	110
152	110
152	110
152	110
152	110
152	110
152	110
152	110
152	110
152	110
152	110
152	110
152	110
152	111
152	111
152	111
152	111
152	111
152	111
152	111
151	110
151	110
151	110
151	110
151	110
151	110
151	110
151	110
151	110
151	110
151	110
151	110
151	110
151	110
151	110
151	110
151	110
151	110
151	110
151	110
151	110
151	110
151	110
151	109
151	109
151	109
151	109
151	109
151	109
151	109
150	108
150	108
150	108
150	108
150	108
150	108
150	108
150	108
150	108
150	108
150	108
150	108
150	108
150	108
150	108
149	109
149	109
149	109
149	109
149	109
149	109
149	109
149	109
149	109
149	109
149	109
149	109
149	109
149	109
149	109
149	109
149	109
149	109
149	109
149	109
149	109
149	109
149	109
149	109
149	109
149	109
149	109
149	109
149	109
149	109
149	109
149	109
149	109
148	109
148	109
148	109
148	109
148	109
148	109
148	109
148	109
148	109
148	109
148	109
148	110
148	110
148	110
148	110
148	110
148	110
148	110
148	110
148	110
148	110
148	110
148	110
148	110
148	110
148	110
148	109
148	109
148	109
148	109
148	109
148	109
148	109
148	109
148	109
148	109
148	109
147	109
147	109
147	109
147	109
147	107
147	107
147	107
147	107
147	107
147	107
147	107
148	108
148	108
148	108
148	108
148	108
148	108
148	108
148	107
148	107
148	107
148	107
148	107
148	107
148	107
148	107
147	106
147	106
147	106
147	106
147	106
147	106
147	106
148	105
148	105
148	105
148	105
148	105
148	105
148	105
148	108
148	108
148	108
148	108
148	108
148	108
148	108
148	108
149	105
149	105
149	105
149	105
149	105
149	105
149	105
150	103
150	103
150	103
150	103
150	103
150	103
150	103
150	103
150	104
150	104
150	104
150	104
150	104
150	104
150	104
151	104
151	104
151	104
151	104
151	104
151	104
151	104
151	102
151	102
151	102
151	102
151	102
151	102
151	102
151	102
151	100
151	100
151	100
151	100
151	100
151	100
151	100
151	102
151	102
151	102
151	102
151	102
151	102
151	102
151	102
151	99
151	99
151	99
151	99
151	99
151	99
151	99
151	101
151	101
151	101
151	101
151	101
151	101
151	101
151	102
151	102
151	102
151	102
151	102
151	102
151	102
151	102
151	102
151	102
151	102
151	102
151	102
151	102
151	102
0	102
0	102
0	102
0	102
0	102
0	102
0	102
0	102
0	102
0	102
0	102
0	102
0	102
0	102
0	102
0	100
0	100
0	100
0	100
0	100
0	100
0	100
0	98
0	98
0	98
0	98
0	98
0	98
0	98
0	98
0	96
0	96
0	96
0	96
0	96
0	96
0	96
0	96
0	96
0	96
0	96
0	96
0	96
0	96
0	96
0	96
0	96
0	96
0	96
0	96
0	96
0	96
0	95
0	95
0	95
0	95
0	95
0	95
0	95
0	96
0	96
0	96
0	96
0	96
0	96
0	96
0	96
151	99
151	99
151	99
151	99
151	99
151	99
151	99
151	102
151	102
151	102
151	102
151	102
151	102
151	102
151	105
151	105
151	105
151	105
151	105
151	105
151	105
151	105
151	109
151	109
151	109
151	109
151	109
151	109
151	109
151	112
151	112
151	112
151	112
151	112
151	112
151	112
151	110
151	110
151	110
151	110
151	110
151	110
151	110
151	110
151	111
151	111
151	111
151	111
151	111
151	111
151	111
151	109
151	109
151	109
151	109
151	109
151	109
151	109
151	109
151	110
151	110
151	110
151	110
151	110
151	110
151	110
151	110
151	110
151	110
151	110
151	110
151	110
151	110
151	107
151	107
151	107
151	107
151	107
151	107
151	107
151	107
151	106
151	106
151	106
151	106
151	106
151	106
151	106
151	103
151	103
151	103
151	103
151	103
151	103
151	103
151	103
151	101
151	101
151	101
151	101
151	101
151	101
151	101
0	102
0	102
0	102
0	102
0	102
0	102
0	102
0	100
0	100
0	100
0	100
0	100
0	100
0	100
0	100
0	105
0	105
0	105
0	105
0	105
0	105
0	105
0	103
0	103
0	103
0	103
0	103
0	103
0	103
0	101
0	101
0	101
0	101
0	101
0	101
0	101
0	101
0	98
0	98
0	98
0	98
0	98
0	98
0	98
0	95
0	95
0	95
0	95
0	95
0	95
0	95
0	95
0	93
0	93
0	93
0	93
0	93
0	93
0	93
0	94
0	94
0	94
0	94
0	94
0	94
0	94
0	92
0	92
0	92
0	92
0	92
0	92
0	92
0	92
0	95
0	95
0	95
0	95
0	95
0	95
0	95
0	97
0	97
0	97
0	97
0	97
0	97
0	97
0	97
0	100
0	100
0	100
0	100
0	100
0	100
0	100
0	103
0	103
0	103
0	103
0	103
0	103
0	103
0	106
0	106
0	106
0	106
0	106
0	106
0	106
0	106
0	106
0	106
0	106
0	106
0	106
0	106
0	106
0	109
0	109
0	109
0	109
0	109
0	109
0	109
0	109
0	109
0	109
0	109
0	109
0	109
0	109
0	109
0	106
0	106
0	106
0	106
0	106
0	106
0	106
0	108
0	108
0	108
0	108
0	108
0	108
0	108
0	108
0	108
0	108
0	108
0	108
0	108
0	108
0	108
0	110
0	110
0	110
0	110
0	110
0	110
0	110
0	113
0	113
0	113
0	113
0	113
0	113
0	113
0	113
0	116
0	116
0	116
0	116
0	116
0	116
0	116
0	117
0	117
0	117
0	117
0	117
0	117
0	117
0	117
0	120
0	120
0	120
0	120
0	120
0	120
0	120
0	123
0	123
0	123
0	123
0	123
0	123
0	123
0	126
0	126
0	126
0	126
0	126
0	126
0	126
0	126
0	130
0	130
0	130
0	130
0	130
0	130
0	130
0	133
0	133
0	133
0	133
0	133
0	133
0	133
0	136
0	136
0	136
0	136
0	136
0	136
0	136
0	136
0	137
0	137
0	137
0	137
0	137
0	137
0	137
0	137
0	137
0	137
0	137
0	137
0	137
0	137
0	137
0	135
0	135
0	135
0	135
0	135
0	135
0	135
0	135
0	135
0	135
0	135
0	135
0	135
0	135
0	135
0	135
0	135
0	135
0	135
0	135
0	135
0	135
0	135
0	135
0	135
0	135
0	135
0	135
0	135
0	134
0	134
0	134
0	134
0	134
0	134
0	134
0	134
0	134
0	134
0	134
0	134
0	134
0	134
0	134
0	133
0	133
0	133
0	133
0	133
0	133
0	133
0	134
0	134
0	134
0	134
0	134
0	134
0	134
0	134
0	133
0	133
0	133
0	133
0	133
0	133
0	133
0	133
0	133
0	133
0	133
0	133
0	133
0	133
0	133
0	133
0	133
0	133
0	133
0	133
0	133
0	133
0	132
0	132
0	132
0	132
0	132
0	132
0	132
0	133
0	133
0	133
0	133
0	133
0	133
0	133
0	133
0	134
0	134
0	134
0	134
0	134
0	134
0	134
0	135
0	135
0	135
0	135
0	135
0	135
0	135
0	135
0	135
0	135
0	135
0	135
0	135
0	135
0	135
0	135
0	135
0	135
0	135
0	135
0	135
0	135
0	135
0	135
0	135
0	135
0	135
0	135
0	135
0	135
0	135
0	135
0	135
0	135
0	135
0	135
0	135
0	134
0	134
0	134
0	134
0	134
0	134
0	134
0	137
0	137
0	137
0	137
0	137
0	137
0	137
0	137
0	137
0	137
0	137
0	137
0	137
0	137
0	137
0	138
0	138
0	138
0	138
0	138
0	138
0	138
0	139
0	139
0	139
0	139
0	139
0	139
0	139
0	139
0	138
0	138
0	138
0	138
0	138
0	138
0	138
0	138
0	138
0	138
0	138
0	138
0	138
0	138
0	138
0	138
0	138
0	138
0	138
0	138
0	138
0	138
0	138
0	138
0	138
0	138
0	138
0	138
0	138
0	137
0	137
0	137
0	137
0	137
0	137
0	137
0	137
0	137
0	137
0	137
0	137
0	137
0	137
0	137
0	136
0	136
0	136
0	136
0	136
0	136
0	136
0	136
0	136
0	136
0	136
0	136
0	136
0	136
0	136
0	136
0	136
0	136
0	136
0	136
0	136
0	136
0	138
0	138
0	138
0	138
0	138
0	138
0	138
0	138
0	139
0	139
0	139
0	139
0	139
0	139
0	139
0	139
0	139
0	139
0	139
0	139
0	139
0	139
0	139
0	139
0	139
0	139
0	139
0	139
0	139
0	139
0	137
0	137
0	137
0	137
0	137
0	137
0	137
0	137
0	137
0	137
0	137
0	137
0	137
0	137
0	137
0	137
0	137
0	137
0	137
0	137
0	137
0	137
0	136
0	136
0	136
0	136
0	136
0	136
0	136
0	137
0	137
0	137
0	137
0	137
0	137
0	137
0	137
0	136
0	136
0	136
0	136
0	136
0	136
0	136
0	136
0	136
0	136
0	136
0	136
0	136
0	136
0	136
0	135
0	135
0	135
0	135
0	135
0	135
0	135
0	135
0	135
0	135
0	135
0	135
0	135
0	135
0	135
0	135
0	135
0	135
0	135
0	135
0	135
0	135
0	135
0	135
0	135
0	135
0	135
0	135
0	135
0	135
0	135
0	135
0	135
0	135
0	135
0	135
0	134
0	134
0	134
0	134
0	134
0	134
0	134
0	134
0	134
0	134
0	134
0	134
0	134
0	134
0	134
0	134
0	134
0	134
0	134
0	134
0	134
0	134
0	134
0	133
0	133
0	133
0	133
0	133
0	133
0	133
0	134
0	134
0	134
0	134
0	134
0	134
0	134
0	134
0	134
0	134
0	134
0	134
0	134
0	134
0	134
0	135
0	135
0	135
0	135
0	135
0	135
0	135
0	134
0	134
0	134
0	134
0	134
0	134
0	134
0	134
0	135
0	135
0	135
0	135
0	135
0	135
0	135
0	135
0	135
0	135
0	135
0	135
0	135
0	135
0	136
0	136
0	136
0	136
0	136
0	136
0	136
0	136
151	136
151	136
151	136
151	136
151	136
151	136
151	136
151	135
151	135
151	135
151	135
151	135
151	135
151	135
151	133
151	133
151	133
151	133
151	133
151	133
151	133
151	133
151	132
151	132
151	132
151	132
151	132
151	132
151	132
151	132
151	132
151	132
151	132
151	132
151	132
151	132
151	132
151	132
151	132
151	132
151	132
151	132
151	132
151	132
151	132
151	132
151	132
151	132
151	132
151	132
151	132
151	132
151	132
151	132
151	132
151	132
151	132
151	132
151	132
151	131
151	131
151	131
151	131
151	131
151	131
151	131
151	132
151	132
151	132
151	132
151	132
151	132
151	132
151	132
151	132
151	132
151	132
151	132
151	132
151	132
151	132
151	133
151	133
151	133
151	133
151	133
151	133
151	133
151	133
151	133
151	133
151	133
151	133
151	133
151	133
151	133
151	134
151	134
151	134
151	134
151	134
151	134
151	134
151	136
151	136
151	136
151	136
151	136
151	136
151	136
151	138
151	138
151	138
151	138
151	138
151	138
151	138
151	138
0	138
0	138
0	138
0	138
0	138
0	138
0	138
0	138
0	138
0	138
0	138
0	138
0	138
0	138
0	138
0	138
0	138
0	138
0	138
0	138
0	138
0	138
0	138
0	138
0	138
0	138
0	138
0	138
0	138
0	138
0	138
0	138
0	138
0	138
0	138
0	138
0	138
0	137
0	137
0	137
0	137
0	137
0	137
0	137
0	139
0	139
0	139
0	139
0	139
0	139
0	139
0	139
0	139
0	139
0	139
0	139
0	139
0	139
0	139
0	139
0	139
0	139
0	139
0	139
0	139
0	139
0	138
0	138
0	138
0	138
0	138
0	138
0	138
0	138
0	137
0	137
0	137
0	137
0	137
0	137
0	137
0	137
0	137
0	137
0	137
0	137
0	137
0	137
0	137
0	139
0	139
0	139
0	139
0	139
0	139
0	139
0	140
0	140
0	140
0	140
0	140
0	140
0	140
0	139
0	139
0	139
0	139
0	139
0	139
0	139
0	139
0	140
0	140
0	140
0	140
0	140
0	140
0	140
0	141
0	141
0	141
0	141
0	141
0	141
0	141
0	142
0	142
0	142
0	142
0	142
0	142
0	142
0	142
0	142
0	142
0	142
0	142
0	142
0	142
0	142
0	142
0	142
0	142
0	142
0	142
0	142
0	142
0	142
0	142
0	142
0	142
0	142
0	142
0	142
0	142
0	142
0	142
0	142
0	142
0	142
0	142
0	142
0	144
0	144
0	144
0	144
0	144
0	144
0	144
0	144
0	142
0	142
0	142
0	142
0	142
0	142
0	142
0	140
0	140
0	140
0	140
0	140
0	140
0	140
0	139
0	139
0	139
0	139
0	139
0	139
0	139
0	139
0	141
0	141
0	141
0	141
0	141
0	141
0	141
0	139
0	139
0	139
0	139
0	139
0	139
0	139
0	139
0	138
0	138
0	138
0	138
0	138
0	138
0	138
0	140
0	140
0	140
0	140
0	140
0	140
0	140
0	143
0	143
0	143
0	143
0	143
0	143
0	143
0	143
0	144
0	144
0	144
0	144
0	144
0	144
0	144
0	144
0	144
0	144
0	144
0	144
0	144
0	144
0	145
0	145
0	145
0	145
0	145
0	145
0	145
0	145
0	144
0	144
0	144
0	144
0	144
0	144
0	144
0	147
0	147
0	147
0	147
0	147
0	147
0	147
0	146
0	146
0	146
0	146
0	146
0	146
0	146
0	146
0	144
0	144
0	144
0	144
0	144
0	144
0	144
0	146
0	146
0	146
0	146
0	146
0	146
0	146
0	146
0	145
0	145
0	145
0	145
0	145
0	145
0	145
0	143
0	143
0	143
0	143
0	143
0	143
0	143
0	147
0	147
0	147
0	147
0	147
0	147
0	147
0	147
0	150
0	150
0	150
0	150
0	150
0	150
0	150
0	153
0	153
0	153
0	153
0	153
0	153
0	153
0	156
0	156
0	156
0	156
0	156
0	156
0	156
0	156
0	155
0	155
0	155
0	155
0	155
0	155
0	155
0	155
0	155
0	155
0	155
0	155
0	155
0	155
0	153
0	153
0	153
0	153
0	153
0	153
0	153
0	153
0	151
0	151
0	151
0	151
0	151
0	151
0	151
0	149
0	149
0	149
0	149
0	149
0	149
0	149
0	147
0	147
0	147
0	147
0	147
0	147
0	147
0	147
152	146
152	146
152	146
152	146
152	146
152	146
152	146
152	147
152	147
152	147
152	147
152	147
152	147
152	147
152	147
152	146
152	146
152	146
152	146
152	146
152	146
152	146
152	146
152	146
152	146
152	146
152	146
152	146
152	146
152	146
152	146
152	146
152	146
152	146
152	146
152	146
152	146
152	146
152	146
152	146
152	146
152	146
152	146
152	146
152	146
152	146
152	146
152	146
152	146
152	146
152	146
152	146
152	146
152	146
152	146
152	146
152	146
152	146
152	146
152	146
152	146
152	146
152	146
152	146
152	146
152	146
152	146
152	146
152	146
152	146
152	146
152	146
152	146
152	147
152	147
152	147
152	147
152	147
152	147
152	147
152	147
152	146
152	146
152	146
152	146
152	146
152	146
152	146
152	145
152	145
152	145
152	145
152	145
152	145
152	145
152	145
152	144
152	144
152	144
152	144
152	144
152	144
152	144
152	142
152	142
152	142
152	142
152	142
152	142
152	142
152	144
152	144
152	144
152	144
152	144
152	144
152	144
152	144
152	142
152	142
152	142
152	142
152	142
152	142
152	142
152	140
152	140
152	140
152	140
152	140
152	140
152	140
152	138
152	138
152	138
152	138
152	138
152	138
152	138
152	138
152	136
152	136
152	136
152	136
152	136
152	136
152	136
0	135
0	135
0	135
0	135
0	135
0	135
0	135
0	135
0	133
0	133
0	133
0	133
0	133
0	133
0	133
0	131
0	131
0	131
0	131
0	131
0	131
0	131
0	128
0	128
0	128
0	128
0	128
0	128
0	128
0	128
0	128
0	128
0	128
0	128
0	128
0	128
0	128
0	128
0	128
0	128
0	128
0	128
0	128
0	128
0	129
0	129
0	129
0	129
0	129
0	129
0	129
0	129
0	132
0	132
0	132
0	132
0	132
0	132
0	132
0	133
0	133
0	133
0	133
0	133
0	133
0	133
0	135
0	135
0	135
0	135
0	135
0	135
0	135
0	135
0	136
0	136
0	136
0	136
0	136
0	136
0	136
0	139
0	139
0	139
0	139
0	139
0	139
0	139
0	139
0	139
0	139
0	139
0	139
0	139
0	139
0	139
0	140
0	140
0	140
0	140
0	140
0	140
0	140
0	141
0	141
0	141
0	141
0	141
0	141
0	141
0	141
0	141
0	141
0	141
0	141
0	141
0	141
0	141
0	139
0	139
0	139
0	139
0	139
0	139
0	139
0	139
0	142
0	142
0	142
0	142
0	142
0	142
0	142
0	140
0	140
0	140
0	140
0	140
0	140
0	140
0	139
0	139
0	139
0	139
0	139
0	139
0	139
0	139
0	138
0	138
0	138
0	138
0	138
0	138
0	138
0	138
0	138
0	138
0	138
0	138
0	138
0	138
152	135
152	135
152	135
152	135
152	135
152	135
152	135
152	135
152	138
152	138
152	138
152	138
152	138
152	138
152	138
0	136
0	136
0	136
0	136
0	136
0	136
0	136
0	136
0	135
0	135
0	135
0	135
0	135
0	135
0	135
0	133
0	133
0	133
0	133
0	133
0	133
0	133
0	131
0	131
0	131
0	131
0	131
0	131
0	131
0	131
0	135
0	135
0	135
0	135
0	135
0	135
0	135
0	132
0	132
0	132
0	132
0	132
0	132
0	132
0	135
0	135
0	135
0	135
0	135
0	135
0	135
0	135
0	140
0	140
0	140
0	140
0	140
0	140
0	140
152	139
152	139
152	139
152	139
152	139
152	139
152	139
152	139
152	137
152	137
152	137
152	137
152	137
152	137
152	137
152	135
152	135
152	135
152	135
152	135
152	135
152	135
152	132
152	132
152	132
152	132
152	132
152	132
152	132
152	132
152	130
152	130
152	130
152	130
152	130
152	130
152	130
152	128
152	128
152	128
152	128
152	128
152	128
152	128
152	127
152	127
152	127
152	127
152	127
152	127
152	127
152	127
152	125
152	125
152	125
152	125
152	125
152	125
152	125
152	123
152	123
152	123
152	123
152	123
152	123
152	123
152	120
152	120
152	120
152	120
152	120
152	120
152	120
152	120
152	120
152	120
152	120
152	120
152	120
152	120
152	120
152	118
152	118
152	118
152	118
152	118
152	118
152	118
152	118
152	118
152	118
152	118
152	118
152	118
152	118
152	118
152	118
152	118
152	118
152	118
152	118
152	118
152	118
152	116
152	116
152	116
152	116
152	116
152	116
152	116
152	116
152	114
152	114
152	114
152	114
152	114
152	114
152	114
152	114
152	114
152	114
152	114
152	114
152	114
152	114
152	112
152	112
152	112
152	112
152	112
152	112
152	112
152	112
152	115
152	115
152	115
152	115
152	115
152	115
152	115
152	116
152	116
152	116
152	116
152	116
152	116
152	116
0	119
0	119
0	119
0	119
0	119
0	119
0	119
0	119
0	117
0	117
0	117
0	117
0	117
0	117
0	117
0	120
0	120
0	120
0	120
0	120
0	120
0	120
0	120
0	124
0	124
0	124
0	124
0	124
0	124
0	124
0	122
0	122
0	122
0	122
0	122
0	122
0	122
0	120
0	120
0	120
0	120
0	120
0	120
0	120
0	120
0	118
0	118
0	118
0	118
0	118
0	118
0	118
0	116
0	116
0	116
0	116
0	116
0	116
0	116
0	114
0	114
0	114
0	114
0	114
0	114
0	114
0	114
0	113
0	113
0	113
0	113
0	113
0	113
0	113
0	115
0	115
0	115
0	115
0	115
0	115
0	115
0	114
0	114
0	114
0	114
0	114
0	114
0	114
0	114
0	116
0	116
0	116
0	116
0	116
0	116
0	116
0	115
0	115
0	115
0	115
0	115
0	115
0	115
0	118
0	118
0	118
0	118
0	118
0	118
0	118
0	118
0	114
0	114
0	114
0	114
0	114
0	114
0	114
0	113
0	113
0	113
0	113
0	113
0	113
0	113
0	113
0	113
0	113
0	113
0	113
0	113
0	113
0	113
0	113
0	113
0	113
0	113
0	113
0	113
0	113
0	116
0	116
0	116
0	116
0	116
0	116
0	116
0	116
0	114
0	114
0	114
0	114
0	114
0	114
0	114
0	112
0	112
0	112
0	112
0	112
0	112
0	112
0	112
0	112
0	112
0	112
0	112
0	112
0	112
0	112
0	113
0	113
0	113
0	113
0	113
0	113
0	113
0	114
0	114
0	114
0	114
0	114
0	114
0	114
0	115
0	115
0	115
0	115
0	115
0	115
0	115
0	115
0	115
0	115
0	115
0	115
0	115
0	115
0	115
0	115
0	115
0	115
0	115
0	115
0	115
0	115
0	114
0	114
0	114
0	114
0	114
0	114
0	114
0	114
0	113
0	113
0	113
0	113
0	113
0	113
0	113
152	113
152	113
152	113
152	113
152	113
152	113
152	113
152	113
152	113
152	113
152	113
152	113
152	113
152	113
152	113
152	112
152	112
152	112
152	112
152	112
152	112
152	112
