103	0
103	0
103	0
103	0
103	0
103	0
103	0
104	0
104	0
104	0
104	0
104	0
104	0
105	0
105	0
105	0
105	0
105	0
105	0
105	0
105	0
105	0
105	0
105	0
105	0
105	0
105	0
103	0
103	0
103	0
103	0
103	0
103	0
103	0
103	0
101	0
101	0
101	0
101	0
101	0
101	0
101	0
102	0
102	0
102	0
102	0
102	0
102	0
102	0
106	64
106	64
106	64
106	64
106	64
106	64
106	64
106	64
107	71
107	71
107	71
107	71
107	71
107	71
107	71
109	62
109	62
109	62
109	62
109	62
109	62
109	62
109	62
110	62
110	62
110	62
110	62
110	62
110	62
110	62
112	66
114	66
114	66
114	66
114	66
114	66
114	66
115	65
115	65
115	65
115	65
115	65
115	65
115	65
115	65
117	62
117	62
117	62
117	62
117	62
117	62
117	62
119	64
119	64
119	64
119	64
119	64
119	64
119	64
123	68
123	68
123	68
123	68
123	68
123	68
123	68
123	68
125	70
126	70
126	70
126	70
126	70
126	70
126	70
128	73
128	73
128	73
128	73
128	73
128	73
128	73
128	73
129	75
129	75
129	75
129	75
129	75
129	75
129	75
131	76
131	76
131	76
131	76
131	76
131	76
131	76
131	75
131	75
131	75
131	75
131	75
131	75
131	75
132	75
132	77
132	77
132	77
132	77
132	77
132	77
132	77
132	77
132	77
132	77
132	77
132	77
132	77
132	77
133	77
133	77
133	77
133	77
133	77
133	77
133	77
133	77
133	75
133	75
133	75
133	75
133	75
133	75
133	75
134	78
134	78
134	78
134	78
134	78
134	78
134	78
134	78
134	81
134	81
134	81
134	81
134	81
134	81
134	81
135	84
135	84
135	84
135	84
135	84
135	84
135	84
135	87
135	87
135	87
135	87
135	87
135	87
135	87
135	87
135	91
135	91
135	91
135	91
135	91
135	91
135	91
136	94
136	94
136	94
136	94
136	94
136	94
136	94
136	97
136	97
136	97
136	97
136	97
136	97
136	97
136	97
136	98
136	98
136	98
136	98
136	98
136	98
137	98
137	102
137	102
137	102
137	102
137	102
137	102
137	102
137	102
138	103
138	103
138	103
138	103
138	103
138	103
138	103
138	108
138	108
138	108
138	108
138	108
138	108
138	108
138	105
138	105
138	105
138	105
138	105
138	105
138	105
138	105
138	107
138	107
138	107
138	107
138	107
138	107
138	107
139	104
139	104
139	104
139	104
139	104
139	104
139	104
139	102
139	102
139	102
139	102
139	102
139	102
139	102
139	102
139	105
139	105
139	105
139	105
139	105
139	105
139	105
140	108
140	108
140	108
140	108
140	108
140	108
140	108
140	108
141	113
141	113
142	113
142	113
142	113
142	113
142	113
142	110
142	110
142	110
142	110
142	110
142	110
142	110
144	113
144	113
144	113
144	113
144	113
144	113
144	113
144	113
144	110
144	110
144	110
144	110
144	110
144	110
144	110
145	113
145	113
145	113
145	113
145	113
145	113
146	113
146	110
146	110
146	110
146	110
146	110
146	110
146	110
146	110
147	109
147	109
147	109
147	109
147	109
147	109
147	109
148	109
148	109
148	109
148	109
148	109
148	109
148	109
148	109
148	107
148	107
148	107
148	107
148	107
148	107
148	107
149	110
149	110
149	110
149	110
149	110
149	110
149	110
149	107
149	107
149	107
149	107
149	107
149	107
149	107
149	107
150	108
150	108
150	108
150	108
150	108
150	108
150	108
150	106
150	106
150	106
150	106
150	106
150	106
150	106
150	106
151	109
151	109
151	109
151	109
151	109
151	109
151	109
151	110
151	110
151	110
151	110
151	110
151	110
151	110
152	110
152	110
152	110
152	110
152	110
152	110
152	110
152	110
152	107
152	107
152	107
152	107
152	107
152	107
152	107
152	107
152	107
152	107
152	107
152	107
152	107
152	107
152	105
152	105
152	105
152	105
152	105
152	105
152	105
153	105
153	109
153	109
153	109
153	109
153	109
153	109
153	109
153	112
153	112
153	112
153	112
153	112
153	112
153	112
153	112
153	110
153	110
153	110
153	110
153	110
153	110
153	110
154	108
154	108
154	108
154	108
154	108
154	108
154	108
154	106
154	106
154	106
154	106
154	106
154	106
154	106
154	106
154	104
154	104
154	104
154	104
154	104
154	104
154	104
154	101
154	101
154	101
154	101
154	101
154	101
154	101
153	99
153	99
153	99
153	99
153	99
153	99
153	99
153	99
152	99
152	99
152	99
152	99
152	99
152	99
152	99
152	97
152	97
152	97
152	97
152	97
152	97
152	97
152	97
152	97
152	97
152	97
152	97
152	97
152	97
152	97
152	95
152	95
152	95
152	95
152	95
152	95
152	95
152	96
152	96
152	96
152	96
152	96
152	96
152	96
152	96
152	95
152	95
152	95
152	95
152	95
152	95
152	95
153	93
153	93
153	93
153	93
153	93
153	93
153	93
153	92
153	92
153	92
153	92
153	92
153	92
153	92
153	92
153	91
153	91
153	91
153	91
153	91
153	91
153	91
153	94
153	94
153	94
153	94
153	94
153	94
153	94
153	94
154	97
154	97
154	97
154	97
154	97
154	97
154	97
154	100
154	100
154	100
154	100
154	100
154	100
154	100
155	104
155	104
155	104
155	104
155	104
155	104
155	104
155	104
155	102
155	102
155	102
155	102
155	102
155	102
155	102
155	99
155	99
155	99
155	99
155	99
155	99
155	99
155	96
155	96
155	96
155	96
155	96
155	96
155	96
155	96
155	94
155	94
155	94
155	94
155	94
155	94
155	94
155	98
155	98
155	98
155	98
155	98
155	98
155	98
155	98
155	97
155	97
155	97
155	97
155	97
155	97
155	97
155	95
155	95
155	95
155	95
155	95
155	95
155	95
154	100
154	100
154	100
154	100
154	100
154	100
154	100
154	100
155	101
155	101
155	101
155	101
155	101
155	101
155	101
155	98
155	98
155	98
155	98
155	98
155	98
155	98
155	96
155	96
155	96
155	96
155	96
155	96
155	96
155	96
155	99
155	99
155	99
155	99
155	99
155	99
155	99
155	96
155	96
155	96
155	96
155	96
155	96
155	96
155	96
155	93
155	93
155	93
155	93
155	93
155	93
155	93
155	95
155	95
155	95
156	95
156	95
156	95
156	95
156	95
156	95
156	95
156	95
156	95
156	95
156	95
156	95
156	93
156	93
156	93
156	93
156	93
156	93
156	93
157	90
157	90
157	90
157	90
157	90
157	90
157	90
157	89
157	89
157	89
157	89
157	89
157	89
157	89
157	89
158	89
159	89
159	89
159	89
159	89
159	89
159	89
160	92
160	92
160	92
160	92
160	92
160	92
160	92
160	92
160	95
160	95
160	95
160	95
160	95
160	95
160	95
160	93
160	93
160	93
160	93
160	93
160	93
160	93
160	95
160	95
160	95
160	95
160	95
160	95
160	95
160	95
161	98
161	98
161	98
161	98
161	98
161	98
161	98
161	102
161	102
161	102
161	102
161	102
161	102
161	102
162	107
162	107
162	107
162	107
162	107
162	107
162	107
162	107
162	105
162	105
162	105
162	105
162	105
162	105
162	105
163	107
163	107
163	107
163	107
164	107
164	107
164	107
164	107
164	108
164	108
164	108
164	108
164	108
164	108
164	108
164	106
164	106
164	106
164	106
164	106
164	106
164	106
164	104
164	104
164	104
164	104
164	104
164	104
164	104
164	104
164	102
164	102
164	102
164	102
164	102
164	102
164	102
164	102
164	102
164	102
164	102
164	102
164	102
164	102
164	106
164	106
164	106
164	106
164	106
164	106
164	106
164	106
163	103
163	103
163	103
163	103
163	103
163	103
163	103
163	102
163	102
163	102
163	102
163	102
163	102
163	102
162	103
162	103
162	103
162	103
162	103
162	103
162	103
162	103
162	102
162	102
162	102
162	102
162	102
162	102
162	102
162	105
162	105
162	105
162	105
162	105
162	105
162	105
162	105
162	108
162	108
162	108
162	108
162	108
162	108
162	108
162	112
162	112
162	112
162	112
162	112
162	112
162	112
162	114
162	114
162	114
162	114
162	114
162	114
162	114
162	114
162	117
162	117
162	117
162	117
162	117
162	117
162	117
162	117
162	117
162	117
162	117
162	117
162	117
162	117
162	115
162	115
162	115
162	115
162	115
162	115
162	115
162	115
163	118
163	118
163	118
163	118
163	118
163	118
163	118
163	114
163	114
163	114
163	114
163	114
163	114
163	114
163	114
163	117
163	117
163	117
163	117
163	117
163	117
163	117
163	122
163	122
163	122
163	122
163	122
163	122
164	122
164	120
164	120
164	120
164	120
164	120
164	120
164	120
164	120
164	124
164	124
164	124
164	124
164	124
164	124
164	124
164	127
164	127
164	127
164	127
164	127
164	127
164	127
164	130
164	130
164	130
164	130
164	130
164	130
164	130
164	130
164	130
164	130
164	130
164	130
164	130
164	130
164	130
163	130
163	130
163	130
163	130
163	130
163	130
163	130
163	130
164	128
164	128
164	128
164	128
164	128
164	128
164	128
164	126
164	126
164	126
164	126
164	126
164	126
164	126
165	124
165	124
165	124
165	124
165	124
165	124
165	124
165	124
165	127
165	127
165	127
165	127
165	127
165	127
165	127
165	126
165	126
165	126
165	126
165	126
165	126
165	126
165	124
165	124
165	124
165	124
165	124
165	124
165	124
165	124
165	123
165	123
165	123
165	123
165	123
165	123
165	123
165	119
165	119
165	119
165	119
165	119
165	119
165	119
165	119
165	122
165	122
165	122
165	122
165	122
165	122
165	122
165	119
165	119
165	119
165	119
165	119
165	119
165	119
166	122
166	122
166	122
166	122
166	122
166	122
166	122
166	122
166	120
166	120
166	120
166	120
166	120
166	120
166	120
166	118
166	118
166	118
166	118
166	118
166	118
166	118
166	116
166	116
166	116
166	116
166	116
166	116
166	116
166	116
166	116
166	116
166	116
166	116
166	116
166	116
166	116
166	119
166	119
166	119
166	119
166	119
166	119
166	119
166	119
166	122
166	122
166	122
166	122
166	122
166	122
166	122
166	123
166	123
166	123
166	123
166	123
166	123
166	123
166	126
166	126
166	126
166	126
166	126
166	126
166	126
166	126
166	124
166	124
166	124
166	124
166	124
166	124
166	124
166	127
166	127
166	127
166	127
166	127
166	127
166	127
166	125
166	125
166	125
166	125
166	125
166	125
166	125
166	125
166	128
166	128
166	128
166	128
166	128
166	128
166	128
166	126
166	126
166	126
166	126
166	126
167	126
167	126
167	126
167	125
167	125
167	125
167	125
167	125
167	125
167	125
167	123
167	123
167	123
167	123
167	123
167	123
167	123
166	126
166	126
166	126
166	126
166	126
166	126
166	126
166	126
166	123
166	123
166	123
166	123
166	123
166	123
166	123
166	124
166	124
166	124
166	124
166	124
166	124
166	124
166	124
166	124
166	124
166	124
166	124
166	124
166	124
166	124
167	124
167	124
167	124
167	124
167	124
167	124
167	124
167	122
167	122
167	122
167	122
167	122
167	122
167	122
167	124
167	124
167	124
167	124
167	124
167	124
167	124
167	124
167	123
167	123
167	123
167	123
167	123
167	123
168	123
168	126
168	126
168	126
168	126
168	126
168	126
168	126
168	126
168	127
168	127
168	127
168	127
168	127
168	127
168	127
168	128
168	128
168	128
168	128
168	128
168	128
168	128
168	126
168	126
168	126
168	126
168	126
168	126
168	126
168	126
168	125
168	125
168	125
168	125
168	125
168	125
168	125
168	128
168	128
168	128
168	128
168	128
168	128
168	128
169	131
169	131
169	131
169	131
169	131
169	131
169	131
169	131
169	129
169	129
169	129
169	129
169	129
169	129
169	129
169	132
169	132
169	132
169	132
169	132
169	132
169	132
169	132
169	136
169	136
168	136
168	136
168	136
168	136
168	136
168	134
168	134
168	134
168	134
168	134
168	134
168	134
168	132
168	132
168	132
168	132
168	132
168	132
168	132
168	132
168	134
168	134
168	134
168	134
168	134
168	134
168	134
168	132
168	132
168	132
168	132
168	132
168	132
168	132
168	134
168	134
168	134
168	134
168	134
168	134
168	134
168	134
168	137
168	137
168	137
168	137
168	137
168	137
168	137
168	135
168	135
168	135
168	135
168	135
168	135
168	135
168	135
167	138
167	138
167	138
167	138
167	138
167	138
167	138
167	141
167	141
167	141
167	141
167	141
166	141
166	141
166	140
166	140
166	140
166	140
166	140
166	140
166	140
166	140
166	138
166	138
166	138
166	138
166	138
166	138
166	138
166	141
166	141
166	141
166	141
166	141
166	141
166	141
167	138
167	138
167	138
167	138
167	138
167	138
167	138
167	138
167	141
167	141
167	141
167	141
167	141
167	141
167	141
168	144
168	144
168	144
168	144
168	144
168	144
168	144
168	142
168	142
168	142
168	142
168	142
168	142
168	142
168	142
168	140
168	140
168	140
168	140
168	140
168	140
168	140
168	138
168	138
168	138
168	138
168	138
168	138
168	138
168	138
168	137
168	137
168	137
168	137
168	137
168	137
168	137
168	135
168	135
168	135
168	135
168	135
168	135
168	135
168	133
168	133
168	133
168	133
168	133
168	133
168	133
168	133
168	136
168	136
168	136
168	136
168	136
168	136
168	136
168	133
168	133
168	133
168	133
168	133
168	133
168	133
168	131
168	131
168	131
168	131
168	131
168	131
168	131
168	131
167	129
167	129
167	129
167	129
167	129
167	129
167	129
167	127
167	127
166	127
166	127
166	127
166	127
166	127
166	127
166	125
166	125
166	125
166	125
166	125
166	125
166	125
165	123
165	123
165	123
165	123
165	123
165	123
165	123
165	123
165	123
165	123
165	123
165	123
165	123
165	123
165	123
165	121
165	121
165	121
165	121
165	121
165	121
165	121
165	119
165	119
165	119
165	119
165	119
165	119
165	119
165	115
165	115
165	115
165	115
165	115
165	115
165	115
165	115
165	113
165	113
165	113
165	113
165	113
165	113
165	113
166	112
166	112
166	112
166	112
166	112
166	112
166	112
166	112
165	110
165	110
165	110
165	110
165	110
166	110
166	110
166	108
166	108
166	108
166	108
166	108
166	108
166	108
165	106
165	106
165	106
165	106
165	106
165	106
165	106
165	106
165	108
165	108
165	108
165	108
165	108
165	108
165	108
165	108
165	108
165	108
165	108
165	108
165	108
165	108
165	108
165	108
165	108
164	108
164	108
164	108
164	108
164	108
164	109
164	109
164	109
164	109
164	109
164	109
164	109
164	113
164	113
164	113
164	113
164	113
164	113
164	113
165	111
165	111
165	111
165	111
165	111
165	111
165	111
165	111
165	109
165	109
165	109
165	109
165	109
165	109
165	109
165	106
165	106
165	106
165	106
165	106
165	106
165	106
165	106
166	104
166	104
166	104
166	104
166	104
166	104
166	104
166	102
166	102
166	102
166	102
166	102
166	102
166	102
166	100
166	100
166	100
166	100
166	100
166	100
166	100
166	100
167	97
167	97
167	97
167	97
167	97
167	97
166	97
166	95
166	95
166	95
166	95
166	95
166	95
166	95
166	98
166	98
166	98
166	98
166	98
166	98
166	98
166	98
166	97
166	97
166	97
166	97
166	97
166	97
166	97
166	100
166	100
166	100
166	100
166	100
166	100
166	100
166	98
166	98
166	98
166	98
166	98
166	98
166	98
166	98
166	95
166	95
166	95
166	95
166	95
166	95
166	95
166	93
166	93
166	93
166	93
166	93
166	93
166	93
166	93
166	91
166	91
166	91
166	91
166	91
166	91
166	91
166	91
166	91
166	91
166	91
166	91
166	91
166	91
167	90
167	90
167	90
167	90
167	90
167	90
167	90
167	90
167	91
167	91
167	91
167	91
167	91
167	91
167	91
166	87
166	87
166	87
166	87
166	87
166	87
166	87
166	89
166	89
166	89
166	89
166	89
166	89
166	89
166	89
166	88
166	88
166	88
166	88
166	88
166	88
166	88
166	89
166	89
166	89
166	89
166	89
166	89
166	89
166	89
165	90
165	90
165	90
165	90
165	90
165	90
165	90
165	90
165	90
165	90
165	90
165	90
165	90
165	90
164	89
164	89
164	89
164	89
164	89
164	89
164	89
164	89
164	88
164	88
164	88
164	88
164	88
164	88
164	88
164	90
164	90
164	90
164	90
164	90
164	90
164	90
163	94
163	94
163	94
163	94
163	94
163	94
163	94
163	94
163	96
163	96
163	96
163	96
163	96
163	96
163	96
163	94
163	94
163	94
163	94
163	94
163	94
163	94
162	97
162	97
162	97
162	97
162	97
162	97
162	97
162	97
162	99
162	99
162	99
162	99
162	99
162	99
162	99
162	97
162	97
162	97
162	97
162	97
162	97
162	97
162	97
162	99
162	99
162	99
162	99
162	99
162	99
162	99
163	97
163	97
163	97
163	97
163	97
163	97
163	97
163	96
163	96
163	96
163	96
163	96
163	96
163	96
163	96
163	94
163	94
163	94
163	94
163	94
163	94
163	94
164	95
164	95
164	95
165	95
165	95
165	95
165	95
165	96
165	96
165	96
165	96
165	96
165	96
165	96
165	96
165	96
165	96
165	96
165	96
165	96
165	96
165	96
165	95
165	95
165	95
165	95
165	95
165	95
165	95
165	93
165	93
165	93
165	93
165	93
165	93
165	93
165	93
165	93
165	93
165	93
165	93
165	93
165	93
165	93
164	94
164	94
164	94
164	94
164	94
164	94
164	94
164	94
164	93
164	93
164	93
164	93
164	93
164	93
164	93
164	93
164	93
164	93
164	93
164	93
164	93
164	93
164	93
164	93
164	93
164	93
164	93
164	93
164	93
164	93
164	96
164	96
164	96
164	96
164	96
164	96
164	96
164	95
164	95
164	95
164	95
164	95
164	95
164	95
164	93
164	93
164	93
164	93
164	93
164	93
164	93
164	93
164	90
164	90
164	90
164	90
164	90
164	90
164	90
164	90
164	90
164	90
164	90
164	90
164	90
164	90
164	90
164	93
164	93
164	93
164	93
164	93
164	93
164	93
164	96
164	96
164	96
164	96
164	96
164	96
164	96
163	99
163	99
163	99
163	99
163	99
163	99
163	99
163	99
163	104
163	104
163	104
163	104
163	104
163	104
163	104
162	104
162	104
162	104
162	104
162	104
162	104
162	104
162	108
162	108
162	108
162	108
162	108
162	108
162	108
162	108
162	104
162	104
162	104
163	104
163	104
163	104
163	104
162	109
162	109
162	109
162	109
162	109
162	109
162	109
163	113
163	113
163	113
163	113
163	113
163	113
163	113
163	113
163	110
163	110
163	110
163	110
163	110
163	110
163	110
164	111
164	111
164	111
164	111
164	111
164	111
164	111
164	111
164	109
164	109
164	109
164	109
164	109
164	109
164	109
164	112
164	112
164	112
164	112
164	112
164	112
164	112
164	110
164	110
164	110
164	110
164	110
164	110
164	110
164	110
164	108
164	108
164	108
164	108
164	108
164	108
164	108
164	112
164	112
164	112
164	112
164	112
164	112
164	112
165	110
165	110
165	110
165	110
165	110
165	110
165	110
165	110
166	108
166	108
166	108
166	108
166	108
166	108
166	108
166	105
166	105
166	105
166	105
166	105
166	105
166	105
166	105
166	103
166	103
166	103
166	103
166	103
166	103
166	103
166	101
166	101
166	101
166	101
166	101
165	101
165	101
164	104
164	104
164	104
164	104
164	104
164	104
164	104
164	104
164	107
164	107
164	107
164	107
164	107
164	107
164	107
164	112
164	112
164	112
164	112
164	112
164	112
164	112
164	111
164	111
164	111
164	111
164	111
164	111
164	111
164	111
164	113
164	113
164	113
164	113
165	113
165	113
165	113
166	112
166	112
166	112
166	112
166	112
166	112
166	112
166	110
166	110
166	110
166	110
166	110
166	110
166	110
166	110
167	109
167	109
167	109
167	109
167	109
167	109
167	109
167	107
167	107
167	107
167	107
167	107
167	107
167	107
167	107
167	104
167	104
167	104
167	104
167	104
167	104
167	104
167	103
167	103
167	103
167	103
167	103
167	103
167	103
167	101
167	101
167	101
167	101
167	101
167	101
167	101
167	101
167	104
167	104
167	104
167	104
167	104
167	104
167	104
167	102
167	102
167	102
167	102
167	102
167	102
167	102
166	100
166	100
166	100
166	100
166	100
166	100
166	100
166	100
166	100
166	100
166	100
166	100
166	100
166	100
166	100
166	103
166	103
166	103
166	103
166	103
166	103
166	103
166	103
166	107
166	107
166	107
166	107
166	107
166	107
166	107
166	112
166	112
166	112
166	112
166	112
166	112
166	112
166	110
166	110
166	110
166	110
166	110
166	110
166	110
166	110
166	107
166	107
166	107
166	107
166	107
166	107
166	107
166	110
166	110
166	110
166	110
166	110
166	110
166	110
166	111
166	111
166	111
166	111
166	111
166	111
166	111
166	111
166	113
166	113
166	113
166	113
166	113
166	113
166	113
166	112
166	112
166	112
166	112
166	112
166	112
166	112
166	114
166	114
166	114
166	114
166	114
166	114
166	114
166	114
166	114
166	114
166	114
166	114
166	114
166	114
166	114
166	117
166	117
166	117
166	117
166	117
166	117
166	117
166	117
166	120
166	120
166	120
166	120
166	120
166	120
166	120
166	118
166	118
166	118
166	118
166	118
166	118
166	118
166	114
166	114
166	114
166	114
166	114
166	114
166	114
166	114
167	113
167	113
167	113
167	113
167	113
167	113
167	113
167	111
167	111
167	111
167	111
167	111
167	111
167	111
167	109
167	109
167	109
167	109
167	109
167	109
167	109
167	109
166	108
166	108
166	108
166	108
166	108
166	108
166	108
166	106
167	106
167	106
167	106
167	106
167	106
167	106
167	106
167	110
167	110
167	110
167	110
167	110
167	110
167	110
167	108
167	108
167	108
167	108
167	108
167	108
167	108
168	106
168	106
168	106
168	106
168	106
168	106
168	106
168	106
168	102
168	102
168	102
168	102
168	102
168	102
169	102
169	101
169	101
169	101
169	101
169	101
169	101
169	101
169	99
169	99
169	99
169	99
169	99
169	99
169	99
169	99
169	97
169	97
169	97
169	97
169	97
169	97
169	97
169	95
169	95
169	95
169	95
169	95
169	95
169	95
169	95
169	96
169	96
169	96
169	96
169	96
169	96
169	96
170	96
170	96
170	96
170	96
170	96
170	96
170	96
170	100
170	100
170	100
170	100
170	100
170	100
170	100
170	100
170	102
170	102
170	102
170	102
170	102
170	102
170	102
170	100
170	100
170	100
170	100
170	100
170	100
170	100
171	102
171	102
171	102
171	102
171	102
171	102
171	102
171	102
171	107
171	107
171	107
171	107
171	107
171	107
171	107
171	103
171	103
171	103
171	103
171	103
171	103
171	103
171	102
171	102
171	102
171	102
171	102
171	102
171	102
171	102
171	101
171	101
171	101
171	101
171	101
171	101
171	101
171	101
170	101
170	101
170	101
170	101
170	101
170	101
170	101
170	104
170	104
170	104
170	104
170	104
170	104
170	104
170	107
170	107
170	107
170	107
170	107
170	107
170	107
170	105
170	105
170	105
170	105
170	105
170	105
170	105
170	105
170	108
170	108
170	108
170	108
170	108
170	108
170	108
170	107
170	107
170	107
170	107
170	107
170	107
170	107
169	106
169	106
169	106
169	106
169	106
169	106
169	106
169	106
169	106
169	106
169	106
169	106
169	106
169	106
169	106
169	103
169	103
169	103
169	103
169	103
169	103
169	103
169	103
168	106
168	106
168	106
168	106
168	106
168	106
168	106
168	105
168	105
168	105
168	105
168	105
168	105
168	105
167	107
167	107
167	107
167	107
167	107
167	107
167	107
167	107
167	107
167	107
167	107
167	107
167	107
167	107
167	107
168	105
168	105
168	105
168	105
168	105
168	105
168	105
169	104
169	104
169	104
169	104
169	104
169	104
169	104
169	104
169	102
169	102
169	102
169	102
169	102
169	102
169	102
169	100
169	100
169	100
169	100
169	100
169	100
169	100
169	98
169	98
169	98
169	98
169	98
169	98
169	98
169	98
168	95
168	95
168	95
168	95
168	95
168	95
168	95
168	95
168	95
168	95
168	95
168	95
168	95
168	95
168	95
167	91
167	91
167	91
167	91
167	91
167	91
167	91
167	90
167	90
166	90
166	90
166	90
166	90
166	90
166	91
166	91
166	91
166	91
166	91
166	91
166	91
166	91
166	89
166	89
166	89
166	89
166	89
166	89
166	89
166	88
166	88
166	88
166	88
166	88
166	88
166	88
167	91
167	91
167	91
167	91
167	91
167	91
167	91
168	91
169	89
169	89
169	89
169	89
169	89
169	89
169	89
169	91
169	91
169	91
169	91
169	91
169	91
169	91
169	91
169	89
169	89
169	89
169	89
169	89
169	89
169	89
169	88
169	88
169	88
169	88
169	88
169	88
169	88
170	88
170	88
170	88
170	88
170	88
170	88
170	88
170	88
170	91
170	91
170	91
170	91
170	91
170	91
170	91
170	94
170	94
170	94
170	94
170	94
170	94
170	94
171	92
171	92
171	92
171	92
171	92
171	92
171	92
171	92
171	91
171	91
171	91
171	91
171	91
171	91
171	91
172	91
172	91
172	91
172	91
172	91
172	91
172	91
172	92
172	92
172	92
172	92
172	92
172	92
172	92
172	92
172	96
172	96
172	96
172	96
172	96
172	96
172	96
172	94
172	94
172	94
172	94
172	94
172	94
172	94
172	94
172	92
172	92
172	92
172	92
172	92
172	92
172	92
172	93
172	93
172	93
172	93
172	93
172	93
172	93
172	93
172	93
172	93
172	93
172	93
172	93
172	93
172	93
172	94
172	94
172	94
172	94
172	94
172	94
172	94
171	92
171	92
171	92
171	92
171	92
171	92
171	92
171	95
171	95
171	95
171	95
171	95
171	95
172	95
172	95
171	100
171	100
171	100
171	100
171	100
171	100
171	100
171	97
171	97
171	97
171	97
171	97
171	97
171	97
171	97
171	97
171	97
171	97
171	97
171	97
171	97
171	97
172	96
172	96
172	96
172	96
172	96
172	96
172	96
172	96
172	96
172	96
172	96
172	96
172	96
172	96
172	96
172	95
172	95
172	95
172	95
172	95
172	95
172	95
172	94
172	94
172	94
172	94
172	94
172	94
172	94
172	97
172	97
172	97
172	97
172	97
172	97
172	97
172	97
171	100
171	100
171	100
171	100
171	100
171	100
171	100
171	103
171	103
171	103
171	103
171	103
171	103
171	103
171	106
171	106
171	106
171	106
171	106
171	106
171	106
171	106
171	105
171	105
171	105
171	105
171	105
171	105
171	105
171	108
171	108
171	108
171	108
171	108
171	108
171	108
171	108
171	106
171	106
171	106
171	106
171	106
171	106
171	106
171	104
171	104
171	104
171	104
171	104
171	104
171	104
171	103
171	103
171	103
171	103
171	103
171	103
171	103
171	103
171	105
171	105
172	105
172	105
172	105
172	105
172	105
173	103
173	103
173	103
173	103
173	103
173	103
173	103
173	102
173	102
173	102
173	102
173	102
173	102
173	102
173	102
173	100
173	100
173	100
173	100
173	100
173	100
173	100
173	97
173	97
173	97
173	97
173	97
173	97
173	97
173	95
173	95
173	95
173	95
173	95
173	95
173	95
173	95
172	98
172	98
172	98
172	98
172	98
172	98
172	98
172	96
172	96
172	96
172	96
172	96
172	96
172	96
172	96
172	98
172	98
172	98
172	98
172	98
172	98
172	98
172	101
172	101
172	101
172	101
172	101
172	101
172	101
172	99
172	99
172	99
172	99
172	99
172	99
172	99
172	99
173	99
173	99
173	99
173	99
173	99
173	99
173	99
173	101
173	101
173	101
173	101
173	101
173	101
173	101
174	104
174	104
174	104
174	104
174	104
174	104
174	104
174	104
174	102
174	102
174	102
173	102
173	102
173	102
173	102
173	105
173	105
173	105
173	105
173	105
173	105
173	105
173	105
172	103
172	103
172	103
172	103
172	103
172	103
172	103
172	106
172	106
172	106
172	106
172	106
172	106
172	106
172	105
172	105
172	105
172	105
172	105
172	105
172	105
172	105
172	108
173	108
173	108
173	108
173	108
173	108
173	108
173	104
173	104
173	104
173	104
173	104
173	104
173	104
173	102
173	102
173	102
173	102
173	102
173	102
173	102
173	102
172	102
172	102
172	102
172	102
172	102
172	102
172	102
172	100
172	100
172	100
172	100
172	100
172	100
172	100
171	104
171	104
171	104
171	104
171	104
171	104
171	104
171	104
170	107
170	107
170	107
170	107
170	107
170	107
170	107
170	104
170	104
170	104
170	104
170	104
170	104
170	104
170	104
170	102
170	102
170	102
170	102
170	102
170	102
170	102
170	105
170	105
170	105
170	105
170	105
170	105
170	105
170	108
170	108
170	108
170	108
170	108
170	108
170	108
170	108
171	104
171	104
171	104
171	104
171	104
171	104
171	104
171	104
171	104
171	104
171	104
171	104
171	104
171	104
171	103
171	103
171	103
171	103
171	103
171	103
171	103
171	103
171	101
171	101
171	101
171	101
171	101
171	101
171	101
171	97
171	97
171	97
171	97
171	97
171	97
171	97
171	97
171	96
171	96
171	96
171	96
171	96
172	96
172	96
172	98
172	98
172	98
172	98
172	98
172	98
172	98
173	97
173	97
173	97
173	97
173	97
173	97
173	97
173	97
173	97
173	97
173	97
173	97
173	97
173	97
173	97
173	96
173	96
173	96
173	96
173	96
173	96
173	96
172	100
172	100
172	100
172	100
172	100
172	100
172	100
172	100
172	98
172	98
172	98
172	98
172	98
172	98
172	98
171	96
171	96
171	96
171	96
171	96
171	96
171	96
171	96
171	96
171	96
171	96
171	96
171	96
171	96
171	96
171	100
171	100
171	100
171	100
171	100
171	100
171	100
171	98
171	98
171	98
171	98
171	98
171	98
171	98
171	98
171	96
171	96
171	96
171	96
171	96
171	96
171	96
170	98
170	98
170	98
170	98
170	98
170	98
170	98
170	101
170	101
170	101
170	101
170	101
170	101
170	101
170	101
170	104
170	104
170	104
170	104
170	104
170	104
170	104
170	109
170	109
170	109
170	109
170	109
170	109
170	109
170	107
170	107
170	107
170	107
170	107
170	107
170	107
170	107
171	109
171	109
171	109
171	109
171	109
171	109
171	109
171	107
171	107
171	107
171	107
171	107
171	107
171	107
172	105
172	105
172	105
172	105
173	105
173	105
173	105
173	105
173	103
173	103
173	103
173	103
173	103
173	103
173	103
173	106
173	106
173	106
173	106
173	106
173	106
173	106
173	106
173	110
173	110
173	110
173	110
173	110
173	110
173	110
173	113
173	113
173	113
173	113
173	113
173	113
173	113
173	116
173	116
173	116
173	116
173	116
173	116
173	116
173	116
173	117
173	117
173	117
173	117
173	117
173	117
173	117
173	120
173	120
173	120
173	120
173	120
173	120
173	120
173	123
173	123
173	123
173	123
173	123
173	123
173	123
173	123
174	126
174	126
174	126
174	126
174	126
174	126
174	126
174	129
174	129
174	129
174	129
174	129
174	129
174	129
174	129
174	127
174	127
174	127
174	127
174	127
174	127
174	127
174	125
174	125
174	125
174	125
174	125
174	125
174	125
173	124
173	124
173	124
173	124
173	124
173	124
173	124
173	124
173	123
173	123
173	123
173	123
173	123
173	123
173	123
173	121
173	121
173	121
173	121
173	121
173	121
173	121
173	117
173	117
173	117
173	117
173	117
173	117
173	117
173	117
173	120
173	120
173	120
173	120
173	120
173	120
173	120
173	118
173	118
173	118
173	118
173	118
173	118
173	118
173	116
173	116
173	116
173	116
173	116
173	116
173	116
173	116
172	114
172	114
172	114
172	114
172	114
172	114
172	114
172	113
172	113
172	113
172	113
172	113
172	113
172	113
172	113
172	111
172	111
172	111
172	111
172	111
172	111
172	111
172	109
172	109
172	109
172	109
172	109
172	109
172	109
172	110
172	110
172	110
172	110
172	110
172	110
172	110
172	110
172	111
172	111
172	111
172	111
172	111
172	111
172	111
173	112
173	112
173	112
173	112
173	112
173	112
173	112
174	114
174	114
174	114
174	114
174	114
174	114
174	114
174	114
173	112
173	112
173	112
173	112
173	112
173	112
173	112
173	109
173	109
173	109
173	109
173	109
173	109
173	109
173	109
173	107
173	107
173	107
173	107
173	107
173	107
173	107
173	110
173	110
173	110
173	110
173	110
173	110
173	110
173	113
173	113
173	113
173	113
173	113
173	113
173	113
173	113
173	111
173	111
173	111
173	111
173	111
173	111
173	111
173	111
173	111
173	111
173	111
173	111
173	111
173	111
173	110
173	110
173	110
173	110
173	110
173	110
173	110
174	110
175	110
175	110
175	110
175	110
175	110
175	110
175	110
175	108
175	108
175	108
175	108
175	108
175	108
175	108
175	105
175	105
175	105
175	105
175	105
175	105
175	105
175	105
175	108
175	108
175	108
175	108
175	108
175	108
175	108
175	106
175	106
175	106
175	106
175	106
175	106
175	106
175	106
176	104
176	104
176	104
176	104
176	104
176	104
176	104
176	104
176	104
176	104
176	104
176	104
176	104
176	104
176	102
176	102
176	102
176	102
176	102
176	102
176	102
176	102
176	103
176	103
176	103
176	103
176	103
176	103
176	103
176	106
176	106
176	106
176	106
176	106
176	106
176	106
176	104
176	104
176	104
176	104
176	104
176	104
176	104
176	104
176	102
176	102
176	102
176	102
176	102
176	102
176	102
176	97
176	97
176	97
176	97
176	97
176	97
176	97
175	95
175	95
175	95
175	95
175	95
175	95
175	95
175	95
175	93
176	93
176	93
176	93
176	93
176	93
176	93
176	96
176	96
176	96
176	96
176	96
176	96
176	96
176	96
176	94
176	94
176	94
176	94
176	94
176	94
176	94
175	91
175	91
175	91
175	91
175	91
175	91
175	91
175	93
175	93
175	93
174	93
174	93
174	93
174	93
174	93
174	95
174	95
174	95
174	95
174	95
174	95
174	95
175	95
175	95
175	95
175	95
175	95
175	95
175	95
175	93
175	93
175	93
175	93
175	93
175	93
175	93
175	93
175	91
175	91
175	91
175	91
175	91
175	91
175	91
175	91
175	91
175	91
175	91
175	91
175	91
175	91
175	91
174	94
174	94
174	94
174	94
174	94
174	94
174	94
174	96
174	96
174	96
174	96
174	96
174	96
174	96
174	99
174	99
174	99
174	99
174	99
174	99
174	99
174	99
174	102
174	102
174	102
174	102
174	102
174	102
174	102
175	100
175	100
175	100
175	100
175	100
175	100
175	100
175	96
175	96
175	96
175	96
175	96
175	96
175	96
175	96
175	96
175	96
175	96
175	96
175	96
175	96
175	96
175	96
175	96
175	96
175	96
175	96
175	96
175	96
174	99
174	99
174	99
174	99
174	99
174	99
174	99
174	99
174	97
174	97
174	97
174	97
174	97
174	97
174	97
174	95
174	95
174	95
174	95
174	95
174	95
174	95
174	95
174	94
174	94
174	94
174	94
174	94
174	94
174	94
174	97
174	97
174	97
174	97
174	97
174	97
174	97
175	101
175	101
175	101
175	101
175	101
175	101
175	101
175	101
175	103
175	103
175	103
175	103
175	103
175	103
175	103
175	107
175	107
175	107
175	107
175	107
175	107
175	107
175	105
175	105
175	105
175	105
175	105
175	105
175	105
175	105
175	103
175	103
175	103
175	103
175	103
175	103
175	103
174	101
174	101
174	101
174	101
174	101
174	101
174	101
174	101
174	99
174	99
174	99
174	99
174	99
174	99
174	99
174	101
174	101
174	101
174	101
174	101
174	101
174	101
174	97
174	97
174	97
174	97
174	97
174	97
174	97
174	97
175	95
175	95
175	95
175	95
175	95
175	95
175	95
174	93
174	93
174	93
174	93
174	93
174	93
174	93
174	90
174	90
174	90
174	90
174	90
174	90
174	90
174	90
173	88
173	88
173	88
173	88
173	88
173	88
173	88
173	85
173	85
173	85
173	85
173	85
173	85
173	85
172	88
172	88
172	88
172	88
172	88
172	88
172	88
172	88
173	91
173	91
173	91
173	91
173	91
173	91
173	91
173	93
173	93
173	93
173	93
173	93
173	93
173	93
173	93
174	90
174	90
174	90
174	90
174	90
174	90
174	90
173	92
173	92
173	92
173	92
173	92
173	92
173	92
173	90
173	90
173	90
173	90
173	90
173	90
173	90
173	90
172	85
172	85
172	85
172	85
172	85
172	85
172	85
172	86
172	86
172	86
172	86
172	86
172	86
171	86
171	85
171	85
171	85
171	85
171	85
171	85
171	85
171	85
172	87
172	87
172	87
172	87
172	87
172	87
172	87
172	88
172	88
172	88
172	88
172	88
172	88
172	88
172	88
172	88
172	88
172	88
172	88
172	88
172	88
172	88
172	88
172	88
172	88
172	88
171	88
171	88
171	88
171	94
171	94
171	94
171	94
171	94
171	94
171	94
171	94
172	97
172	97
172	97
172	97
172	97
172	97
172	97
172	96
172	96
172	96
172	96
172	96
172	96
172	96
173	93
173	93
173	93
173	93
173	93
173	93
173	93
173	93
173	95
173	95
173	95
173	95
173	95
173	95
173	95
174	96
174	96
174	96
174	96
174	96
174	96
174	96
174	96
174	93
174	93
174	93
174	93
174	93
174	93
174	93
174	92
174	92
174	92
174	92
174	92
174	92
174	92
173	91
173	91
173	91
173	91
173	91
173	91
173	91
173	91
173	94
173	94
173	94
173	94
173	94
173	94
173	94
173	97
173	97
173	97
173	97
173	97
173	97
173	97
173	100
173	100
173	100
173	100
173	100
173	100
173	100
173	100
173	98
173	98
173	98
173	98
173	98
173	98
173	98
173	98
173	98
173	98
173	98
173	98
173	98
173	98
173	100
173	100
173	100
173	100
173	100
173	100
173	100
173	100
174	104
174	104
174	104
174	104
174	104
174	104
174	104
174	102
174	102
174	102
174	102
174	102
174	102
174	102
174	102
174	104
174	104
174	104
174	104
174	104
174	104
174	104
175	102
175	102
175	102
175	102
175	102
175	102
175	102
175	107
175	107
175	107
175	107
175	107
175	107
175	107
175	107
175	105
175	105
175	105
175	105
175	105
175	105
175	105
175	103
175	103
175	103
175	103
175	103
175	103
175	103
174	100
174	100
174	100
174	100
174	100
174	100
174	100
174	100
174	98
174	98
174	98
174	98
174	98
174	98
174	98
174	94
174	94
174	94
174	94
174	94
174	94
174	94
174	94
174	97
174	97
174	97
175	97
175	97
175	97
175	97
175	98
175	98
175	98
175	98
175	98
175	98
175	98
175	98
175	98
175	98
175	98
175	98
175	98
175	98
175	98
175	97
175	97
175	97
175	97
175	97
175	97
175	97
175	99
175	99
175	99
175	99
175	99
175	99
175	99
175	98
174	98
174	98
174	98
174	98
174	98
174	98
174	98
174	99
174	99
174	99
174	99
174	99
174	99
174	99
174	96
174	96
174	96
174	96
174	96
174	96
174	96
174	96
174	94
174	94
174	94
174	94
174	94
174	94
174	94
174	95
174	95
174	95
174	95
174	95
174	95
174	95
174	94
174	94
174	94
174	94
174	94
174	94
174	94
174	94
174	94
174	94
174	94
174	94
174	94
174	94
174	94
174	94
174	94
174	94
174	94
174	94
174	94
174	94
174	97
174	97
174	97
174	97
174	97
174	97
174	97
174	97
174	101
174	101
174	101
174	101
174	101
174	101
174	101
173	101
173	101
173	101
173	101
173	101
173	101
173	101
173	101
173	101
173	101
173	101
173	101
173	101
173	101
173	101
173	99
173	99
173	99
173	99
173	99
173	99
173	99
172	102
172	102
172	102
172	102
172	102
172	102
172	102
172	102
172	103
172	103
172	103
172	103
172	103
172	103
172	103
172	101
172	101
172	101
172	101
172	101
172	101
172	101
172	97
172	97
172	97
172	97
172	97
173	97
173	97
173	97
173	96
173	96
173	96
173	96
173	96
173	96
173	96
174	96
174	96
174	96
174	96
174	96
174	96
174	96
174	95
174	95
174	95
174	95
174	95
174	95
174	95
174	95
173	92
173	92
173	92
173	92
173	92
173	92
173	92
173	95
173	95
173	95
173	95
173	95
173	95
173	95
173	95
174	94
174	94
174	94
174	94
174	94
174	94
174	94
174	96
174	96
174	96
174	96
174	96
174	96
174	96
174	94
174	94
174	94
174	94
174	94
174	94
174	94
174	94
174	97
174	97
174	97
174	97
174	97
174	97
174	97
175	98
175	98
175	98
175	98
175	98
175	98
175	98
175	98
175	98
175	98
175	98
175	98
175	98
175	98
175	98
175	97
175	97
175	97
175	97
175	97
175	97
175	97
175	95
175	95
175	95
175	95
175	95
175	95
175	95
175	95
175	98
175	98
175	98
175	98
175	98
175	98
175	98
175	100
175	100
175	100
175	100
175	100
175	100
175	100
175	103
175	103
175	103
175	103
175	103
175	103
175	103
175	103
175	106
175	106
175	106
175	106
175	106
175	106
175	106
175	104
175	104
175	104
175	104
175	104
175	104
175	104
175	102
175	102
175	102
175	102
175	102
175	102
175	102
175	102
175	104
175	104
175	104
175	104
175	104
175	104
175	104
175	107
175	107
175	107
175	107
175	107
175	107
175	107
175	107
175	105
175	105
175	105
175	105
175	105
175	105
175	105
175	106
175	106
175	106
175	106
175	106
175	106
175	106
175	106
175	106
176	106
176	106
176	106
176	106
176	106
176	106
176	105
176	105
176	105
176	105
176	105
176	105
176	105
176	107
176	107
176	107
176	107
176	107
176	107
176	107
176	104
176	104
176	104
176	104
176	104
176	104
176	104
176	104
176	107
176	107
176	107
176	107
176	107
176	107
176	107
175	112
175	112
175	112
175	112
175	112
175	112
175	112
175	112
175	110
175	110
175	110
175	110
175	110
175	110
175	110
175	114
175	114
175	114
175	114
175	114
175	114
175	114
175	115
175	115
175	115
175	115
175	115
175	115
175	115
175	115
175	116
175	116
175	116
175	116
175	116
175	116
175	116
175	117
175	117
175	117
175	117
175	117
175	117
175	117
175	112
175	112
175	112
175	112
175	112
175	112
175	112
175	112
175	110
175	110
175	110
175	110
175	110
175	110
175	110
175	108
175	108
175	108
175	108
175	108
175	108
175	108
175	106
175	106
175	106
175	106
175	106
175	106
175	106
175	106
174	104
174	104
174	104
174	104
174	104
174	104
174	104
174	104
174	104
174	104
174	104
174	104
174	104
174	104
174	104
175	108
175	108
175	108
175	108
175	108
175	108
175	108
175	106
175	106
175	106
175	106
175	106
175	106
175	106
175	104
175	104
175	104
175	104
175	104
175	104
175	104
175	104
175	104
175	104
175	104
175	104
175	104
175	104
175	104
176	103
176	103
176	103
176	103
176	103
176	103
176	103
176	105
176	105
176	105
176	105
176	105
176	105
176	105
176	105
175	104
175	104
175	104
175	104
175	104
175	104
175	104
176	104
176	104
176	104
176	104
176	104
176	104
176	104
176	104
176	107
176	107
176	107
176	107
176	107
176	107
176	107
176	103
176	103
176	103
176	103
176	103
176	103
176	103
175	106
175	106
175	106
175	106
175	106
175	106
175	106
175	106
175	106
175	106
175	106
175	106
175	106
175	106
175	106
176	106
176	106
176	106
176	106
176	106
176	106
176	106
175	105
175	105
175	105
175	105
175	105
175	105
175	105
175	105
175	104
175	104
175	104
175	104
175	104
175	104
175	104
174	101
174	101
174	101
174	101
174	101
174	101
174	101
174	101
174	104
174	104
174	104
174	104
174	104
174	104
174	104
174	100
174	100
174	100
174	100
174	100
174	100
174	100
174	98
174	98
174	98
174	98
174	98
174	98
174	98
174	98
174	96
174	96
174	96
174	96
174	96
174	96
174	96
174	100
174	100
174	100
174	100
174	100
174	100
174	100
173	96
173	96
173	96
173	96
173	96
173	96
173	96
173	96
173	96
173	96
173	96
173	96
173	96
173	96
173	96
173	99
173	99
173	99
173	99
173	99
173	99
173	99
173	99
174	102
174	102
174	102
174	102
174	102
174	102
174	102
174	100
174	100
174	100
174	100
174	100
174	100
174	100
174	100
174	100
174	100
174	100
174	100
174	100
174	100
174	100
174	99
174	99
174	99
174	99
174	99
174	99
174	99
173	99
173	99
173	99
173	99
173	99
173	99
173	99
173	100
173	100
173	100
173	100
173	100
173	100
173	100
173	100
173	103
173	103
173	103
173	103
173	103
173	103
173	103
174	100
174	100
174	100
174	100
174	100
174	100
174	100
174	101
174	101
174	101
174	101
174	101
175	101
175	101
175	101
175	101
175	101
175	101
175	101
175	101
175	101
175	101
174	102
174	102
174	102
174	102
174	102
174	102
174	102
174	102
174	100
174	100
174	100
174	100
174	100
174	100
174	100
173	103
173	103
173	103
173	103
173	103
173	103
173	103
173	107
173	107
173	107
173	107
173	107
173	107
173	107
173	107
173	109
173	109
173	109
173	109
173	109
173	109
173	109
173	113
173	113
173	113
173	113
173	113
173	113
174	113
174	112
174	112
174	112
174	112
174	112
174	112
174	112
174	112
174	110
174	110
174	110
174	110
174	110
174	110
174	110
174	113
174	113
174	113
174	113
174	113
174	113
174	113
174	113
174	112
174	112
174	112
174	112
174	112
174	112
174	112
174	113
174	113
174	113
174	113
173	113
173	113
173	113
173	113
173	113
173	113
173	113
173	113
173	113
173	113
173	113
173	112
173	112
173	112
173	112
173	112
173	112
173	112
172	113
172	113
172	113
172	113
172	113
172	113
172	113
172	112
172	112
172	112
172	112
172	112
172	112
172	112
172	112
172	111
172	111
172	111
172	111
172	111
172	111
172	111
172	116
172	116
172	116
172	116
172	116
172	116
172	116
172	116
172	114
172	114
172	114
172	114
172	114
172	114
172	114
172	111
172	111
172	111
172	111
172	111
172	111
172	111
171	109
171	109
171	109
171	109
171	109
171	109
171	109
171	109
171	107
171	107
171	107
171	107
171	107
171	107
171	107
171	106
171	106
171	106
171	106
171	106
171	106
171	106
171	104
171	104
171	104
171	104
171	104
171	104
171	104
171	104
171	109
171	109
171	109
171	109
171	109
171	109
171	109
170	113
170	113
170	113
170	113
170	113
170	113
170	113
170	113
170	111
170	111
170	111
170	111
170	111
170	111
170	111
169	109
169	109
169	109
169	109
169	109
169	109
169	109
169	113
169	113
169	113
169	113
169	113
169	113
169	113
169	113
169	110
169	110
169	110
169	110
169	110
169	110
169	110
170	108
170	108
170	108
170	108
170	108
170	108
170	108
170	106
170	106
170	106
170	106
170	106
170	106
170	106
170	106
171	104
171	104
171	104
171	104
171	104
171	104
171	104
171	102
171	102
171	102
171	102
171	102
171	102
171	102
170	100
170	100
170	100
170	100
170	100
170	100
170	100
170	100
170	103
170	103
170	103
170	103
170	103
170	103
170	103
171	104
171	104
171	104
171	104
171	104
171	104
171	104
171	104
171	102
171	102
171	102
171	102
171	102
171	102
171	102
171	103
171	103
171	103
171	103
171	103
171	103
171	103
170	103
170	103
170	103
170	103
170	103
170	103
170	103
170	103
170	101
170	101
170	101
170	101
170	101
170	101
170	101
170	99
170	99
170	99
170	99
170	99
170	99
170	99
170	103
170	103
170	103
170	103
170	103
170	103
170	103
170	103
169	101
169	101
169	101
169	101
169	101
169	101
169	101
169	100
169	100
169	100
169	100
168	100
168	100
168	100
168	100
169	100
169	100
169	100
169	100
169	100
169	100
169	100
169	99
169	99
169	99
169	99
169	99
169	99
169	99
169	100
169	100
169	100
169	100
169	100
169	100
169	100
169	100
169	98
169	98
169	98
169	98
169	98
169	98
169	98
169	97
169	97
169	97
169	97
169	97
169	97
169	97
169	95
169	95
169	95
169	95
169	95
169	95
169	95
169	95
168	96
168	96
168	96
168	96
168	96
168	96
168	96
168	99
168	99
168	99
168	99
168	99
168	99
168	99
168	99
169	97
169	97
169	97
169	97
169	97
169	97
169	97
169	96
169	96
169	96
169	96
169	96
169	96
169	96
169	99
169	99
169	99
169	99
169	99
169	99
169	99
169	99
169	104
169	104
170	104
170	104
170	104
170	104
170	104
170	104
170	104
170	104
170	104
170	104
170	104
170	104
169	101
169	101
169	101
169	101
169	101
169	101
169	101
169	101
169	99
169	99
169	99
169	99
169	99
169	99
169	99
169	97
169	97
169	97
169	97
169	97
169	97
169	97
169	97
168	95
168	95
168	95
168	95
168	95
168	95
168	95
168	98
168	98
168	98
168	98
168	98
168	98
168	98
168	101
168	101
168	101
168	101
168	101
168	101
168	101
168	101
168	100
168	100
168	100
168	100
168	100
168	100
168	100
167	103
167	103
167	103
167	103
167	103
167	103
167	103
167	106
167	106
167	106
167	106
167	106
167	106
167	106
167	106
167	103
167	103
167	103
167	103
167	103
167	103
167	103
167	101
167	101
167	101
167	101
167	101
167	101
167	101
167	99
167	99
167	99
167	99
167	99
167	99
167	99
167	99
166	97
166	97
166	97
167	97
167	97
167	97
167	97
167	99
167	99
167	99
167	99
167	99
167	99
167	99
167	99
167	100
167	100
167	100
167	100
167	100
167	100
167	100
167	98
167	98
167	98
167	98
167	98
167	98
167	98
166	98
166	98
166	98
166	98
166	98
166	98
166	98
165	98
165	96
165	96
165	96
165	96
165	96
165	96
165	96
164	93
164	93
164	93
164	93
164	93
164	93
164	93
164	94
164	94
164	94
164	94
164	94
164	94
164	94
164	94
164	91
164	91
164	91
164	91
164	91
164	91
164	91
164	96
164	96
164	96
164	96
164	96
164	96
165	96
165	96
165	95
165	95
165	95
165	95
165	95
165	95
165	95
165	95
165	95
165	95
165	95
165	95
165	95
165	95
165	94
165	94
165	94
165	94
165	94
165	94
165	94
165	94
165	96
165	96
165	96
165	96
165	96
165	96
165	96
164	97
164	97
164	97
164	97
164	97
164	97
164	97
164	98
164	98
164	98
164	98
164	98
164	98
164	98
164	98
164	101
164	101
164	101
164	101
164	101
164	101
164	101
164	98
164	98
164	98
164	98
164	98
164	98
164	98
164	98
164	96
164	96
164	96
164	96
164	96
164	96
164	96
164	94
164	94
164	94
164	94
164	94
164	94
164	94
164	99
164	99
164	99
164	99
164	99
164	99
164	99
164	99
164	98
164	98
164	98
164	98
164	98
164	98
164	98
164	98
164	98
164	98
164	98
164	98
164	98
164	98
164	97
164	97
164	97
164	97
164	97
164	97
164	97
164	97
164	96
164	96
164	96
164	96
164	96
164	96
164	96
165	100
165	100
165	100
165	100
165	100
165	100
165	100
165	100
165	97
165	97
165	97
165	97
165	97
165	97
165	97
165	96
165	96
165	96
165	96
165	96
165	96
165	96
165	96
165	96
165	96
165	96
165	96
165	96
165	96
165	96
165	94
165	94
165	94
165	94
165	94
165	94
165	94
165	92
165	92
165	92
165	92
165	92
165	92
165	92
164	90
164	90
164	90
164	90
164	90
164	90
164	90
164	90
165	93
165	93
165	93
165	93
165	93
165	93
165	93
164	94
164	94
164	94
164	94
164	94
164	94
164	94
165	95
165	95
165	95
165	95
165	95
165	95
165	95
165	95
165	96
165	96
165	96
165	96
165	96
165	96
164	96
164	94
164	94
164	94
164	94
164	94
164	94
164	94
164	94
164	97
164	97
164	97
164	97
164	97
164	97
164	97
164	95
164	95
164	95
164	95
164	95
164	95
164	95
163	92
163	92
163	92
163	92
163	92
163	92
163	92
163	92
163	95
163	95
163	95
163	95
163	95
163	95
163	95
163	98
163	98
163	98
163	98
163	98
163	98
163	98
163	101
163	101
163	101
163	101
163	101
163	101
163	101
163	101
163	100
163	100
163	100
163	100
163	100
163	100
163	100
162	98
162	98
162	98
162	98
162	98
162	98
162	98
162	98
162	101
162	101
162	101
162	101
162	101
162	101
162	101
162	103
162	103
162	103
162	103
162	103
162	103
162	103
161	106
161	106
161	106
161	106
161	106
161	106
161	106
161	106
161	110
161	110
161	110
161	110
161	110
161	110
161	110
162	107
162	107
162	107
162	107
162	107
162	107
162	107
161	105
161	105
161	105
161	105
161	105
161	105
161	105
161	105
160	104
160	104
160	104
160	104
160	104
160	104
160	104
160	103
160	103
160	103
160	103
160	103
160	103
160	103
160	106
160	106
160	106
160	106
160	106
160	106
160	106
160	106
160	104
160	104
160	104
160	104
160	104
160	104
160	104
159	107
159	107
159	107
159	107
159	107
159	107
159	107
159	107
159	104
159	104
159	104
159	104
159	104
159	104
159	104
158	108
158	108
158	108
158	108
158	108
158	108
158	108
158	107
158	107
158	107
158	107
158	107
158	107
158	107
158	107
157	105
157	105
157	105
157	105
157	105
157	105
157	105
157	106
157	106
157	106
157	106
157	106
157	106
157	106
157	104
157	104
157	104
157	104
157	104
156	104
156	104
156	104
156	103
156	103
156	103
156	103
156	103
156	103
156	103
156	101
156	101
156	101
156	101
156	101
156	101
156	101
156	101
156	104
156	104
156	104
156	104
156	104
156	104
156	104
156	101
156	101
156	101
156	101
156	101
156	101
156	101
156	99
156	99
157	99
157	99
157	99
157	99
157	99
157	99
157	97
157	97
157	97
157	97
157	97
157	97
157	97
157	99
157	99
157	99
157	99
157	99
157	99
157	99
157	97
157	97
157	97
157	97
157	97
157	97
157	97
157	97
157	95
157	95
157	95
157	95
157	95
157	95
157	95
157	93
157	93
157	93
157	93
157	93
157	93
157	93
157	96
157	96
157	96
157	96
157	96
157	96
157	96
157	96
158	97
158	97
158	97
158	97
158	97
158	97
158	97
159	98
159	98
159	98
159	98
159	98
159	98
159	98
159	98
159	97
159	97
159	97
159	97
159	97
159	97
159	97
159	100
159	100
159	100
159	100
159	100
159	100
159	100
158	99
158	99
158	99
158	99
158	99
158	99
158	99
158	99
158	101
158	101
158	101
158	101
158	101
158	101
158	101
158	99
158	99
158	99
158	99
158	99
158	99
158	99
157	102
157	102
157	102
157	102
157	102
157	102
157	102
157	102
157	100
157	100
157	100
157	100
157	100
157	100
157	100
157	98
157	98
157	98
157	98
157	98
157	98
157	98
157	98
157	99
157	99
157	99
157	99
157	99
157	99
157	99
157	102
157	102
157	102
157	102
157	102
157	102
157	102
157	106
157	106
157	106
157	106
157	106
157	106
157	106
157	106
157	105
157	105
157	105
157	105
157	105
157	105
157	105
157	108
157	108
157	108
157	108
157	108
157	108
157	108
157	108
157	108
157	108
157	108
157	108
157	108
157	108
157	108
158	110
158	110
158	110
158	110
158	110
158	110
158	110
157	113
157	113
157	113
157	113
157	113
157	113
157	113
157	111
157	111
157	111
157	111
157	111
157	111
157	111
157	111
157	111
157	111
157	111
157	111
157	111
157	111
157	111
157	109
157	109
157	109
157	109
157	109
157	109
157	109
157	109
156	107
156	107
156	107
156	107
156	107
156	107
156	107
156	108
156	108
156	108
156	108
156	108
156	108
156	108
156	111
156	111
156	111
156	111
156	111
156	111
156	111
156	111
156	109
156	109
156	109
156	109
156	109
156	109
156	109
155	108
155	108
155	108
155	108
155	108
155	108
155	108
155	106
155	106
155	106
155	106
155	106
155	106
155	106
155	106
155	109
155	109
155	109
155	109
155	109
155	109
155	109
155	111
155	111
154	111
154	111
154	111
154	111
154	111
154	111
154	113
154	113
154	113
154	113
154	113
154	113
154	113
154	110
154	110
154	110
154	110
154	110
154	110
154	110
154	113
154	113
154	113
154	113
154	113
154	113
154	113
154	113
154	115
154	115
154	115
154	115
154	115
154	115
154	115
154	113
154	113
154	113
154	113
154	113
154	113
154	113
154	113
154	113
154	113
154	113
154	113
154	113
154	113
154	113
154	111
154	111
154	111
154	111
154	111
154	111
154	111
154	109
154	109
154	109
154	109
154	109
154	109
154	109
154	109
155	112
155	112
155	112
155	112
155	112
155	112
155	112
155	113
155	113
155	113
155	113
155	113
155	113
155	113
155	116
155	116
155	116
155	116
155	116
155	116
155	116
155	116
156	119
156	119
156	119
156	119
156	119
156	119
156	119
156	117
156	117
156	117
156	117
156	117
156	117
156	117
156	116
156	116
156	116
156	116
156	116
156	116
156	116
156	116
156	119
156	119
156	119
156	119
156	119
156	119
156	119
156	119
156	119
156	119
156	119
156	119
156	119
156	119
155	121
155	121
155	121
155	121
155	121
155	121
155	121
155	121
155	119
155	119
155	119
155	119
155	119
155	119
155	119
154	115
154	115
154	115
154	115
154	115
154	115
154	115
154	115
153	113
153	113
153	113
153	113
153	113
153	113
153	113
153	116
153	116
153	116
153	116
153	116
153	116
153	116
153	114
153	114
153	114
153	114
153	114
153	114
153	114
153	114
153	112
153	112
153	112
153	112
153	112
153	112
153	112
153	110
153	110
153	110
153	110
153	110
153	110
153	110
153	111
153	111
153	111
153	111
153	111
153	111
153	111
153	111
153	112
153	112
153	112
153	112
153	112
153	112
153	112
153	110
153	110
153	110
153	110
153	110
153	110
153	110
153	110
153	108
153	108
153	108
153	108
153	108
153	108
153	108
153	110
154	110
154	110
154	110
154	110
154	110
154	110
154	108
154	108
154	108
154	108
154	108
154	108
154	108
154	108
154	106
154	106
154	106
154	106
154	106
154	106
154	106
154	109
154	109
154	109
154	109
154	109
154	109
154	109
154	112
154	112
154	112
154	112
154	112
154	112
154	112
154	112
154	110
154	110
154	110
154	110
154	110
154	110
154	110
154	114
154	114
154	114
154	114
154	114
154	114
154	114
154	117
154	117
154	117
154	117
154	117
154	117
154	117
154	117
153	120
153	120
153	120
153	120
153	120
153	120
153	120
153	118
153	118
153	118
153	118
153	118
153	118
153	118
153	118
153	121
153	121
153	121
153	121
153	121
153	121
153	121
153	119
153	119
153	119
153	119
153	119
153	119
153	119
152	117
152	117
152	117
152	117
152	117
152	117
152	117
152	117
152	115
152	115
152	115
152	115
152	115
152	115
152	115
151	113
151	113
151	113
151	113
151	113
151	113
151	113
151	112
151	112
151	112
151	112
151	112
151	112
151	112
151	112
151	111
151	111
151	111
151	111
151	111
151	111
151	111
151	114
151	114
151	114
151	114
151	114
151	114
151	114
151	114
151	117
151	117
151	117
151	117
151	117
151	117
151	117
150	113
150	113
150	113
150	113
150	113
150	113
150	113
150	112
150	112
150	112
150	112
150	112
150	112
150	112
150	112
149	114
149	114
148	114
148	114
148	114
148	114
148	114
148	117
148	117
148	117
148	117
148	117
148	117
148	117
148	115
148	115
148	115
148	115
148	115
148	115
148	115
148	115
147	118
147	118
147	118
147	118
147	118
147	118
147	118
147	116
147	116
147	116
147	116
147	116
147	116
147	116
146	116
146	114
146	114
146	114
146	114
146	114
146	114
146	114
145	113
145	113
145	113
145	113
145	113
145	113
145	113
145	115
145	115
145	115
145	115
145	115
145	115
145	115
145	115
145	120
145	120
145	120
145	120
145	120
145	120
145	120
145	123
145	123
145	123
145	123
145	123
145	123
145	123
145	125
145	125
145	125
145	125
145	125
145	125
145	125
145	125
144	127
144	127
144	127
144	127
144	127
144	127
144	127
144	130
144	130
144	130
144	130
144	130
144	130
144	130
144	133
144	133
144	133
144	133
144	133
144	133
144	133
144	133
144	136
144	136
144	136
145	136
145	136
145	136
145	136
145	134
145	134
145	134
145	134
145	134
145	134
145	134
145	134
145	137
145	137
145	137
145	137
145	137
145	137
145	137
145	140
145	140
145	140
145	140
145	140
145	140
145	140
146	139
146	139
146	139
146	139
146	139
146	139
146	139
146	139
146	142
146	142
146	142
146	142
146	142
146	142
146	142
146	146
146	146
146	146
146	146
146	146
146	146
146	146
148	146
148	146
148	146
148	146
148	146
148	146
148	146
148	146
148	146
148	146
148	146
148	146
148	146
148	146
148	146
148	146
148	146
148	146
148	146
148	146
148	146
148	146
148	146
148	146
148	146
148	146
148	146
148	146
148	146
147	146
147	146
147	146
147	146
147	146
147	146
147	146
146	143
146	143
146	143
146	143
146	143
146	143
146	143
146	143
144	145
144	145
144	145
144	145
144	145
144	145
144	145
143	144
143	144
143	144
143	144
143	144
143	144
143	144
143	144
143	144
143	144
143	144
143	144
143	144
143	144
143	144
142	145
142	145
142	145
142	145
142	145
142	145
142	145
142	143
142	143
142	143
142	143
142	143
142	143
142	143
141	142
141	142
141	142
141	142
141	142
141	142
141	142
141	141
141	141
141	141
141	141
141	141
141	141
141	141
140	140
140	140
140	140
140	140
140	140
140	140
140	140
140	140
141	140
141	140
141	140
141	140
141	140
141	140
141	139
141	139
141	139
141	139
141	139
141	139
141	139
141	140
141	140
141	140
141	140
141	140
141	140
141	140
141	140
141	141
141	141
141	141
141	141
141	141
142	141
142	141
142	142
142	142
142	142
142	142
142	142
142	142
142	142
142	140
142	140
142	140
142	140
142	140
142	140
142	140
142	140
143	140
143	140
143	140
143	140
143	140
143	140
143	140
144	140
144	140
144	140
144	140
144	140
144	140
144	140
144	140
144	140
144	140
144	140
144	140
144	140
144	140
145	140
145	140
145	140
145	140
145	140
145	140
145	140
145	142
145	142
145	142
145	142
145	142
145	142
145	142
145	143
145	143
145	143
145	143
145	143
145	143
145	143
146	144
146	144
146	144
146	144
146	144
146	144
146	144
147	146
147	146
147	146
147	146
147	146
147	146
147	146
148	146
148	146
148	146
148	146
148	146
148	146
148	146
148	146
148	146
148	146
148	146
148	146
148	146
148	146
147	146
147	146
147	146
147	146
147	146
147	146
147	146
147	146
147	146
147	146
147	146
147	146
147	146
146	145
146	145
146	145
146	145
146	145
146	145
146	145
143	145
143	145
143	145
143	145
143	145
143	145
143	145
143	143
143	143
143	143
143	143
143	143
143	143
143	143
143	143
143	143
143	143
142	143
142	143
142	143
142	143
141	141
141	141
141	141
141	141
141	141
141	141
141	142
141	142
141	142
141	142
141	142
141	142
141	142
141	141
141	141
141	141
141	141
141	141
141	141
141	141
141	141
140	139
140	139
140	139
140	139
140	139
140	139
140	140
140	140
140	140
140	140
140	140
140	140
140	140
140	139
140	139
140	139
140	139
140	139
140	139
140	139
140	140
140	140
140	140
140	140
140	140
140	140
140	140
140	137
140	137
140	137
140	137
140	137
140	137
140	137
140	138
140	138
140	138
140	138
140	138
140	138
140	138
140	138
140	137
140	137
140	137
140	137
140	137
140	137
140	137
141	138
141	138
141	138
141	138
141	138
141	138
141	138
141	138
141	138
141	138
141	138
141	138
141	138
141	138
141	138
141	139
141	139
141	139
141	139
141	139
141	139
141	139
142	138
142	138
142	138
142	138
142	138
142	138
142	138
142	138
143	141
143	141
143	141
143	141
143	141
143	141
143	141
144	141
144	141
144	141
144	141
144	141
144	141
144	141
144	143
144	143
144	143
144	143
144	143
144	143
144	143
144	143
144	143
144	143
144	143
144	143
144	143
144	143
144	143
144	144
144	144
144	144
144	144
144	144
144	144
144	144
144	143
144	143
144	143
144	143
144	143
144	143
144	143
144	143
144	144
144	144
144	144
144	144
144	144
144	144
144	144
143	143
143	143
143	143
143	143
143	143
143	143
143	143
143	142
143	142
143	142
143	142
143	142
143	142
143	142
143	142
143	142
143	142
143	142
143	142
143	142
143	142
143	142
143	142
143	142
143	142
143	142
143	142
143	142
143	142
143	142
142	145
142	145
142	145
142	145
142	145
142	145
142	145
143	143
143	143
143	143
143	143
143	143
143	143
143	143
143	141
143	141
143	141
143	141
143	141
143	141
143	141
143	141
143	139
143	139
143	139
143	139
143	139
143	139
143	139
143	140
143	140
143	140
143	140
143	140
143	140
143	140
143	141
143	141
143	141
143	141
143	141
143	141
143	141
143	141
143	141
143	141
143	141
143	141
143	141
143	141
143	141
143	143
143	143
143	143
143	143
143	143
143	143
143	143
145	144
145	144
145	144
145	144
145	144
145	144
145	144
145	144
145	145
145	145
145	145
145	145
145	145
145	145
145	145
145	143
145	143
145	143
145	143
145	143
145	143
145	143
145	143
145	144
145	144
145	144
145	144
145	144
145	144
145	144
145	144
145	144
145	144
145	144
145	144
145	144
145	144
145	143
145	143
145	143
145	143
145	143
145	143
145	143
145	143
144	143
144	143
144	143
144	143
144	143
144	143
144	143
144	143
144	143
144	143
144	143
144	143
144	143
144	143
144	143
144	143
144	143
144	143
144	143
144	143
144	143
144	143
143	143
143	143
143	143
143	143
143	143
143	143
143	143
143	143
143	143
143	143
143	143
143	143
143	143
143	143
143	142
143	142
143	142
143	142
143	142
143	142
143	142
143	142
