87	0
87	0
87	0
87	0
87	0
87	0
86	0
86	0
86	0
86	0
86	0
86	0
86	0
85	0
85	0
85	0
85	0
85	0
85	0
85	0
84	0
84	0
84	0
84	0
84	0
84	0
84	0
84	0
84	0
84	0
84	0
84	0
84	0
84	0
84	0
85	0
85	0
85	0
85	0
85	0
85	0
85	0
85	0
86	65
86	65
86	65
86	65
86	65
86	65
86	65
86	65
86	65
86	65
86	65
86	65
86	65
86	65
86	65
85	64
85	64
85	64
85	64
85	64
85	64
85	64
85	67
85	67
85	67
85	67
85	67
85	67
85	67
85	67
86	65
86	65
86	65
86	65
86	65
86	65
86	65
86	65
86	65
86	65
86	65
86	65
86	65
86	65
86	65
86	65
86	65
86	65
86	65
86	65
86	65
86	65
86	67
86	67
86	67
86	67
86	67
86	67
86	67
86	67
86	70
86	70
86	70
86	70
86	70
86	70
86	70
87	73
87	73
87	73
87	73
87	73
87	73
87	73
87	73
87	77
87	77
87	77
87	77
87	77
87	77
87	77
88	77
88	77
88	77
88	77
88	77
90	77
90	77
90	77
90	78
91	78
91	78
91	78
91	78
91	78
91	78
92	81
92	81
92	81
92	81
92	81
92	81
92	81
92	81
92	84
92	84
94	84
94	84
94	84
94	84
94	84
95	82
95	82
95	82
95	82
95	82
95	82
95	82
95	82
97	80
97	80
97	80
97	80
97	80
97	80
97	80
100	83
100	83
100	83
100	83
100	83
100	83
100	83
100	83
101	86
101	86
101	86
101	86
101	86
102	86
102	86
103	85
103	85
103	85
103	85
103	85
103	85
103	85
103	85
104	88
104	88
104	88
104	88
104	88
104	88
104	88
105	93
105	93
105	93
105	93
105	93
105	93
105	93
105	93
106	93
106	93
106	93
106	93
106	93
106	93
106	93
106	96
106	96
106	96
106	96
106	96
106	96
106	96
106	96
106	93
106	93
106	93
106	93
106	93
106	93
106	93
106	96
106	96
106	96
106	96
106	96
106	96
106	96
106	96
107	99
107	99
107	99
107	99
107	99
107	99
107	99
107	99
107	99
107	99
107	99
107	99
107	99
107	99
107	99
108	102
108	102
108	102
108	102
108	102
108	102
108	102
108	105
108	105
108	105
108	105
108	105
108	105
108	105
108	105
109	109
109	109
109	109
109	109
109	109
109	109
109	109
110	109
110	109
110	109
110	109
110	109
110	109
110	109
110	109
111	110
111	110
111	110
111	110
111	110
111	110
111	110
112	108
112	108
112	108
112	108
112	108
112	108
113	108
113	108
115	106
115	106
115	106
115	106
115	106
115	106
115	106
116	109
116	109
116	109
116	109
116	109
116	109
116	109
116	109
117	109
117	109
117	109
117	109
117	109
117	109
117	109
119	109
119	109
119	109
119	109
119	109
119	109
119	109
119	109
120	112
121	112
121	112
121	112
121	112
121	112
121	112
122	115
122	115
122	115
122	115
122	115
122	115
122	115
122	115
122	114
122	114
122	114
122	114
122	114
122	114
122	114
123	111
123	111
123	111
123	111
123	111
123	111
123	111
123	111
123	112
123	112
123	112
123	112
123	112
123	112
123	112
123	111
123	111
123	111
123	111
123	111
123	111
123	111
123	111
123	111
123	111
123	111
123	111
123	111
123	111
123	111
123	109
123	109
123	109
123	109
123	109
123	109
123	109
123	109
123	107
123	107
123	107
123	107
123	107
123	107
123	107
123	108
123	108
123	108
123	108
123	108
123	108
123	108
123	108
123	112
123	112
123	112
123	112
123	112
123	112
123	112
123	110
123	110
123	110
123	110
123	110
123	110
123	110
123	110
123	114
123	114
123	114
123	114
123	114
123	114
123	114
123	112
123	112
123	112
123	112
123	112
123	112
123	112
123	112
123	110
123	110
123	110
123	110
123	110
123	110
123	110
124	108
124	108
124	108
124	108
124	108
124	108
124	108
124	108
124	113
124	113
124	113
124	113
124	113
124	113
124	113
124	111
124	111
124	111
124	111
124	111
124	111
124	111
124	111
125	112
125	112
125	112
125	112
125	112
125	112
125	112
125	110
125	110
125	110
125	110
125	110
125	110
125	110
125	110
125	109
125	109
125	109
125	109
125	109
125	109
125	109
125	110
125	110
125	110
125	110
125	110
125	110
125	110
125	110
126	108
126	108
126	108
126	108
126	108
126	108
126	108
126	106
126	106
126	106
126	106
126	106
126	106
126	106
127	106
127	104
127	104
127	104
127	104
127	104
127	104
127	104
127	107
127	107
127	107
127	107
127	107
127	107
127	107
127	107
128	105
128	105
128	105
128	105
128	105
128	105
128	105
129	101
129	101
129	101
129	101
129	101
129	101
129	101
129	101
129	106
129	106
129	106
129	106
129	106
129	106
129	106
130	102
130	102
130	102
130	102
130	102
130	102
130	102
130	102
131	107
131	107
131	107
131	107
131	107
131	107
131	107
132	105
132	105
132	105
132	105
132	105
132	105
132	105
132	105
132	103
132	103
132	103
132	103
132	103
132	103
132	103
132	103
132	101
132	101
132	101
132	101
132	101
132	101
132	101
133	100
133	100
133	100
133	100
133	100
133	100
133	100
133	100
133	99
133	99
133	99
133	99
133	99
133	99
133	99
134	97
134	97
134	97
134	97
134	97
134	97
134	97
134	97
134	101
134	101
134	101
134	101
134	101
134	101
134	101
134	101
134	101
134	101
134	101
134	101
134	101
134	101
134	101
134	106
135	106
135	106
135	106
135	106
135	106
135	106
135	109
135	109
135	109
135	109
135	109
135	109
135	109
135	109
135	107
135	107
135	107
135	107
135	107
135	107
135	107
135	105
135	105
135	105
135	105
135	105
135	105
135	105
135	105
134	103
134	103
134	103
134	103
134	103
134	103
134	103
134	107
134	107
134	107
134	107
134	107
134	107
134	107
134	107
133	105
133	105
133	105
133	105
133	105
133	105
133	105
133	106
133	106
133	106
133	106
133	106
133	106
133	106
133	106
133	107
133	107
133	107
133	107
133	107
133	107
133	107
132	105
132	105
132	105
132	105
132	105
132	105
132	105
132	105
132	107
132	107
132	107
132	107
132	107
132	107
132	107
132	105
132	105
132	105
132	105
132	105
132	105
132	105
132	105
132	106
132	106
132	106
132	106
132	106
132	106
132	106
132	104
132	104
132	104
132	104
132	104
132	104
132	104
132	104
131	105
131	105
131	105
131	105
131	105
131	105
131	105
131	108
131	108
131	108
131	108
131	108
131	108
131	108
131	108
130	106
130	106
130	106
130	106
130	106
130	106
130	106
130	104
130	104
130	104
130	104
130	104
130	104
130	104
130	104
129	102
129	102
129	102
129	102
129	102
129	102
129	102
129	105
129	105
129	105
129	105
129	105
129	105
129	105
129	105
129	106
129	106
129	106
129	106
129	106
129	106
129	106
129	108
129	108
129	108
129	108
129	108
129	108
129	108
129	108
129	107
129	107
129	107
129	107
129	107
129	107
129	107
130	105
130	105
130	105
130	105
130	105
130	105
130	105
130	105
130	106
130	106
130	106
130	106
130	106
130	106
130	106
130	105
130	105
130	105
130	105
130	105
130	105
130	105
130	105
131	103
131	103
131	103
131	103
131	103
131	103
131	103
131	106
131	106
131	106
131	106
131	106
131	106
131	106
131	106
131	106
131	106
131	106
131	106
131	106
131	106
131	106
131	107
131	107
131	107
131	107
131	107
131	107
131	107
131	107
131	110
131	110
131	110
131	110
131	110
131	110
131	110
131	106
131	106
131	106
131	106
131	106
131	106
131	106
131	108
131	108
131	108
131	108
131	108
131	108
131	108
131	108
132	107
132	107
132	107
132	107
132	107
132	107
132	107
132	107
132	107
132	107
132	107
132	107
132	107
132	107
132	107
132	107
132	107
132	107
132	107
132	107
132	107
132	107
132	106
132	106
132	106
132	106
132	106
132	106
132	106
132	106
133	109
133	109
133	109
133	109
133	109
133	109
133	109
132	106
132	106
132	106
132	106
132	106
132	106
132	106
132	106
133	110
133	110
133	110
133	110
133	110
133	110
133	110
133	107
133	107
133	107
133	107
133	107
133	107
133	107
133	107
133	112
133	112
133	112
133	112
133	112
133	112
133	112
133	115
133	115
133	115
133	115
133	115
133	115
133	115
133	115
133	112
133	112
133	112
133	112
133	112
133	112
133	112
133	110
133	110
133	110
133	110
133	110
133	110
133	110
133	110
133	108
133	108
133	108
133	108
133	108
134	108
134	108
134	112
134	112
134	112
134	112
134	112
134	112
134	112
134	112
134	110
134	110
134	110
134	110
134	110
134	110
134	110
133	108
133	108
133	108
133	108
133	108
133	108
133	108
133	108
133	106
133	106
133	106
133	106
133	106
133	106
133	106
133	104
133	104
133	104
133	104
133	104
133	104
133	104
133	104
133	101
133	101
133	101
133	101
133	101
133	101
133	101
133	104
133	104
133	104
133	104
133	104
133	104
133	104
133	104
133	104
133	104
133	104
133	104
133	104
133	104
133	104
133	102
133	102
133	102
133	102
133	102
133	102
133	102
133	102
133	100
133	100
133	100
133	100
133	100
133	100
133	100
132	103
132	103
132	103
132	103
132	103
132	103
132	103
132	103
132	106
132	106
132	106
132	106
132	106
132	106
132	106
131	111
131	111
131	111
131	111
131	111
131	111
131	111
131	111
129	115
129	115
129	115
129	115
129	115
129	115
129	115
128	113
128	113
128	113
128	113
128	113
128	113
127	113
127	113
127	111
127	111
127	111
127	111
127	111
127	111
127	111
128	114
128	114
128	114
128	114
128	114
128	114
128	114
128	114
129	117
129	117
129	117
129	117
129	117
129	117
129	117
130	116
130	116
130	116
130	116
130	116
130	116
130	116
130	116
130	116
132	116
132	116
132	116
132	116
132	116
132	116
132	116
132	116
132	116
132	116
132	116
132	116
132	116
132	116
133	114
133	114
133	114
133	114
133	114
133	114
133	114
133	112
133	112
133	112
133	112
133	112
133	112
133	112
133	112
134	110
134	110
134	110
134	110
134	110
134	110
134	110
134	114
134	114
134	114
134	114
134	114
134	114
134	114
134	114
134	113
134	113
134	113
134	113
134	113
134	113
134	113
134	112
134	112
134	112
134	112
134	112
134	112
134	112
134	112
134	113
134	113
134	113
134	113
134	113
134	113
134	113
134	115
134	115
134	115
134	115
134	115
134	115
134	115
134	115
134	118
134	118
134	118
134	118
134	118
134	118
134	118
134	116
134	116
134	116
134	116
134	116
134	116
134	116
134	116
134	117
134	117
134	117
134	117
134	117
134	117
134	117
134	120
134	120
134	120
134	120
134	120
134	120
134	120
134	120
133	121
133	121
133	121
133	121
133	121
133	121
133	121
133	123
133	123
133	123
133	123
133	123
133	123
133	123
133	123
133	126
133	126
133	126
133	126
133	126
133	126
133	126
133	133
133	133
133	133
133	133
133	133
133	133
133	133
133	133
133	133
133	133
133	133
133	133
133	133
133	133
133	133
133	131
133	131
133	131
133	131
133	131
133	131
133	131
133	131
133	133
133	133
133	133
133	133
133	133
133	133
133	133
133	131
133	131
133	131
133	131
133	131
133	131
133	131
133	131
133	129
133	129
133	129
133	129
133	129
133	129
133	129
133	125
133	125
133	125
133	125
133	125
133	125
133	125
133	125
133	123
133	123
133	123
133	123
133	123
133	123
133	123
134	121
134	121
134	121
134	121
134	121
134	121
134	121
134	121
134	119
134	119
134	119
134	119
134	119
134	119
134	119
135	122
135	122
135	122
135	122
135	122
135	122
135	122
135	122
135	125
135	125
135	125
135	125
135	125
135	125
135	125
135	128
135	128
135	128
135	128
135	128
135	128
135	128
135	128
136	131
136	131
136	131
136	131
136	131
136	131
136	131
136	136
136	136
136	136
136	136
136	136
136	136
136	136
136	136
136	135
136	135
136	135
136	135
136	135
136	135
136	135
136	137
136	137
136	137
136	137
136	137
136	137
136	137
136	137
135	135
135	135
135	135
135	135
135	135
135	135
135	135
135	135
135	135
135	135
135	135
135	135
135	135
135	135
135	137
135	137
135	137
135	137
135	137
135	137
135	137
135	137
136	136
136	136
136	136
136	136
136	136
136	136
136	136
136	134
136	134
136	134
136	134
136	134
136	134
136	134
136	134
137	137
137	137
137	137
137	137
137	137
137	137
137	137
137	135
137	135
137	135
137	135
137	135
137	135
137	135
137	135
137	133
137	133
137	133
137	133
137	133
137	133
137	133
137	135
137	135
137	135
137	135
137	135
137	135
137	135
137	135
137	137
137	137
137	137
137	137
137	137
137	137
137	137
137	135
137	135
137	135
137	135
137	135
137	135
137	135
137	135
138	137
138	137
138	137
138	137
138	137
138	137
138	137
138	138
138	138
138	138
138	138
138	138
138	138
138	138
138	138
138	138
138	138
138	138
138	138
138	138
138	138
138	138
139	138
139	138
139	138
139	138
139	138
139	138
139	138
139	138
138	136
138	136
138	136
138	136
138	136
138	136
138	136
139	134
139	134
139	134
139	134
139	134
139	134
139	134
139	134
139	139
139	139
139	139
139	139
139	139
139	139
139	139
139	139
139	139
139	139
139	139
139	139
139	139
139	139
139	139
139	140
139	140
139	140
139	140
139	140
139	140
139	140
139	139
139	139
139	139
139	139
139	139
139	139
139	139
139	139
139	140
139	140
139	140
139	140
139	140
139	140
139	140
139	138
139	138
139	138
139	138
139	138
139	138
139	138
139	138
139	138
139	138
139	138
139	138
139	138
139	138
139	138
140	139
140	139
140	139
140	139
140	139
140	139
140	139
140	139
140	134
140	134
140	134
140	134
140	134
140	134
140	134
140	137
140	137
140	137
140	137
140	137
140	137
140	137
140	137
140	137
140	137
140	137
140	137
140	137
140	137
140	137
140	141
140	141
140	141
140	141
140	141
140	141
140	141
140	141
140	142
140	142
140	142
140	142
140	142
140	142
140	142
140	141
140	141
140	141
140	141
140	141
140	141
140	141
140	141
140	141
140	141
140	141
140	141
140	141
140	141
140	141
140	141
140	141
140	141
140	141
140	141
140	141
140	141
140	141
141	141
141	141
141	141
141	141
141	141
141	141
141	141
141	141
141	141
141	141
141	141
141	141
141	141
141	141
141	141
141	141
141	141
141	141
141	141
141	141
141	141
141	141
142	142
142	142
142	142
142	142
142	142
142	142
142	142
142	142
142	142
142	142
142	142
142	142
142	142
143	142
143	142
143	142
143	142
143	142
143	142
143	142
143	142
143	142
143	142
143	142
143	142
143	142
143	142
143	142
143	142
143	142
142	142
142	142
142	142
142	142
142	142
142	142
142	142
142	140
142	140
142	140
142	140
142	140
142	140
142	140
142	140
142	140
142	140
142	140
142	140
142	140
142	140
142	140
142	140
142	140
142	140
142	140
142	140
142	140
142	140
142	140
142	143
142	143
142	143
142	143
142	143
142	143
142	143
142	143
142	143
142	143
142	143
142	143
142	143
142	143
142	143
142	143
142	143
142	143
142	143
142	143
142	143
142	143
141	146
141	146
141	146
141	146
141	146
141	146
141	146
141	146
142	144
142	144
142	144
142	144
142	144
142	144
142	144
141	142
141	142
141	142
141	142
141	142
141	142
141	142
141	142
141	141
141	141
141	141
141	141
141	141
141	141
141	141
140	141
140	141
140	141
140	141
140	141
140	141
140	141
140	141
140	140
140	140
140	140
140	140
140	140
140	140
140	140
140	140
140	140
140	140
140	140
140	140
140	140
140	140
140	140
140	137
140	137
140	137
140	137
140	137
140	137
140	137
140	137
140	137
140	137
140	137
140	137
140	137
140	137
140	137
140	136
140	136
140	136
140	136
140	136
140	136
140	136
140	139
140	139
140	139
140	139
140	139
140	139
140	139
140	139
140	140
140	140
140	140
140	140
140	140
140	140
140	140
140	141
140	141
140	141
140	141
140	141
140	141
140	141
140	141
141	141
141	141
141	141
141	141
141	141
141	141
141	141
141	142
141	142
141	142
141	142
141	142
141	142
141	142
141	142
141	142
141	142
141	142
141	142
141	142
141	142
141	142
141	141
141	141
141	141
141	141
141	141
141	141
141	141
141	141
141	142
141	142
141	142
141	142
141	142
141	142
141	142
141	141
141	141
141	141
141	141
141	141
141	141
142	141
142	141
142	141
142	141
142	141
142	141
142	141
142	141
142	141
141	139
141	139
141	139
141	139
141	139
141	139
141	139
142	141
142	141
142	141
142	141
142	141
142	141
142	141
142	141
142	139
142	139
142	139
142	139
142	139
142	139
142	139
142	139
142	139
142	139
142	139
142	139
142	139
142	139
142	139
142	137
142	137
142	137
142	137
142	137
142	137
142	137
141	138
141	138
141	138
141	138
141	138
141	138
141	138
141	138
141	138
141	138
141	138
141	138
141	138
141	138
141	138
141	142
141	142
141	142
141	142
141	142
141	142
141	142
141	142
141	141
141	141
141	141
141	141
141	141
141	141
141	141
141	142
141	142
141	142
141	142
141	142
141	142
141	142
141	142
141	142
141	142
141	142
141	142
141	142
141	142
141	142
141	143
141	143
141	143
141	143
141	143
141	143
141	143
141	143
141	142
141	142
141	142
141	142
141	142
141	142
141	142
141	142
141	142
141	142
141	142
141	142
141	142
141	142
141	142
141	141
141	141
141	141
141	141
141	141
141	141
141	141
141	140
141	140
141	140
141	140
141	140
141	140
141	140
141	140
140	140
140	140
140	140
140	140
140	140
140	140
140	140
140	140
140	140
140	140
140	140
140	140
140	140
140	140
140	140
141	140
141	140
141	140
141	140
141	140
141	140
141	140
140	138
140	138
140	138
140	138
140	138
140	138
140	138
140	138
140	138
140	138
140	138
140	138
140	138
140	138
140	138
140	137
140	137
140	137
140	137
140	137
140	137
140	137
140	137
140	137
140	137
140	137
140	137
140	137
140	137
140	137
140	140
140	140
140	140
140	140
140	140
140	140
140	140
140	140
140	140
140	140
140	140
140	140
140	140
140	140
140	140
140	140
140	140
140	140
140	140
140	140
140	140
140	140
140	140
139	140
139	140
139	140
139	140
139	140
139	140
139	140
139	141
139	141
139	141
139	141
139	141
139	141
139	141
139	141
139	141
139	141
139	141
139	141
139	141
139	141
139	141
140	140
139	140
139	140
139	140
139	140
139	140
139	140
139	139
139	139
139	139
139	139
139	139
139	139
139	139
139	139
139	140
139	140
139	140
139	140
139	140
139	140
139	140
140	136
140	136
140	136
140	136
140	136
140	136
140	136
140	136
140	136
140	136
140	136
140	136
140	136
140	136
140	136
140	137
140	137
140	137
140	137
140	137
140	137
140	137
140	137
140	138
140	138
140	138
140	138
140	138
140	138
140	138
140	141
140	141
140	141
140	141
140	141
140	141
140	141
140	141
141	141
141	141
141	141
141	141
141	141
141	141
141	141
140	141
140	141
140	141
140	141
140	141
140	141
140	141
140	141
141	141
141	141
141	141
141	141
141	141
141	141
141	141
141	141
141	141
141	141
141	141
141	141
141	141
141	141
141	141
141	141
141	141
141	141
141	141
141	141
141	141
141	141
141	140
141	140
141	140
141	140
141	140
141	140
141	140
141	140
141	141
141	141
141	141
141	141
141	141
141	141
141	141
141	141
141	141
141	141
141	141
141	141
141	141
141	141
141	141
141	138
141	138
141	138
141	138
141	138
141	138
141	138
142	139
142	139
142	139
142	139
142	139
142	139
142	139
142	139
142	139
142	139
142	139
142	139
142	139
142	139
142	139
142	140
142	140
142	140
142	140
142	140
142	140
142	140
142	140
142	144
142	144
142	144
142	144
142	144
142	144
142	144
142	143
142	143
142	143
142	143
142	143
142	143
142	143
142	143
142	143
142	143
142	143
142	143
142	143
142	143
142	143
142	142
142	142
142	142
142	142
142	142
142	142
142	142
142	142
142	142
142	142
142	142
142	142
142	142
142	142
142	142
142	142
142	142
142	142
142	142
142	142
142	142
142	142
142	142
143	142
143	142
143	142
143	142
143	142
143	142
143	142
143	143
143	143
143	143
143	143
143	143
143	143
143	143
142	143
142	143
142	143
142	143
142	143
142	143
142	143
142	143
142	140
142	140
142	140
142	140
142	140
142	140
142	140
142	140
142	140
142	140
142	140
142	140
142	140
142	140
142	140
142	140
142	140
142	140
142	140
142	140
142	140
142	140
143	144
143	144
143	144
143	144
143	144
143	144
143	144
143	144
143	143
143	143
143	143
143	143
143	143
143	143
143	143
143	143
143	143
143	143
143	143
143	143
143	143
143	143
143	143
143	143
143	143
143	143
143	143
143	143
143	143
143	143
143	143
143	143
143	143
143	143
143	143
143	143
143	143
143	143
143	143
143	143
143	143
143	143
143	143
143	143
143	143
142	143
142	143
142	143
142	143
142	143
142	143
142	143
142	143
142	142
142	142
142	142
142	142
142	142
142	142
142	142
142	143
142	143
142	143
142	143
142	143
142	143
142	143
142	143
142	142
142	142
143	142
143	142
143	142
143	142
143	142
142	139
142	139
142	139
142	139
142	139
142	139
142	139
142	139
142	140
142	140
142	140
142	140
142	140
142	140
142	140
142	140
142	140
142	140
142	140
142	140
142	140
142	140
142	140
142	143
142	143
142	143
142	143
142	143
142	143
142	143
141	143
141	143
141	143
141	143
141	143
141	143
141	143
141	143
141	141
141	141
141	141
141	141
141	141
141	141
141	141
141	140
141	140
141	140
141	140
141	140
141	140
141	140
141	140
140	141
140	141
140	141
140	141
140	141
140	141
140	141
139	139
139	139
139	139
139	139
139	139
139	139
139	139
139	139
139	139
139	139
139	139
139	139
139	139
139	139
139	139
139	139
140	139
140	139
140	139
140	139
140	139
140	139
140	140
140	140
140	140
140	140
140	140
140	140
140	140
140	140
140	140
140	140
140	140
140	140
140	140
140	140
140	140
140	137
140	137
140	137
140	137
140	137
140	137
140	137
140	137
140	139
140	139
140	139
140	139
140	139
140	139
140	139
140	137
140	137
140	137
140	137
140	137
140	137
140	137
140	137
140	141
140	141
140	141
140	141
140	141
140	141
140	141
140	140
140	140
140	140
140	140
140	140
140	140
140	140
140	140
140	141
140	141
140	141
140	141
140	141
140	141
140	141
141	142
141	142
141	142
141	142
141	142
141	142
141	142
141	142
141	141
141	141
141	141
141	141
141	141
141	141
141	141
142	142
142	142
142	142
142	142
142	142
142	142
142	142
142	142
143	142
143	142
143	142
143	142
143	142
143	142
143	142
143	140
143	140
143	140
143	140
143	140
143	140
143	140
143	140
144	143
144	143
144	143
144	143
144	143
144	143
144	143
144	141
144	141
144	141
144	141
144	141
144	141
144	141
144	141
144	141
144	141
144	141
144	141
144	141
144	141
144	141
144	144
144	144
144	144
144	144
144	144
144	144
144	144
144	144
145	141
145	141
145	141
145	141
145	141
145	141
145	141
145	142
145	142
145	142
145	142
145	142
145	142
145	142
145	142
145	140
145	140
145	140
145	140
145	140
145	140
145	140
145	143
145	143
145	143
145	143
145	143
145	143
145	143
145	143
146	145
146	145
146	145
146	145
146	145
146	145
146	145
146	143
146	143
146	143
146	143
146	143
146	143
146	143
146	143
146	146
146	146
146	146
146	146
146	146
146	146
146	146
146	147
146	147
146	147
146	147
146	147
146	147
146	147
146	143
146	143
146	143
146	143
146	143
146	143
146	143
146	143
146	144
146	144
146	144
146	144
146	144
146	144
146	144
146	144
146	144
146	144
146	144
146	144
146	144
146	144
146	144
146	147
146	147
146	147
146	147
146	147
146	147
146	147
146	145
146	145
146	145
146	145
146	145
146	145
146	145
146	145
145	146
145	146
145	146
145	146
145	146
145	146
145	146
145	145
145	145
145	145
145	145
145	145
145	145
145	145
145	145
145	146
145	146
145	146
145	146
145	146
145	146
145	146
145	145
145	145
145	145
145	145
145	145
145	145
145	145
145	145
144	145
144	145
144	145
144	145
144	145
144	145
144	145
144	144
144	144
144	144
144	144
144	144
144	144
144	144
144	144
144	147
144	147
144	147
144	147
144	147
144	147
144	147
144	145
144	145
144	145
144	145
144	145
144	145
144	145
144	145
144	141
144	141
144	141
144	141
144	141
144	141
144	141
144	141
144	141
144	141
144	141
144	141
144	141
144	141
144	141
144	142
144	142
144	142
144	142
144	142
144	142
144	142
144	144
144	144
144	144
144	144
144	144
144	144
144	144
144	144
144	144
144	144
144	144
144	144
143	144
143	144
143	144
143	144
143	144
143	144
143	144
143	144
143	144
143	144
143	144
142	142
142	142
142	142
142	142
142	142
142	142
142	142
143	143
143	143
143	143
143	143
143	143
143	143
143	143
143	143
142	140
142	140
142	140
142	140
142	140
143	140
143	140
143	143
143	143
143	143
143	143
143	143
143	143
143	143
143	144
143	144
143	144
143	144
143	144
143	144
143	144
143	144
143	143
143	143
143	143
143	143
143	143
143	143
143	143
143	144
143	144
143	144
143	144
143	144
143	144
143	144
143	144
144	140
144	140
144	140
144	140
144	140
144	140
144	140
144	143
144	143
144	143
144	143
144	143
144	143
144	143
144	143
144	141
144	141
143	141
143	141
143	141
143	141
143	141
143	142
143	142
143	142
143	142
143	142
143	142
143	142
143	142
143	142
143	142
143	142
143	142
143	142
143	142
143	142
143	142
143	142
143	142
143	142
143	142
143	142
143	142
143	142
144	142
144	142
144	142
144	142
144	142
144	142
144	142
144	143
144	143
144	143
144	143
144	143
144	143
144	143
144	143
144	143
144	143
144	143
144	143
144	143
144	143
144	143
144	140
144	140
144	140
144	140
144	140
144	140
144	140
144	140
144	143
144	143
144	143
144	143
144	143
144	143
144	143
145	142
145	142
145	142
145	142
145	142
145	142
145	142
145	142
145	143
145	143
145	143
145	143
145	143
145	143
145	143
145	149
145	149
145	149
145	149
145	149
145	149
145	149
145	149
145	147
145	147
145	147
145	147
145	147
145	147
145	147
145	146
145	146
145	146
145	146
145	146
145	146
145	146
145	146
145	145
145	145
145	145
145	145
145	145
145	145
145	145
145	145
145	145
145	145
145	145
145	145
145	145
145	145
146	145
146	145
146	145
146	145
146	145
146	145
146	145
146	145
145	144
145	144
145	144
145	144
145	144
145	144
145	144
146	144
146	144
146	144
146	144
146	144
146	144
146	144
146	144
146	145
146	145
146	145
146	145
146	145
146	145
146	145
146	147
146	147
146	147
146	147
146	147
146	147
146	147
146	147
146	145
146	145
146	145
146	145
146	145
146	145
146	145
147	143
147	143
147	143
147	143
147	143
147	143
147	143
147	143
147	147
147	147
147	147
147	147
147	147
147	147
147	147
147	147
147	147
147	147
147	147
147	147
147	147
147	147
147	147
147	147
147	147
147	147
147	147
147	147
147	147
147	147
147	147
147	147
147	147
147	147
147	147
147	147
147	147
147	147
147	144
147	144
147	144
147	144
147	144
147	144
147	144
146	144
146	144
146	144
146	144
146	144
146	144
146	144
146	144
146	143
146	143
146	143
146	143
146	143
146	143
146	143
146	147
146	147
146	147
146	147
146	147
146	147
146	147
146	147
146	147
146	147
146	147
146	147
146	147
146	147
146	147
145	146
145	146
145	146
145	146
145	146
145	146
145	146
145	146
145	146
145	146
145	146
145	146
145	146
145	146
145	146
145	146
145	146
145	146
145	146
145	146
145	146
145	146
145	146
144	145
144	145
144	145
144	145
144	145
144	145
144	145
144	143
144	143
144	143
144	143
144	143
144	143
144	143
145	141
145	141
145	141
145	141
145	141
145	141
145	141
145	141
145	142
145	142
145	142
145	142
145	142
145	142
145	142
145	142
145	142
145	142
145	142
145	142
145	142
145	142
145	142
146	145
146	145
146	145
146	145
146	145
146	145
146	145
146	146
146	146
146	146
146	146
146	146
146	146
146	146
146	146
146	147
146	147
146	147
146	147
146	147
146	147
146	147
147	147
147	147
147	147
147	147
147	147
147	147
147	147
147	147
147	148
147	148
147	148
147	148
147	148
147	148
147	148
147	146
147	146
147	146
147	146
147	146
147	146
147	146
147	146
149	149
149	149
149	149
149	149
149	149
149	149
149	149
149	149
149	149
149	149
149	149
149	149
149	149
149	149
149	149
150	150
150	150
150	150
150	150
150	150
150	150
150	150
151	147
151	147
151	147
151	147
151	147
151	147
151	147
151	147
151	148
152	148
152	148
152	148
152	148
152	148
152	148
152	146
152	146
152	146
152	146
152	146
152	146
152	146
152	146
152	142
152	142
152	142
152	142
152	142
152	142
152	142
152	148
152	148
152	148
152	148
152	148
152	148
152	148
152	148
152	152
152	152
152	152
152	152
151	152
151	152
151	152
151	152
151	152
151	152
151	152
151	152
151	152
151	152
151	147
151	147
151	147
151	147
151	147
151	147
151	147
151	147
150	147
150	147
150	147
150	147
150	147
150	147
150	147
150	147
150	147
150	147
150	147
150	147
150	147
149	147
149	147
149	148
149	148
149	148
149	148
149	148
149	148
149	148
149	146
149	146
149	146
149	146
149	146
149	146
149	146
149	146
148	144
148	144
148	144
148	144
148	144
148	144
148	144
147	148
147	148
147	148
147	148
147	148
147	148
147	148
147	148
146	148
146	148
146	148
146	148
146	148
146	148
146	148
146	147
146	147
146	147
146	147
146	147
146	147
146	147
146	147
145	147
145	147
145	147
145	147
145	147
145	147
145	147
145	143
145	143
145	143
145	143
145	143
145	143
145	143
145	143
145	142
145	142
145	142
145	142
145	142
145	142
145	142
145	141
145	141
145	141
145	141
145	141
145	141
145	141
145	141
145	143
145	143
145	143
145	143
145	143
145	143
145	143
144	144
144	144
144	144
144	144
144	144
144	144
144	144
144	144
144	145
144	145
144	145
144	145
144	145
144	145
144	145
144	145
144	145
144	145
144	145
144	145
144	145
144	145
144	145
144	145
144	145
144	145
144	145
144	145
144	145
144	145
145	145
145	145
145	145
145	145
145	145
145	145
145	145
145	143
145	143
145	143
145	143
145	143
145	143
145	143
145	143
145	144
145	144
145	144
145	144
145	144
145	144
145	144
145	142
145	142
145	142
145	142
145	142
145	142
145	142
145	142
145	145
145	145
145	145
145	145
145	145
145	145
145	145
145	145
145	145
145	145
145	145
145	145
145	145
145	145
145	145
145	146
145	146
145	146
145	146
145	146
145	146
145	146
146	146
146	146
146	146
146	146
146	146
146	146
146	146
146	146
146	146
146	146
146	146
146	146
146	146
146	146
146	146
146	144
146	144
146	144
146	144
146	144
146	144
146	144
146	144
147	146
147	146
147	146
147	146
147	146
147	146
147	146
148	146
148	146
148	146
148	146
148	146
148	146
148	146
148	146
148	148
148	148
148	148
148	148
148	148
148	148
148	148
149	148
149	148
149	148
149	148
149	148
149	148
149	148
149	148
149	146
149	146
149	146
149	146
149	146
149	146
149	146
149	147
150	147
150	147
150	147
150	147
150	147
150	147
150	147
150	146
150	146
150	146
150	146
150	146
150	146
150	146
150	149
150	149
150	149
150	149
150	149
150	149
150	149
150	149
150	147
150	147
150	147
150	147
150	147
150	147
150	147
151	150
151	150
151	150
151	150
151	150
151	150
151	150
151	150
151	149
151	149
151	149
151	149
151	149
151	149
151	149
151	147
151	147
151	147
151	147
151	147
151	147
151	147
151	145
151	145
151	145
151	145
151	145
151	145
151	145
151	145
150	150
150	150
150	150
150	150
150	150
150	150
150	150
150	151
150	151
150	151
150	151
150	151
150	151
150	151
150	151
150	149
150	149
150	149
150	149
150	149
150	149
150	149
148	147
148	147
148	147
148	147
148	147
148	147
148	147
148	147
148	148
148	148
148	148
148	148
148	148
148	148
148	148
147	151
147	151
147	151
147	151
147	151
147	151
147	151
147	151
146	147
146	147
146	147
146	147
146	147
146	147
146	147
146	142
146	142
146	142
146	142
146	142
146	142
146	142
146	142
145	142
145	142
145	142
145	142
145	142
145	142
145	142
145	140
145	140
145	140
145	140
145	140
145	140
145	140
145	140
145	138
145	138
145	138
145	138
145	138
145	138
145	138
145	146
145	146
145	146
145	146
145	146
145	146
145	146
145	146
146	144
146	144
146	144
146	144
146	144
146	144
146	144
146	147
146	147
146	147
146	147
146	147
146	147
146	147
146	147
146	147
146	147
146	147
146	147
146	147
146	147
146	147
146	147
146	147
146	147
146	147
146	147
146	147
146	147
146	147
146	147
146	147
146	147
146	147
146	147
146	147
146	147
147	144
147	144
147	144
147	144
147	144
147	144
147	144
147	144
147	144
147	144
147	144
147	144
147	144
147	144
147	144
147	144
147	144
147	144
147	144
147	144
147	144
147	144
147	148
147	148
147	148
147	148
147	148
147	148
147	148
147	148
146	147
146	147
146	147
146	147
146	147
146	147
146	147
146	147
146	147
146	147
146	147
146	147
146	147
146	147
146	147
146	147
146	147
146	147
146	147
146	147
146	147
146	147
146	147
146	147
146	147
146	147
146	147
146	147
146	147
146	147
145	145
145	145
145	145
145	145
145	145
145	145
145	145
146	147
146	147
146	147
146	147
146	147
146	147
146	147
146	147
146	145
146	145
146	145
146	145
146	145
146	145
146	145
146	145
146	145
146	145
146	145
146	145
146	145
146	145
146	145
146	145
146	145
146	145
146	145
146	145
146	145
146	145
146	147
146	147
146	147
146	147
146	147
146	147
146	147
146	147
146	148
146	148
146	148
146	148
146	148
146	148
146	148
146	146
146	146
146	146
146	146
146	146
146	146
146	146
146	146
146	147
146	147
146	147
146	147
146	147
146	147
146	147
146	146
146	146
146	146
146	146
146	146
146	146
146	146
145	146
145	146
145	146
145	146
145	146
145	146
145	146
145	146
145	141
145	141
145	141
145	141
145	141
145	141
145	141
145	142
145	142
145	142
145	142
145	142
145	142
145	142
145	142
145	141
145	141
145	141
145	141
145	141
145	141
145	141
145	142
145	142
145	142
145	142
145	142
145	142
145	142
145	142
146	145
146	145
146	145
146	145
146	145
146	145
146	145
146	146
146	146
146	146
146	146
146	146
146	146
146	146
146	146
147	144
147	144
147	144
147	144
147	144
147	144
147	144
147	139
147	139
147	139
147	139
147	139
147	139
147	139
147	139
147	142
148	142
148	142
148	142
148	142
148	142
148	142
147	145
147	145
147	145
147	145
147	145
147	145
147	145
147	145
147	148
147	148
147	148
147	148
147	148
147	148
147	148
148	148
148	148
148	148
148	148
148	148
148	148
148	148
148	148
148	146
148	146
148	146
148	146
148	146
148	146
148	146
149	150
149	150
149	150
149	150
149	150
149	150
149	150
149	150
149	149
149	149
149	149
149	149
149	149
149	149
149	149
149	150
149	150
149	150
149	150
149	150
149	150
149	150
149	148
149	148
149	148
149	148
149	148
149	148
149	148
149	148
150	147
150	147
150	147
150	147
150	147
150	147
150	147
150	148
150	148
150	148
150	148
150	148
150	148
150	148
150	148
150	146
150	146
150	146
150	146
150	146
150	146
150	146
150	149
150	149
150	149
150	149
150	149
150	149
150	149
150	149
150	149
149	149
149	149
149	149
149	149
149	149
149	149
149	149
149	149
149	149
149	149
149	149
149	149
149	149
149	149
149	149
149	149
149	149
149	149
149	149
149	149
149	149
150	150
150	150
150	150
150	150
150	150
150	150
150	150
150	150
150	148
150	148
150	148
150	148
150	148
150	148
150	148
150	147
150	147
150	147
150	147
150	147
150	147
150	147
150	147
151	149
151	149
151	149
151	149
151	149
151	149
151	149
151	149
151	149
151	149
151	149
151	149
151	149
151	149
151	149
151	147
151	147
151	147
151	147
151	147
151	147
151	147
151	148
151	148
151	148
151	148
151	148
151	148
151	148
151	148
151	152
151	152
151	152
151	152
151	152
151	152
151	152
151	150
151	150
151	150
151	150
151	150
151	150
151	150
151	150
151	148
151	148
151	148
151	148
151	148
151	148
151	148
151	150
151	150
151	150
151	150
151	150
151	150
151	150
151	151
151	151
151	151
151	151
151	151
151	151
151	151
151	151
151	146
151	146
152	146
152	146
152	146
152	146
152	146
152	144
152	144
152	144
152	144
152	144
152	144
152	144
152	144
152	142
152	142
152	142
152	142
152	142
152	142
152	142
152	148
152	148
152	148
152	148
152	148
152	148
152	148
152	148
152	151
152	151
152	151
152	151
152	151
152	151
152	151
152	149
152	149
152	149
152	149
152	149
152	149
152	149
152	149
151	152
151	152
151	152
151	152
151	152
151	152
151	152
152	152
152	152
152	152
152	152
152	152
152	152
152	152
152	152
151	150
151	150
151	150
151	150
151	150
151	150
151	150
151	148
151	148
151	148
151	148
151	148
151	148
151	148
151	148
151	148
151	148
151	148
151	148
151	148
151	148
151	148
151	148
151	148
151	148
151	148
151	148
151	148
151	148
151	148
151	149
151	149
151	149
151	149
151	149
151	149
151	149
151	153
151	153
151	153
151	153
151	153
151	153
151	153
151	153
151	152
151	152
151	152
151	152
151	152
151	152
151	152
150	155
150	155
150	155
150	155
150	155
150	155
150	155
150	155
150	158
150	158
150	158
150	158
150	158
150	158
150	158
150	156
150	156
150	156
150	156
150	156
150	156
150	156
150	154
150	154
150	154
150	154
150	154
150	154
150	154
150	154
150	147
150	147
150	147
150	147
150	147
150	147
150	147
150	147
150	147
150	147
150	147
150	147
150	147
150	147
150	147
150	146
150	146
150	146
150	146
150	146
150	146
150	146
149	144
149	144
149	144
149	144
149	144
149	144
149	144
149	144
148	150
148	150
148	150
148	150
148	150
148	150
148	150
148	150
148	150
148	150
148	150
148	150
148	150
148	150
148	150
148	149
148	149
148	149
148	149
148	149
148	149
148	149
148	144
148	144
148	144
148	144
148	144
148	144
148	144
148	144
149	146
149	146
149	146
149	146
149	146
149	146
149	146
149	144
149	144
149	144
149	144
149	144
149	144
149	144
149	144
149	151
149	151
149	151
149	151
149	151
149	151
149	151
150	150
150	150
150	150
150	150
150	150
150	150
150	150
150	150
150	153
150	153
150	153
150	153
150	153
150	153
150	153
150	151
150	151
150	151
150	151
150	151
150	151
150	151
150	151
151	151
151	151
151	151
151	151
151	151
151	151
151	151
151	151
151	151
151	151
151	151
151	151
151	151
151	151
151	151
151	154
151	154
151	154
151	154
151	154
151	154
151	154
151	156
151	156
151	156
151	156
151	156
151	156
151	156
152	154
151	154
151	154
151	154
151	154
151	154
151	154
151	154
151	152
151	152
151	152
151	152
151	152
151	152
151	152
152	153
152	153
152	153
152	153
152	153
152	153
152	153
152	153
152	151
152	151
152	151
152	151
152	151
152	151
152	151
151	154
151	154
151	154
151	154
151	154
151	154
151	154
151	154
151	151
151	151
151	151
151	151
151	151
151	151
151	151
151	151
151	151
151	151
151	151
151	151
151	151
151	151
151	151
151	152
151	152
151	152
151	152
151	152
151	152
151	152
151	149
151	149
151	149
151	149
151	149
151	149
151	149
151	149
151	149
151	149
151	149
151	149
151	149
151	149
151	149
151	149
151	149
151	149
151	149
151	149
151	149
151	149
151	149
151	153
151	153
151	153
151	153
151	153
151	153
151	153
151	151
151	151
151	151
151	151
151	151
151	151
151	151
151	151
151	149
151	149
151	149
151	149
151	149
151	149
151	149
151	152
151	152
151	152
151	152
151	152
151	152
151	152
151	152
151	152
151	152
151	152
151	152
151	152
151	152
151	152
151	152
151	152
151	152
151	152
151	152
151	152
151	152
151	152
152	150
152	150
152	150
152	150
152	150
152	150
152	150
152	145
152	145
152	145
152	145
152	145
152	145
152	145
152	143
152	143
152	143
153	143
153	143
153	143
153	143
153	143
153	146
153	146
153	146
153	146
153	146
153	146
153	146
154	154
154	154
154	154
154	154
154	154
154	154
154	154
154	154
154	152
154	152
154	152
154	152
154	152
154	152
154	152
154	150
154	150
154	150
154	150
154	150
154	150
154	150
154	150
155	153
155	153
155	153
155	153
155	153
155	153
155	153
155	151
155	151
155	151
155	151
155	151
155	151
155	151
155	151
155	156
155	156
155	156
155	156
155	156
155	156
155	156
155	154
155	154
155	154
155	154
155	154
155	154
155	154
155	154
155	152
155	152
154	152
154	152
154	152
154	152
154	152
153	152
153	152
153	152
153	152
153	152
153	152
153	152
154	150
154	150
154	150
154	150
154	150
154	150
154	150
154	154
154	154
154	154
154	154
154	154
154	154
154	154
154	154
154	157
154	157
154	157
154	157
154	157
154	157
154	157
153	154
153	154
153	154
153	154
153	154
153	154
153	154
153	154
153	153
153	153
153	153
153	153
153	153
153	153
153	153
153	154
153	154
153	154
153	154
153	154
153	154
153	154
153	152
153	152
153	152
153	152
153	152
153	152
153	152
153	152
153	152
153	152
153	152
153	152
153	152
153	152
153	152
153	152
153	152
153	152
153	152
153	152
153	152
153	152
153	152
153	151
153	151
153	151
153	151
153	151
153	151
153	151
153	151
153	151
153	151
153	151
153	151
153	151
153	151
153	151
153	153
153	153
153	153
153	153
153	153
153	153
153	153
153	153
153	153
153	153
153	153
153	153
153	153
153	153
153	153
153	156
153	156
153	156
152	156
152	156
152	156
152	156
153	152
153	152
153	152
153	152
153	152
153	152
153	152
153	152
152	153
152	153
152	153
152	153
152	153
152	153
152	153
152	153
152	153
152	153
152	153
152	153
152	153
152	153
152	153
152	150
152	150
152	150
152	150
152	150
152	150
152	150
152	151
152	151
152	151
152	151
152	151
152	151
152	151
152	151
153	154
153	154
153	154
153	154
153	154
153	154
153	154
153	153
153	153
153	153
153	153
153	153
153	153
153	153
153	153
153	153
153	153
153	153
153	153
153	153
153	153
153	153
154	151
154	151
154	151
154	151
154	151
154	151
154	151
154	151
153	153
153	153
153	153
153	153
153	153
153	153
154	153
154	150
154	150
154	150
154	150
154	150
154	150
154	150
154	148
154	148
154	148
154	148
154	148
154	148
154	148
154	148
154	151
154	151
154	151
154	151
154	151
154	151
154	151
154	155
154	155
154	155
154	155
154	155
154	155
154	155
154	155
154	155
154	155
154	155
154	155
154	155
155	155
155	155
154	153
154	153
154	153
154	153
154	153
154	153
154	153
154	153
154	155
154	155
154	155
154	155
154	155
154	155
154	155
154	155
154	155
154	155
154	155
154	155
154	155
154	155
154	155
155	157
155	157
155	157
155	157
155	157
155	157
155	157
155	153
155	153
155	153
155	153
155	153
155	153
155	153
155	153
155	151
155	151
155	151
155	151
155	151
155	151
155	151
155	149
155	149
155	149
155	149
155	149
155	149
155	149
155	149
156	156
156	156
156	156
156	156
156	156
156	156
156	156
157	155
157	155
157	155
157	155
157	155
157	155
157	155
157	155
157	155
157	155
157	155
157	155
157	155
157	155
157	155
158	157
158	157
158	157
158	157
158	157
158	157
158	157
158	157
159	159
159	159
159	159
159	159
159	159
159	159
159	159
159	159
159	159
159	159
159	159
159	159
159	159
159	159
159	159
160	157
160	157
160	157
160	157
160	157
160	157
160	157
160	157
160	157
160	157
160	157
160	157
160	157
160	157
161	155
161	155
161	155
161	155
161	155
161	155
161	155
161	155
161	159
161	159
161	159
161	159
161	159
161	159
161	159
162	162
162	162
162	162
162	162
162	162
162	162
162	162
162	162
162	162
162	162
162	162
162	162
162	162
162	162
162	162
162	163
162	163
162	163
162	163
162	163
162	163
162	163
162	163
162	163
162	163
162	163
162	163
162	163
162	163
162	163
162	165
162	165
162	165
162	165
162	165
162	165
162	165
162	165
162	168
162	168
162	168
162	168
162	168
162	168
162	168
162	169
162	169
162	169
162	169
162	169
162	169
162	169
162	169
163	167
163	167
163	167
163	167
163	167
163	167
163	167
163	167
163	167
163	167
163	167
163	167
163	167
163	167
163	167
162	167
162	167
162	167
162	167
162	167
162	167
162	167
162	170
162	170
162	170
162	170
162	170
162	170
162	170
162	170
161	170
161	170
161	170
161	170
161	170
161	170
161	170
160	170
160	170
160	170
160	170
160	170
160	170
160	170
159	170
158	168
158	168
158	168
158	168
158	168
158	168
158	168
158	166
158	166
158	166
158	166
158	166
158	166
158	166
158	166
157	164
157	164
157	164
157	164
157	164
157	164
157	164
157	159
157	159
157	159
157	159
157	159
157	159
157	159
157	157
157	157
156	157
156	157
156	157
156	157
156	157
156	157
156	153
156	153
156	153
156	153
156	153
156	153
156	153
156	151
156	151
156	151
156	151
156	151
156	151
156	151
156	151
156	157
156	157
156	157
156	157
156	157
156	157
156	157
156	157
156	157
156	157
156	157
156	157
156	157
156	157
156	157
156	156
156	156
156	156
156	156
156	156
156	156
156	156
156	156
156	156
156	156
156	156
156	156
156	156
156	156
156	156
156	154
156	154
156	154
156	154
156	154
156	154
156	154
156	156
156	156
156	156
156	156
156	156
156	156
156	156
156	156
156	152
156	152
156	152
156	152
156	152
156	152
156	152
156	153
156	153
156	153
156	153
156	153
156	153
156	153
156	153
156	151
157	151
157	151
157	151
157	151
157	151
157	151
157	152
157	152
157	152
157	152
157	152
157	152
157	152
157	152
158	155
158	155
158	155
158	155
158	155
158	155
158	155
158	153
158	153
158	153
158	153
158	153
158	153
158	153
158	153
158	150
158	150
158	150
158	150
158	150
158	150
158	150
159	151
159	151
159	151
159	151
159	151
159	151
159	151
159	154
159	154
159	154
159	154
159	154
159	154
159	154
159	154
159	152
159	152
159	152
159	152
159	152
159	152
159	152
159	147
159	147
159	147
159	147
159	147
159	147
160	147
160	147
160	145
160	145
160	145
160	145
160	145
160	145
160	145
160	143
160	143
160	143
160	143
160	143
160	143
160	143
160	143
160	144
160	144
160	144
160	144
160	144
160	144
160	144
160	142
160	142
160	142
160	142
160	142
160	142
160	142
160	142
160	140
160	140
160	140
160	140
160	140
160	140
160	140
160	145
160	145
160	145
160	145
160	145
160	145
160	145
160	145
160	146
160	146
160	146
160	146
160	146
160	146
160	146
159	144
159	144
159	144
159	144
159	144
159	144
159	144
159	144
158	139
158	139
158	139
158	139
158	139
158	139
158	139
158	140
158	140
158	140
158	140
158	140
158	140
158	140
158	140
158	143
158	143
158	143
158	143
158	143
157	143
157	143
157	141
157	141
157	141
157	141
157	141
157	141
157	141
157	141
156	142
156	142
156	142
156	142
156	142
156	142
156	142
155	140
155	140
155	140
155	140
155	140
155	140
155	140
155	140
155	145
155	145
155	145
155	145
155	145
155	145
155	145
155	142
155	142
155	142
155	142
155	142
155	142
155	142
155	145
155	145
155	145
155	145
155	145
155	145
155	145
155	145
155	148
155	148
155	148
155	148
155	148
155	148
155	148
155	149
155	149
155	149
155	149
155	149
155	149
155	149
155	149
154	154
154	154
154	154
154	154
154	154
154	154
154	154
154	153
154	153
154	153
154	153
154	153
154	153
154	153
154	153
154	151
154	151
154	151
154	151
154	151
154	151
154	151
154	155
154	155
154	155
154	155
154	155
154	155
154	155
154	155
154	155
154	155
154	155
154	155
154	155
154	155
154	155
154	155
154	155
154	155
154	155
154	155
154	155
154	155
154	155
153	150
153	150
153	150
153	150
153	150
153	150
153	150
153	152
153	152
153	152
153	152
153	152
153	152
153	152
153	152
153	151
153	151
153	151
153	151
153	151
153	151
153	151
153	154
