99	0
99	0
99	0
99	0
99	0
99	0
97	0
97	0
97	0
97	0
97	0
96	0
96	0
95	0
95	0
95	0
95	0
95	0
95	0
95	0
94	0
94	0
94	0
94	0
94	0
94	0
94	0
94	0
93	0
93	0
93	0
93	0
93	0
93	0
93	0
95	0
95	0
95	0
95	0
95	0
95	0
95	0
100	0
105	0
105	0
105	0
105	0
105	0
105	0
105	0
105	86
105	86
105	86
105	86
105	86
105	86
105	86
109	86
109	86
109	86
109	86
109	86
109	86
109	86
109	86
109	84
109	84
109	84
109	84
109	84
109	84
109	84
109	87
109	87
109	87
109	87
109	87
109	87
109	87
109	87
109	88
109	88
109	88
109	88
109	88
109	88
109	88
109	86
109	86
109	86
109	86
109	86
109	86
109	86
108	82
108	82
108	82
108	82
108	82
108	82
108	82
108	82
109	85
109	85
109	85
109	85
109	85
109	85
109	85
111	83
111	83
111	83
111	83
111	83
111	83
111	83
111	83
111	84
111	84
111	84
111	84
111	84
111	84
112	84
113	82
113	82
113	82
113	82
113	82
113	82
113	82
113	82
113	85
113	85
113	85
113	85
113	85
113	85
113	85
116	86
116	86
116	86
116	86
116	86
116	86
116	86
118	86
118	86
118	86
118	86
118	86
118	86
118	86
118	86
120	85
122	85
122	85
122	85
122	85
122	85
122	85
126	86
126	86
126	86
126	86
126	86
126	86
126	86
126	86
127	88
127	88
127	88
127	88
127	88
127	88
127	88
129	88
129	88
129	88
129	88
129	88
129	88
129	88
129	88
130	88
130	88
130	88
132	88
132	88
132	88
132	88
133	89
133	89
133	89
133	89
133	89
133	89
133	89
133	89
133	89
133	89
133	89
133	89
133	89
133	89
133	89
134	93
134	93
134	93
134	93
134	93
134	93
134	93
134	93
134	93
134	93
134	93
134	93
134	93
134	93
134	93
134	92
134	92
134	92
134	92
134	92
134	92
134	92
134	92
134	92
134	92
134	92
134	92
134	92
134	92
134	93
134	93
134	93
134	93
134	93
134	93
134	93
134	93
134	93
134	93
134	93
134	93
134	93
134	93
134	93
135	93
135	93
135	93
135	93
135	93
135	93
135	93
135	93
134	93
134	93
134	93
134	93
134	93
134	93
134	93
134	93
134	93
134	93
134	93
134	93
134	93
134	93
134	93
134	94
134	94
134	94
134	94
134	94
134	94
134	94
134	97
134	97
134	97
134	97
134	97
134	97
134	97
134	100
134	100
134	100
134	100
134	100
134	100
134	100
134	100
134	99
134	99
134	99
134	99
134	99
133	99
133	99
133	97
133	97
133	97
133	97
133	97
133	97
133	97
133	97
133	95
133	95
133	95
133	95
133	95
133	95
133	95
133	99
133	99
133	99
133	99
133	99
133	99
133	99
134	99
134	99
134	99
134	99
134	99
134	99
134	99
134	99
135	97
135	97
135	97
135	97
135	97
135	97
135	97
134	95
134	95
134	95
134	95
134	95
134	95
134	95
134	95
134	93
133	93
133	93
133	93
133	93
133	93
133	93
133	98
133	98
133	98
133	98
133	98
133	98
133	98
133	98
133	98
133	98
133	98
133	98
133	98
133	98
133	98
133	101
133	101
133	101
133	101
133	101
133	101
133	101
133	100
133	100
133	100
132	100
132	100
132	100
132	100
132	100
132	103
132	103
132	103
132	103
132	103
132	103
132	103
132	105
132	105
132	105
132	105
132	105
132	105
132	105
132	105
132	103
132	103
132	103
132	103
132	103
132	103
132	103
132	103
132	103
132	103
132	103
132	103
132	103
132	103
132	103
132	106
132	106
132	106
132	106
132	106
132	106
132	106
132	104
132	104
132	104
132	104
132	104
132	104
132	104
132	108
132	108
132	108
132	108
132	108
132	108
132	108
132	108
132	107
132	107
132	107
132	107
132	107
132	107
132	107
137	107
137	107
137	107
137	107
137	107
137	107
137	107
137	107
141	109
141	109
141	109
141	109
141	109
141	109
141	109
142	107
142	107
142	107
142	107
142	107
142	107
142	107
143	110
143	110
143	110
143	110
143	110
143	110
143	110
143	110
145	108
145	108
145	108
145	108
145	108
145	108
145	108
145	106
145	106
145	106
145	106
145	106
145	106
145	106
145	106
145	104
145	104
145	104
145	104
145	104
146	104
146	104
146	105
146	105
146	105
146	105
146	105
146	105
146	105
146	105
146	105
146	105
146	105
146	105
146	105
146	105
146	105
145	108
145	108
145	108
145	108
145	108
145	108
145	108
146	110
146	110
146	110
146	110
146	110
146	110
146	110
146	110
146	110
146	110
146	110
146	110
146	110
146	110
146	110
146	112
146	112
146	112
146	112
146	112
146	112
146	112
146	112
147	112
147	112
147	112
147	112
147	112
147	112
147	112
147	112
147	112
147	112
147	112
147	112
147	112
147	112
148	108
148	108
148	108
148	108
148	108
148	108
148	108
148	108
148	105
148	105
148	105
148	105
148	105
148	105
148	105
149	105
149	105
149	105
149	105
149	105
149	105
149	105
149	105
149	105
149	105
149	105
149	105
149	105
149	105
149	105
148	105
148	105
148	105
148	105
148	105
148	105
148	105
148	105
148	108
148	108
148	108
148	108
148	108
148	108
148	108
148	105
148	105
148	105
148	105
148	105
148	105
148	105
148	103
148	103
148	103
148	103
148	103
148	103
148	103
148	103
148	101
148	101
148	101
148	101
148	101
148	101
148	101
148	100
148	100
148	100
148	100
148	100
148	100
148	100
148	100
148	98
148	98
148	98
148	98
148	98
148	98
148	98
148	98
147	98
147	98
147	98
147	98
147	98
147	98
147	98
147	100
147	100
147	100
147	100
147	100
147	100
147	100
147	102
147	102
147	102
147	102
147	102
147	102
147	102
147	100
147	100
147	100
147	100
147	100
147	100
147	100
147	100
147	98
147	98
147	98
147	98
147	98
147	98
147	98
147	96
147	96
147	96
147	96
147	96
147	96
147	96
147	96
147	94
147	94
147	94
147	94
147	94
147	94
147	94
147	92
147	92
147	92
147	92
147	92
147	92
147	92
147	88
147	88
147	88
147	88
147	88
147	88
147	88
147	88
147	88
147	88
147	88
147	88
147	88
147	88
147	88
147	88
147	88
147	88
147	88
147	88
147	88
147	88
147	88
147	88
147	88
147	88
147	88
147	88
147	88
147	88
147	89
147	89
147	89
147	89
147	89
147	89
147	89
147	89
147	88
147	88
147	88
147	88
147	88
147	88
147	88
147	88
147	88
147	88
147	88
147	88
147	88
147	88
146	88
146	88
146	88
146	88
146	88
146	88
146	88
146	88
146	89
146	89
146	89
146	89
146	89
146	89
146	89
146	92
146	92
146	92
146	92
146	92
146	92
146	92
146	92
147	95
147	95
147	95
147	95
147	95
147	95
147	95
148	93
148	93
148	93
148	93
148	93
147	93
147	93
148	91
148	91
148	91
148	91
148	91
148	91
148	91
148	91
148	94
148	94
148	94
148	94
148	94
148	94
148	94
148	92
148	92
148	92
148	92
148	92
148	92
148	92
148	92
148	95
148	95
148	95
148	95
148	95
148	95
148	95
148	93
148	93
148	93
148	93
148	93
148	93
148	93
148	93
149	91
149	91
149	91
149	91
149	91
149	91
149	91
149	89
149	89
149	89
149	89
149	89
149	89
149	89
149	89
149	89
149	89
149	89
149	89
149	89
149	89
149	89
149	88
149	88
149	88
149	88
149	88
149	88
149	88
149	88
149	88
149	88
149	88
149	88
149	88
149	88
149	88
149	88
149	88
149	88
149	88
149	88
149	88
149	88
149	91
149	91
149	91
149	91
149	91
149	91
149	91
148	94
148	94
148	94
148	94
148	94
148	94
148	94
148	94
149	97
149	97
149	97
149	97
149	97
149	97
149	97
148	94
148	94
148	94
148	94
148	94
148	94
148	94
148	94
148	95
148	95
148	95
148	95
148	95
148	95
148	95
149	100
149	100
149	100
149	100
149	100
149	100
149	100
149	100
149	100
149	100
149	100
149	100
149	100
149	100
149	100
149	97
149	97
149	97
149	97
149	97
149	97
149	97
149	97
149	97
149	97
149	97
149	97
149	97
149	97
149	97
149	99
149	99
149	99
149	99
149	99
149	99
149	99
149	102
149	102
149	102
149	102
149	102
149	102
149	102
149	102
149	103
149	103
149	103
149	103
149	103
149	103
149	103
149	102
149	102
149	102
149	102
149	102
149	102
149	102
149	100
149	100
149	100
149	100
149	100
149	100
149	100
149	100
148	98
148	98
148	98
148	98
148	98
148	98
148	98
149	94
149	94
149	94
149	94
149	94
149	94
149	94
149	94
149	97
149	97
149	97
149	97
149	97
149	97
149	97
150	93
150	93
150	93
150	93
150	93
150	93
150	93
150	93
150	98
150	98
150	98
150	98
150	98
150	98
150	98
150	97
150	97
150	97
150	97
150	97
150	97
150	97
150	93
150	93
150	93
150	93
150	93
150	93
150	93
150	93
150	92
150	92
150	92
150	92
150	92
150	92
150	92
150	95
150	95
150	95
150	95
150	95
150	95
150	95
150	95
147	95
147	95
147	95
147	95
147	95
147	95
147	95
146	94
146	94
146	94
146	94
146	94
146	94
146	94
145	95
145	95
145	95
145	95
145	95
145	95
145	95
145	95
145	95
145	95
145	95
145	95
145	95
145	95
145	95
145	96
145	96
145	96
145	96
145	96
145	96
145	96
145	96
145	99
145	99
145	99
145	99
145	99
145	99
145	99
146	97
146	97
146	97
146	97
146	97
146	97
146	97
146	95
146	95
146	95
146	95
146	95
146	95
146	95
146	95
147	97
147	97
147	97
147	97
147	97
147	97
147	97
147	97
147	97
147	97
147	97
147	97
147	97
147	97
147	97
148	100
148	100
148	100
148	100
148	100
148	100
148	100
148	103
148	103
148	103
148	103
148	103
148	103
148	103
148	103
148	106
148	106
148	106
148	106
148	106
148	106
148	106
148	104
148	104
148	104
148	104
148	104
148	104
148	104
148	103
148	103
148	103
148	103
148	103
148	103
148	103
148	103
148	101
148	101
148	101
148	101
148	101
148	101
148	101
148	102
148	102
148	102
148	102
148	102
148	102
148	102
148	102
149	100
149	100
149	100
149	100
149	100
149	100
149	100
149	99
149	99
149	99
149	99
149	99
149	99
149	99
149	99
149	99
149	99
149	99
149	99
149	99
149	99
149	99
149	99
149	99
149	99
149	99
149	99
149	99
149	99
149	102
149	102
149	102
149	102
149	102
149	102
149	102
149	102
150	105
150	105
150	105
150	105
150	105
150	105
150	105
150	108
150	108
150	108
150	108
150	108
150	108
150	108
150	108
150	113
150	113
150	113
150	113
150	113
150	113
150	113
150	111
150	111
150	111
150	111
150	111
150	111
150	111
150	109
150	109
150	109
150	109
150	109
150	109
150	109
150	109
150	112
150	112
150	112
150	112
150	112
150	112
150	112
150	110
150	110
150	110
150	110
150	110
150	110
150	110
150	110
147	108
147	108
147	108
147	108
147	108
147	108
147	108
143	104
143	104
143	104
143	104
143	104
144	104
144	104
145	105
145	105
145	105
145	105
145	105
145	105
145	105
145	105
146	105
146	105
146	105
146	105
146	105
146	105
146	105
147	103
147	103
147	103
147	103
147	103
147	103
147	103
147	103
148	101
148	101
148	101
148	101
148	101
148	101
148	101
148	99
148	99
148	99
148	99
148	99
148	99
148	99
148	97
148	97
148	97
148	97
148	97
148	97
148	97
148	97
148	100
149	100
149	100
149	100
149	100
149	100
149	100
149	103
149	103
149	103
149	103
149	103
149	103
149	103
149	103
149	106
149	106
149	106
149	106
149	106
149	106
149	106
149	109
149	109
149	109
149	109
149	109
149	109
149	109
149	109
150	107
150	107
150	107
150	107
150	107
150	107
150	107
150	109
150	109
150	109
150	109
150	109
150	109
150	109
150	107
150	107
150	107
150	107
150	107
150	107
150	107
150	107
151	106
151	106
151	106
151	106
151	106
151	106
151	106
151	104
151	104
151	104
151	104
151	104
151	104
151	104
151	104
152	103
152	103
152	103
152	103
152	103
152	103
152	103
152	106
152	106
152	106
152	106
152	106
152	106
152	106
155	109
155	109
155	109
155	109
155	109
155	109
155	109
155	109
159	107
159	107
159	107
159	107
159	107
159	107
159	107
162	112
163	112
163	112
163	112
163	112
163	112
163	112
163	112
163	115
163	115
163	115
163	115
163	115
163	115
163	115
163	118
163	118
163	118
163	118
163	118
163	118
163	118
163	116
163	116
163	116
163	116
163	116
163	116
163	116
163	116
163	114
163	114
163	114
163	114
163	114
163	114
163	114
163	117
163	117
163	117
163	117
163	117
163	117
163	117
163	117
163	115
163	115
163	115
163	115
163	115
163	115
163	115
164	118
164	118
164	118
164	118
164	118
164	118
164	118
164	118
164	123
164	123
164	123
164	123
164	123
164	123
164	123
164	125
164	125
164	125
164	125
164	125
164	125
164	125
164	122
164	122
164	122
164	122
164	122
164	122
164	122
165	122
165	124
165	124
165	124
165	124
165	124
165	124
165	124
160	128
160	128
160	128
160	128
160	128
160	128
160	128
160	128
154	131
154	131
154	131
154	131
154	131
154	131
154	131
153	133
153	133
153	133
153	133
153	133
153	133
153	133
149	132
149	132
149	132
149	132
149	132
149	132
149	132
149	132
149	132
149	132
149	132
149	132
149	132
149	132
149	132
149	136
149	136
149	136
149	136
149	136
149	136
149	136
149	136
149	134
149	134
149	134
149	134
149	134
149	134
149	134
147	134
147	134
147	134
147	134
147	134
147	134
147	134
147	134
147	134
147	134
147	134
147	134
147	134
147	134
147	134
147	137
147	137
147	137
147	137
147	137
147	137
147	137
147	141
147	141
147	141
147	141
147	141
147	141
147	141
147	141
146	144
146	144
146	144
146	144
146	144
146	144
146	144
146	147
146	147
146	147
146	147
146	147
146	147
146	147
146	147
146	150
146	150
146	150
146	150
146	150
146	150
146	150
147	150
148	150
148	150
148	150
148	150
148	150
148	150
148	150
148	150
148	150
148	150
148	150
148	150
148	150
148	150
149	150
149	150
149	150
149	150
149	150
149	150
149	150
149	150
149	150
149	150
149	150
149	150
149	150
149	150
149	150
149	150
149	150
149	150
150	150
150	150
150	150
150	150
153	149
153	149
153	149
153	149
153	149
153	149
153	149
155	149
155	149
155	149
155	149
155	149
155	149
155	149
155	149
159	149
159	149
159	149
159	149
159	149
159	149
159	149
161	149
161	149
161	149
161	149
161	149
161	149
162	149
162	149
162	149
162	149
162	149
162	149
162	149
162	149
162	149
159	147
159	147
159	147
159	147
159	147
159	147
159	147
159	147
159	147
159	147
159	147
159	147
159	147
159	147
159	147
159	147
159	147
159	147
159	147
159	147
159	147
159	147
159	148
159	148
159	148
159	148
159	148
159	148
159	148
159	148
159	150
159	150
159	150
159	150
159	150
159	150
159	150
158	150
158	150
158	150
158	150
158	150
158	150
158	150
158	150
158	150
158	150
158	150
158	150
158	150
158	150
158	150
156	150
156	150
156	150
156	150
156	150
156	150
156	150
156	150
156	150
156	150
156	150
156	150
156	150
156	150
156	150
155	150
155	150
155	150
155	150
155	150
155	150
155	150
155	149
155	149
155	149
155	149
155	149
155	149
155	149
155	149
155	148
155	148
155	148
155	148
155	148
155	148
155	148
155	148
155	148
155	148
155	148
155	148
155	148
155	148
155	147
155	147
155	147
155	147
155	147
155	147
155	147
155	147
155	147
155	147
155	147
155	147
155	147
155	147
155	147
154	147
154	147
154	147
154	147
154	147
154	147
154	147
154	147
154	146
154	146
154	146
154	146
154	146
154	146
154	146
154	146
154	146
154	146
154	146
154	146
154	146
154	146
154	146
154	146
154	146
154	146
154	146
154	146
154	146
154	146
154	146
154	146
154	146
154	146
154	146
154	146
154	146
154	146
154	146
154	146
154	146
154	146
154	146
154	146
154	146
154	146
154	146
154	146
154	146
154	146
154	146
154	146
154	146
154	146
154	146
154	146
154	146
154	146
154	146
154	146
150	144
150	144
150	144
150	144
150	144
150	144
150	144
149	145
149	145
149	145
149	145
149	145
149	145
148	145
149	145
149	145
149	145
149	145
149	145
149	145
149	145
149	145
149	146
149	146
149	146
149	146
149	146
149	146
149	146
149	147
149	147
149	147
149	147
149	147
149	147
149	147
149	147
149	147
149	147
149	147
149	147
149	147
149	147
149	147
149	147
149	147
149	147
149	147
149	147
149	147
149	147
149	147
149	147
149	147
149	147
149	147
149	147
149	147
149	147
149	147
149	147
149	147
149	147
149	147
149	147
149	147
149	148
149	148
149	148
149	148
149	148
149	148
149	148
149	148
149	149
149	149
149	149
149	149
149	149
149	149
149	149
149	149
149	149
149	149
149	149
149	149
149	149
149	149
151	149
151	149
151	149
151	149
152	149
152	149
152	149
152	149
153	151
153	151
153	151
153	151
153	151
153	151
153	151
153	152
153	152
153	152
153	152
153	152
153	152
153	152
153	152
153	153
153	153
153	153
153	153
153	153
153	153
153	153
154	153
154	153
154	153
154	153
154	153
154	153
154	153
154	153
154	153
154	153
154	153
154	153
154	153
154	153
154	153
154	154
154	154
154	154
154	154
154	154
154	154
154	154
153	151
153	151
153	151
153	151
153	151
153	151
153	151
153	151
149	150
149	150
149	150
149	150
149	150
149	150
149	150
147	149
147	149
148	149
148	149
148	149
148	149
148	149
148	149
149	149
149	149
149	149
149	149
149	149
149	149
149	149
150	150
150	150
150	150
150	150
150	150
150	150
150	150
150	150
150	150
150	150
150	150
150	150
150	150
150	150
150	150
150	151
150	151
150	151
150	151
150	151
150	151
150	151
150	151
150	151
150	151
150	151
150	151
150	151
150	151
150	151
151	152
151	152
151	152
151	152
151	152
151	152
151	152
151	152
151	152
151	152
151	152
151	152
151	152
151	152
151	153
151	153
151	153
151	153
151	153
151	153
151	153
151	153
151	154
151	154
151	154
151	154
151	154
151	154
151	154
151	154
151	154
151	154
151	154
151	154
151	154
151	154
151	154
152	154
154	154
154	154
154	154
154	154
154	154
154	154
154	154
154	154
154	154
154	154
154	154
154	154
154	154
154	154
154	154
154	154
154	154
154	154
154	154
154	154
154	154
154	154
154	154
154	154
154	154
154	154
154	154
154	154
154	153
154	153
154	153
154	153
154	153
154	153
154	153
154	153
154	153
154	153
154	153
154	153
154	153
154	153
154	153
154	153
154	153
154	153
154	153
154	153
154	153
154	153
154	153
154	151
154	151
154	151
154	151
154	151
154	151
154	151
154	151
154	151
154	151
154	151
154	151
154	151
154	151
154	151
154	151
154	151
154	151
154	151
154	151
154	151
154	151
155	153
155	153
155	153
155	153
155	153
155	153
155	153
155	153
155	153
155	153
155	153
155	153
155	153
155	153
155	153
155	153
155	153
155	153
155	153
155	153
155	153
155	153
155	153
155	153
155	153
155	153
155	153
155	153
155	153
155	153
155	153
155	153
155	153
155	153
155	153
155	153
155	153
155	153
155	153
155	153
155	153
155	153
155	153
155	153
155	153
155	153
155	153
155	153
155	153
155	153
155	153
155	153
155	153
155	153
155	153
155	153
155	153
155	153
155	153
155	153
155	153
155	153
155	153
155	153
155	153
155	153
155	152
155	152
155	152
155	152
155	152
155	152
155	152
155	152
154	152
154	152
154	152
154	152
154	152
154	152
154	152
153	151
153	151
153	151
153	151
153	151
153	151
153	151
153	151
153	151
153	151
153	151
153	151
153	151
153	151
153	151
153	151
153	151
153	151
153	151
153	151
153	151
153	151
153	151
153	151
153	151
153	151
153	151
153	151
153	151
153	151
153	151
153	151
153	151
153	151
153	151
153	151
153	151
153	151
153	151
153	151
153	151
153	151
153	151
153	151
153	151
149	151
149	151
149	151
149	151
149	151
149	151
149	151
146	151
146	151
146	151
146	151
146	151
146	151
146	151
146	151
144	152
144	152
144	152
144	152
144	152
144	152
144	152
142	153
142	153
142	153
142	153
142	153
142	153
142	153
141	154
141	154
141	154
141	154
141	154
141	154
141	154
141	154
141	154
141	154
141	154
141	154
141	154
141	154
141	154
141	152
141	152
141	152
141	152
141	152
141	152
141	152
141	152
141	153
141	153
141	153
141	153
141	153
141	153
141	153
141	151
141	151
141	151
141	151
141	151
141	151
141	151
141	156
141	156
141	156
141	156
141	156
141	156
141	156
141	156
141	156
141	156
141	156
141	156
141	156
141	156
141	156
141	156
141	156
141	156
141	156
141	156
141	156
141	156
141	156
141	156
141	156
141	156
141	156
141	156
141	156
141	156
141	154
141	154
141	154
141	154
141	154
141	154
141	154
141	154
140	152
140	152
140	152
140	152
140	152
140	152
140	152
140	150
140	150
140	150
140	150
140	150
140	150
140	150
140	148
140	148
140	148
140	148
140	148
140	148
140	148
140	148
140	146
140	146
140	146
140	146
140	146
140	146
140	146
140	144
140	144
140	144
140	144
140	144
141	144
141	144
141	144
141	143
141	143
141	143
141	143
141	143
141	143
141	143
142	141
142	141
142	141
142	141
142	141
142	141
142	141
142	139
142	139
142	139
142	139
142	139
142	139
142	139
142	139
142	142
142	142
142	142
142	142
142	142
142	142
142	142
142	145
142	145
142	145
142	145
142	145
142	145
142	145
142	145
142	146
142	146
142	146
142	146
142	146
142	146
142	146
142	149
142	149
142	149
142	149
142	149
142	149
142	149
142	152
142	152
142	152
142	152
142	152
142	152
142	152
142	152
142	150
142	150
142	150
142	150
142	150
142	150
142	150
142	146
142	146
142	146
142	146
142	146
142	146
142	146
142	146
142	149
142	149
142	149
142	149
142	149
142	149
142	149
142	147
142	147
142	147
142	147
142	147
142	147
142	147
142	147
142	146
142	146
142	146
142	146
142	146
142	146
142	146
142	150
142	150
142	150
142	150
142	150
142	150
142	150
142	149
142	149
142	149
142	149
142	149
142	149
142	149
142	149
142	147
142	147
142	147
142	147
142	147
142	147
142	147
142	145
142	145
142	145
142	145
142	145
142	145
142	145
142	145
139	145
139	145
139	145
139	145
139	145
139	145
139	145
138	143
138	143
138	143
138	143
138	143
138	143
138	143
138	146
138	146
138	146
138	146
138	146
138	146
138	146
138	146
137	146
137	146
137	146
137	146
137	146
137	146
137	146
134	149
134	149
134	149
134	149
134	149
134	149
134	149
134	149
133	147
133	147
133	147
133	147
133	147
133	147
133	147
134	145
134	145
134	145
134	145
134	145
134	145
134	145
150	143
150	143
150	143
150	143
150	143
150	143
150	143
150	143
152	142
152	142
152	142
152	142
152	142
152	142
152	142
156	145
156	145
156	145
156	145
156	145
156	145
156	145
156	145
157	143
157	143
157	143
157	143
157	143
157	143
157	143
157	142
157	142
157	142
157	142
157	142
157	142
157	142
157	142
158	137
158	137
158	137
158	137
158	137
158	137
158	137
158	136
158	136
158	136
158	136
158	136
158	136
158	136
157	140
157	140
157	140
157	140
157	140
157	140
157	140
157	140
156	141
156	141
156	141
156	141
156	141
156	141
156	141
157	138
157	138
157	138
157	138
157	138
157	138
157	138
157	138
157	141
157	141
157	141
157	141
157	141
157	141
157	141
157	141
157	141
157	141
157	141
157	141
157	141
157	141
157	145
157	145
157	145
157	145
157	145
157	145
157	145
157	145
157	141
157	141
157	141
157	141
157	141
157	141
157	141
157	142
157	142
157	142
157	142
157	142
159	142
159	142
159	142
160	145
160	145
160	145
160	145
160	145
160	145
160	145
161	148
161	148
161	148
161	148
161	148
161	148
161	148
161	146
161	146
161	146
161	146
161	146
161	146
161	146
161	146
161	144
161	144
161	144
161	144
161	144
161	144
161	144
161	145
161	145
161	145
161	145
161	145
161	145
161	145
161	145
161	143
161	143
161	143
161	143
161	143
161	143
161	143
161	141
160	141
160	141
160	141
160	141
160	141
160	141
160	144
160	144
160	144
160	144
160	144
160	144
160	144
160	144
160	142
160	142
160	142
160	142
160	142
160	142
160	142
159	140
159	140
159	140
159	140
159	140
159	140
159	140
159	140
158	137
158	137
158	137
158	137
158	137
158	137
158	137
158	140
158	140
158	140
158	140
158	140
158	140
158	140
158	140
158	142
158	142
158	142
158	142
158	142
158	142
158	142
158	145
158	145
158	145
158	145
158	145
158	145
158	145
157	147
157	147
157	147
157	147
157	147
157	147
158	147
158	147
158	146
158	146
158	146
158	146
158	146
158	146
158	146
159	145
159	145
159	145
159	145
159	145
159	145
159	145
159	145
159	143
159	143
159	143
159	143
159	143
159	143
159	143
160	141
160	141
160	141
160	141
160	141
160	141
160	141
160	144
160	144
160	144
160	144
160	144
160	144
160	144
160	144
160	142
160	142
160	142
160	142
160	142
160	142
160	142
160	144
160	144
160	144
160	144
160	144
160	144
160	144
160	144
160	140
160	140
160	140
160	140
160	140
160	140
160	140
160	145
160	145
160	145
160	145
160	145
160	145
160	145
160	143
160	143
160	143
160	143
160	143
160	143
160	143
160	143
161	141
161	141
161	141
161	141
160	141
160	141
160	141
160	139
160	139
160	139
160	139
160	139
160	139
160	139
160	139
160	137
160	137
160	137
160	137
160	137
160	137
160	137
160	140
160	140
160	140
160	140
160	140
160	140
160	140
160	140
160	138
160	138
160	138
160	138
160	138
160	138
160	138
161	136
161	136
161	136
161	136
161	136
161	136
161	136
161	139
161	139
161	139
161	139
161	139
161	139
161	139
161	139
161	141
161	141
161	141
161	141
161	141
161	141
161	141
161	144
161	144
161	144
161	144
161	144
161	144
161	144
161	144
161	146
161	146
160	146
160	146
160	146
160	146
160	146
160	151
160	151
160	151
160	151
160	151
160	151
160	151
161	154
161	154
161	154
161	154
161	154
161	154
161	154
161	154
161	157
161	157
161	157
161	157
161	157
161	157
161	157
161	161
161	161
161	161
161	161
161	161
161	161
161	161
161	161
161	160
161	160
161	160
161	160
161	160
161	160
161	160
161	160
161	160
161	160
161	160
161	160
161	160
161	160
161	160
161	160
161	160
161	160
161	160
161	160
161	160
161	160
162	160
162	160
162	160
162	160
162	160
162	160
162	160
162	160
162	160
162	160
162	160
162	160
162	160
162	160
162	160
163	161
163	161
163	161
163	161
163	161
163	161
163	161
163	161
164	161
164	161
164	161
164	161
164	161
164	161
164	160
164	160
164	160
164	160
164	160
164	160
164	160
164	160
164	160
164	160
164	160
164	160
164	160
164	160
164	160
164	158
164	158
164	158
164	158
164	158
164	158
164	158
164	158
164	158
164	158
164	158
164	158
164	158
164	158
164	158
164	159
164	159
164	159
164	159
164	159
164	159
164	159
164	159
164	162
164	162
164	162
164	162
164	162
164	162
164	162
164	160
164	160
164	160
164	160
164	160
164	160
164	160
164	158
164	158
164	158
164	158
164	158
164	158
164	158
164	158
164	159
164	159
164	159
164	159
164	159
164	159
164	159
164	160
164	160
164	160
164	160
164	160
164	160
164	160
164	160
162	160
162	160
162	160
162	160
162	160
162	160
162	160
161	160
161	160
161	160
161	160
161	160
161	160
161	160
161	162
161	162
161	162
161	162
161	162
161	162
161	162
161	162
161	161
161	161
161	161
161	161
161	161
161	161
161	161
161	161
161	161
161	161
161	161
161	161
161	161
161	161
161	161
161	161
161	161
161	161
161	161
161	161
161	161
161	161
161	160
161	160
161	160
161	160
161	160
161	160
161	160
161	160
161	160
161	160
161	160
161	160
161	160
161	160
161	160
162	160
162	160
162	160
162	160
162	160
162	160
162	160
162	159
162	159
162	159
162	159
162	159
162	159
162	159
162	159
161	160
161	160
161	160
161	160
161	160
161	160
161	160
161	160
161	160
161	160
161	160
161	160
161	160
161	160
161	160
161	160
161	160
161	160
161	160
161	160
161	160
161	160
160	161
160	161
160	161
160	161
160	161
160	161
160	161
160	163
160	163
160	163
160	163
160	163
160	163
160	163
160	163
160	161
160	161
160	161
160	161
160	161
160	161
160	161
160	162
160	162
160	162
160	162
160	162
160	162
160	162
160	162
160	162
160	162
160	162
160	162
160	162
160	162
160	162
160	164
160	164
160	164
160	164
160	164
160	164
160	164
160	164
160	164
160	164
160	164
160	164
160	164
160	164
160	164
160	164
160	164
160	164
160	164
160	164
160	164
160	164
162	163
162	163
162	163
162	163
162	163
162	163
162	163
162	163
162	164
162	164
162	164
162	164
162	164
162	164
162	164
162	164
162	164
162	164
162	164
162	164
162	164
163	164
163	162
163	162
163	162
163	162
163	162
163	162
163	162
163	162
163	160
163	160
163	160
163	160
163	160
163	160
163	160
163	160
163	160
163	160
163	160
163	160
163	160
163	160
163	160
163	160
163	160
163	160
163	160
163	160
163	160
163	160
164	160
164	160
164	160
164	160
164	160
164	160
164	160
165	158
165	158
165	158
165	158
165	158
165	158
165	158
165	158
164	163
164	163
164	163
164	163
164	163
164	163
164	163
164	163
164	163
164	163
164	163
164	163
164	163
164	163
164	163
164	164
164	164
164	164
164	164
164	164
164	164
164	164
164	163
164	163
164	163
164	163
164	163
164	163
164	163
164	163
163	161
163	161
163	161
163	161
163	161
163	161
163	161
162	160
162	160
162	160
162	160
162	160
162	160
162	160
162	160
162	160
162	160
162	160
162	160
162	160
162	160
162	160
162	162
162	162
162	162
162	162
162	162
162	162
162	162
161	161
161	161
161	161
161	161
161	161
161	161
161	161
161	161
161	162
161	162
161	162
161	162
161	162
161	162
161	162
161	162
161	162
161	162
161	162
161	162
161	162
161	162
161	161
161	161
161	161
161	161
161	161
161	161
161	161
161	161
161	160
161	160
161	160
161	160
161	160
161	160
161	160
160	161
160	161
160	161
160	161
160	161
160	161
160	161
160	161
160	161
160	161
160	161
160	161
160	161
160	161
160	161
160	160
160	160
160	160
160	160
160	160
160	160
160	160
160	160
160	160
160	160
160	160
160	160
160	160
160	160
160	160
160	158
160	158
160	158
160	158
160	158
160	158
160	158
160	161
160	161
160	161
160	161
160	161
160	161
160	161
160	161
160	159
160	159
160	159
160	159
160	159
160	159
160	159
160	162
160	162
160	162
160	162
160	162
160	162
160	162
160	162
160	162
160	162
160	162
160	162
160	162
160	162
160	162
161	163
161	163
161	163
161	163
161	163
161	163
161	163
163	160
163	160
163	160
163	160
163	160
163	160
163	160
163	160
164	161
164	161
164	161
164	161
164	161
164	161
164	161
164	161
164	161
164	161
164	161
164	161
164	161
164	161
164	161
164	161
164	161
164	161
164	161
164	161
164	161
164	161
164	164
164	164
164	164
164	164
164	164
164	164
164	164
164	164
164	164
164	164
164	164
164	164
164	164
164	164
164	164
164	164
164	164
164	164
164	164
164	164
164	164
164	164
164	164
164	164
164	164
164	164
164	164
164	164
164	164
164	164
164	164
164	164
164	164
164	164
164	164
164	164
164	164
164	164
164	164
164	164
164	164
164	164
164	164
164	164
164	164
164	164
164	164
164	164
164	164
164	164
164	164
164	164
164	164
164	164
164	164
164	164
164	164
164	164
164	164
164	165
164	165
164	165
164	165
164	165
164	165
164	165
164	165
164	164
164	164
164	164
164	164
164	164
164	164
164	164
164	162
164	162
164	162
164	162
164	162
164	162
164	162
164	165
164	165
164	165
164	165
164	165
164	165
164	165
164	165
164	168
164	168
164	168
164	168
164	168
164	168
164	168
164	168
164	168
164	168
164	168
164	168
164	168
164	168
164	168
164	166
164	166
164	166
164	166
164	166
164	166
164	166
165	164
165	164
165	164
165	164
165	164
165	164
165	164
164	164
164	164
164	164
164	164
164	164
164	164
164	164
164	164
164	163
164	163
164	163
164	163
164	163
164	163
164	163
164	164
164	164
164	164
164	164
164	164
164	164
164	164
164	164
164	164
164	164
164	164
164	164
164	164
164	164
164	164
164	164
164	164
164	164
164	164
164	164
164	164
164	164
164	164
164	164
164	164
164	164
164	164
164	164
164	164
164	164
165	164
165	164
165	164
165	164
165	164
165	164
165	164
165	164
165	164
165	164
165	164
165	164
165	164
165	164
165	164
165	164
165	164
165	164
165	164
165	164
165	164
165	164
165	164
165	164
165	164
165	164
165	164
165	164
165	164
165	164
165	164
165	164
165	164
165	164
165	164
165	164
165	164
165	164
165	164
165	164
165	164
165	164
165	164
165	164
165	164
165	164
165	164
165	164
165	164
165	164
165	164
165	164
165	162
165	162
165	162
165	162
165	162
165	162
165	162
165	162
165	162
165	162
165	162
165	162
165	162
165	162
165	162
165	162
165	162
165	162
165	162
165	162
165	162
165	162
165	164
165	164
165	164
165	164
165	164
165	164
165	164
164	163
164	163
164	163
164	163
164	163
164	163
164	163
164	163
164	163
164	163
164	163
164	163
164	163
164	163
164	163
164	163
164	163
164	163
164	163
164	163
164	163
164	163
164	163
164	163
163	163
163	163
163	163
163	163
163	163
163	163
163	163
163	163
163	163
163	163
163	163
163	163
163	163
163	164
163	164
163	164
163	164
163	164
163	164
163	164
163	164
163	164
163	164
163	164
163	164
163	164
163	164
163	164
164	164
164	164
164	164
164	164
164	164
164	164
164	164
164	164
164	165
164	165
164	165
164	165
164	165
164	165
164	165
164	164
164	164
164	164
164	164
164	164
164	164
164	164
164	164
164	164
164	164
164	164
164	164
164	164
164	164
164	164
164	164
164	164
164	164
164	164
164	164
164	164
164	164
164	161
164	161
164	161
164	161
164	161
164	161
164	161
164	161
164	161
164	161
164	161
164	161
164	161
164	161
164	161
165	160
165	160
165	160
165	160
165	160
165	160
165	160
165	160
165	163
165	163
165	163
165	163
165	163
165	163
165	163
165	164
165	164
165	164
165	164
165	164
165	164
165	164
165	164
165	164
165	164
165	164
165	164
165	164
165	164
165	164
165	165
165	165
165	165
165	165
165	165
165	165
165	165
166	165
166	165
166	165
166	165
166	165
166	165
166	165
166	165
166	165
166	165
166	165
166	165
166	165
166	165
166	165
166	165
166	165
166	165
166	165
166	165
166	165
166	165
165	165
165	165
165	165
165	165
165	165
165	165
165	165
165	165
165	165
165	165
165	165
165	165
165	165
165	165
165	165
165	165
165	165
165	165
165	165
165	165
165	165
165	165
165	165
165	164
165	164
165	164
165	164
165	164
165	164
165	164
165	164
165	164
165	164
165	164
165	164
165	164
165	164
165	164
165	164
165	164
165	164
165	164
165	164
165	164
165	164
164	164
164	164
164	164
164	164
164	164
164	164
164	164
164	164
164	164
164	164
164	164
164	164
164	164
164	164
164	164
164	164
164	164
164	164
164	164
164	164
164	164
164	164
164	163
164	163
164	163
164	163
164	163
164	163
164	163
164	163
164	163
164	163
164	163
164	163
164	163
164	163
164	163
164	163
164	163
164	163
165	163
165	163
165	163
165	163
165	161
165	161
165	161
165	161
165	161
165	161
165	161
165	161
164	161
164	161
164	161
164	161
164	161
164	161
164	161
164	161
164	161
164	161
164	161
164	161
164	161
164	161
164	161
164	161
164	161
164	161
164	161
164	161
164	161
164	161
165	164
165	164
165	164
165	164
165	164
165	164
165	164
165	164
165	164
165	164
165	164
165	164
165	164
165	164
165	164
165	164
165	164
165	164
165	164
165	164
165	164
165	164
165	164
165	164
165	164
165	164
165	164
165	164
165	164
165	164
165	164
165	164
165	164
165	164
165	164
165	164
165	164
165	164
165	164
165	164
165	164
165	164
165	164
165	164
164	162
164	162
162	162
162	162
162	162
162	162
162	162
162	162
161	160
161	160
161	160
161	160
161	160
161	160
161	160
160	159
160	159
160	159
160	159
160	159
160	159
160	159
160	159
159	159
159	159
159	159
159	159
159	159
159	159
159	159
159	159
159	159
159	159
159	159
159	159
159	159
159	159
159	159
159	159
159	159
159	159
159	159
159	159
159	159
159	159
159	159
159	159
159	159
159	159
159	159
159	159
159	159
159	160
159	160
159	160
159	160
159	160
159	160
159	160
159	160
160	160
160	160
160	160
160	160
160	160
160	160
160	160
160	160
160	160
160	160
160	160
160	160
160	160
160	160
160	160
162	158
162	158
162	158
162	158
162	158
162	158
162	158
162	158
163	158
163	158
163	158
163	158
163	158
163	158
164	158
164	158
164	158
164	158
164	158
164	158
164	158
164	158
163	160
163	160
163	160
163	160
163	160
163	160
163	160
161	160
161	160
161	160
161	160
161	160
161	160
161	160
161	160
160	159
160	159
160	159
160	159
160	159
160	159
160	159
159	159
159	159
159	159
159	159
159	159
159	159
159	159
159	157
159	157
159	157
159	157
159	157
159	157
159	157
159	157
158	158
158	158
158	158
158	158
158	158
158	158
158	158
158	157
158	157
158	157
158	157
158	157
158	157
158	157
158	157
157	157
157	157
157	157
157	157
157	157
157	157
157	157
157	157
157	157
157	157
157	157
157	157
157	157
157	157
157	158
157	158
157	158
157	158
157	158
157	158
157	158
157	158
157	158
157	158
157	158
157	158
157	158
157	158
157	158
157	156
157	156
157	156
157	156
157	156
157	156
157	156
157	156
157	154
157	154
157	154
157	154
157	154
157	154
157	154
157	152
157	152
157	152
157	152
157	152
157	152
157	152
157	152
157	150
157	150
157	150
157	150
157	150
157	150
157	150
157	148
157	148
157	148
157	148
157	148
157	148
157	148
157	149
157	149
157	149
157	149
157	149
157	149
157	149
157	149
157	147
157	147
157	147
157	147
157	147
157	147
157	147
160	146
160	146
160	146
160	146
160	146
160	146
160	146
160	146
163	144
163	144
163	144
163	144
163	144
163	144
163	144
164	143
164	143
164	143
164	143
164	143
164	143
164	143
164	141
164	141
164	141
164	141
164	141
164	141
164	141
166	141
166	144
166	144
166	144
166	144
166	144
166	144
166	144
166	142
166	142
166	142
166	142
166	142
166	142
166	142
166	142
166	140
166	140
166	140
166	140
166	140
166	140
166	140
166	138
166	138
166	138
166	138
166	138
166	138
166	138
166	136
166	136
166	136
166	136
166	136
166	136
166	136
166	136
166	139
166	139
166	139
166	139
166	139
166	139
166	139
166	137
166	137
166	137
166	137
166	137
166	137
166	137
166	137
167	135
167	135
167	135
167	135
167	135
167	135
167	135
167	133
167	133
167	133
167	133
167	133
167	133
167	133
167	131
167	131
167	131
167	131
167	131
167	131
167	131
167	131
168	129
168	129
168	129
168	129
168	129
168	129
168	129
167	127
167	127
167	127
167	127
167	127
167	127
167	127
167	127
167	125
167	125
167	125
167	125
167	125
167	125
167	125
167	123
167	123
167	123
167	123
167	123
167	123
167	123
167	123
166	120
166	120
166	120
166	120
166	120
166	120
166	120
166	123
166	123
166	123
166	123
166	123
166	123
166	123
166	121
166	121
166	121
166	121
166	121
166	121
166	121
166	121
166	121
166	121
166	121
166	121
166	121
166	121
166	121
166	119
166	119
166	119
166	119
166	119
166	119
166	119
166	119
166	120
166	120
166	120
166	120
166	120
166	120
166	120
166	118
166	118
166	118
166	118
166	118
166	118
166	118
167	116
167	116
167	116
167	116
167	116
167	116
167	116
167	116
167	119
167	119
167	119
167	119
167	119
167	119
167	119
167	119
167	119
167	119
167	119
167	119
167	119
167	119
167	119
168	117
168	117
168	117
168	117
168	117
168	117
168	117
168	115
168	115
168	115
168	115
168	115
168	115
168	115
168	113
168	113
168	113
168	113
168	113
168	113
168	113
168	113
168	111
168	111
168	111
168	111
168	111
168	111
168	111
168	109
168	109
168	109
168	109
168	109
168	109
168	109
168	109
168	107
168	107
168	107
168	107
168	107
168	107
168	107
168	108
168	108
168	108
168	108
168	108
168	108
168	108
168	108
168	111
168	111
168	111
168	111
168	111
168	111
168	111
168	110
168	110
168	110
168	110
168	110
168	110
168	110
168	108
168	108
168	108
168	108
168	108
168	108
168	108
168	108
167	111
167	111
167	111
167	111
167	111
167	111
167	111
167	114
167	114
167	114
167	114
167	114
167	114
167	114
167	114
167	111
167	111
167	111
167	111
167	111
167	111
167	111
167	109
167	109
167	109
167	109
167	109
167	109
167	109
167	113
167	113
167	113
167	113
167	113
167	113
167	113
167	113
167	111
167	111
167	111
167	111
167	111
167	111
167	111
167	113
167	113
167	113
167	113
167	113
167	113
167	113
167	113
167	116
168	116
168	116
168	116
168	116
168	116
168	116
168	112
168	112
168	112
168	112
168	112
168	112
168	112
168	113
168	113
168	113
168	113
168	113
168	113
168	113
168	113
168	111
168	111
168	111
168	111
168	111
168	111
168	111
167	109
167	109
167	109
167	109
167	109
167	109
167	109
167	109
167	108
167	108
167	108
167	108
167	108
167	108
167	108
166	106
166	106
166	106
166	106
166	106
166	106
166	106
166	106
166	104
166	104
166	104
166	104
166	104
166	104
166	104
166	103
166	103
166	103
166	103
166	103
166	103
166	103
167	101
167	101
167	101
167	101
167	101
167	101
167	101
167	101
166	104
166	104
166	104
166	104
166	104
166	104
166	104
166	102
166	102
166	102
166	102
166	102
166	102
166	102
166	102
166	100
166	100
166	100
166	100
166	100
166	100
166	100
166	103
166	103
166	103
166	103
166	103
166	103
166	103
166	99
166	99
166	99
166	99
166	99
166	99
166	99
166	99
167	101
167	101
167	101
167	101
167	101
167	101
167	101
167	99
167	99
167	99
167	99
167	99
167	99
167	99
167	99
167	96
167	96
167	96
167	96
167	96
167	96
167	96
167	98
167	98
167	98
167	98
167	98
167	98
167	98
167	96
167	96
167	96
167	96
167	96
167	96
167	96
167	96
168	96
168	96
168	96
168	96
168	96
168	96
168	96
168	101
168	101
168	101
168	101
168	101
168	101
168	101
168	101
168	99
168	99
168	99
168	99
168	99
168	99
168	99
168	99
168	99
168	99
168	99
168	99
168	99
168	99
168	99
168	102
168	102
168	102
168	102
168	102
168	102
168	102
167	100
167	100
167	100
167	100
167	100
167	100
167	100
166	103
166	103
166	103
166	103
166	103
166	103
166	103
166	103
166	103
166	103
166	103
166	103
166	103
166	103
166	103
165	101
165	101
165	101
165	101
165	101
165	101
165	101
165	101
165	99
165	99
165	99
165	99
165	99
165	99
165	99
165	102
165	102
165	102
165	102
165	102
165	102
165	102
164	102
164	102
164	102
164	102
164	102
164	102
164	102
164	102
164	105
164	105
164	105
164	105
164	105
164	105
164	105
164	102
164	102
164	102
164	102
164	102
164	102
164	102
164	102
164	100
164	100
164	100
164	100
164	100
164	100
164	100
164	98
164	98
164	98
164	98
164	98
164	98
164	98
164	102
164	102
164	102
164	102
164	102
164	102
164	102
164	102
164	99
164	99
164	99
164	99
164	99
164	99
164	99
165	102
165	102
165	102
165	102
165	102
165	102
165	102
165	102
166	100
166	100
166	100
166	100
166	100
166	100
166	100
167	98
167	98
167	98
167	98
167	98
167	98
167	98
167	101
167	101
167	101
167	101
167	101
167	101
167	101
167	101
166	99
166	99
166	99
166	99
166	99
166	99
166	99
166	97
166	97
166	97
166	97
166	97
166	97
166	97
166	97
165	97
165	97
165	97
165	97
165	97
165	97
165	97
165	98
165	98
165	98
165	98
165	98
165	98
165	98
165	98
165	99
165	99
165	99
165	99
165	99
165	99
165	99
165	102
165	102
165	102
165	102
165	102
165	102
165	102
165	99
165	99
165	99
165	99
165	99
165	99
165	99
165	99
165	104
165	104
165	104
165	104
165	104
165	104
165	104
168	102
168	102
168	102
168	102
168	102
168	102
168	102
168	102
168	100
168	100
168	100
168	100
168	100
168	100
168	100
168	102
168	102
168	102
168	102
168	102
168	102
168	102
168	105
168	105
168	105
168	105
168	105
168	105
168	105
168	105
168	107
168	107
167	107
167	107
167	107
167	107
167	107
167	109
167	109
167	109
167	109
167	109
167	109
167	109
167	109
167	112
167	112
167	112
167	112
167	112
167	112
167	112
167	109
167	109
167	109
167	109
167	109
167	109
167	109
167	109
167	107
167	107
167	107
167	107
167	107
167	107
167	107
167	109
167	109
167	109
167	109
167	109
167	109
167	109
166	107
166	107
166	107
166	107
166	107
166	107
166	107
166	107
166	105
166	105
166	105
166	105
166	105
166	105
166	105
166	104
166	104
166	104
166	104
166	104
166	104
166	104
166	104
167	106
167	106
167	106
167	106
167	106
167	106
167	106
166	104
166	104
166	104
166	104
166	104
166	104
166	104
166	102
166	102
166	102
166	102
166	102
166	102
166	102
166	102
166	101
166	101
166	101
166	101
166	101
166	101
166	101
166	106
166	106
166	106
166	106
166	106
166	106
166	106
166	106
166	104
166	104
166	104
166	104
166	104
166	104
166	104
166	103
166	103
166	103
166	103
166	103
166	103
166	103
166	108
166	108
166	108
166	108
166	108
166	108
166	108
166	108
166	104
166	104
166	104
166	104
166	104
166	104
166	104
165	102
165	102
165	102
165	102
165	102
165	102
165	102
165	102
158	100
158	100
158	100
158	100
158	100
158	100
161	100
163	102
163	102
163	102
163	102
163	102
163	102
163	102
163	102
163	101
163	101
163	101
163	101
163	101
163	101
163	101
164	99
164	99
164	99
164	99
164	99
164	99
164	99
164	97
164	97
164	97
164	97
164	97
164	97
164	97
164	97
164	97
164	97
164	97
164	97
164	97
164	97
164	97
164	98
164	98
164	98
164	98
164	98
164	98
164	98
164	98
164	96
164	96
164	96
164	96
164	96
164	96
164	96
164	100
164	100
164	100
164	100
164	100
164	100
164	100
164	98
164	98
164	98
164	98
164	98
164	98
164	98
164	98
164	96
164	96
164	96
164	96
164	96
164	96
164	96
164	94
164	94
164	94
164	94
164	94
164	94
164	94
164	94
164	97
164	97
164	97
164	97
164	97
164	97
164	97
164	93
164	93
164	93
164	93
164	93
164	93
164	93
164	94
164	94
164	94
164	94
164	94
164	94
164	94
164	94
164	96
164	96
164	96
164	96
164	96
164	96
164	96
164	100
164	100
164	100
164	100
164	100
164	100
164	100
164	100
164	103
164	103
164	103
164	103
164	103
164	103
164	103
164	101
164	101
164	101
164	101
164	101
164	101
164	101
164	101
164	99
164	99
164	99
164	99
164	99
164	99
164	99
164	97
164	97
161	97
161	97
161	97
161	97
161	97
160	96
160	96
160	96
160	96
160	96
160	96
160	96
160	96
160	94
160	94
160	94
160	94
160	94
160	94
160	94
160	92
160	92
160	92
160	92
160	92
160	92
160	92
160	92
160	95
160	95
160	95
160	95
160	95
160	95
160	95
160	98
160	98
160	98
160	98
160	98
160	98
160	98
160	101
160	101
160	101
160	101
160	101
160	101
159	101
159	101
157	106
157	106
157	106
157	106
157	106
157	106
157	106
157	104
157	104
157	104
157	104
157	104
157	104
157	104
157	104
155	107
155	107
155	107
155	107
155	107
155	107
155	107
155	108
155	108
155	108
155	108
155	108
155	108
155	108
159	106
160	106
160	106
160	106
160	106
160	106
160	106
160	106
162	109
162	109
162	109
162	109
162	109
162	109
162	109
163	112
163	112
163	112
163	112
163	112
163	112
163	112
163	112
163	114
163	114
163	114
163	114
163	114
163	114
163	114
163	113
163	113
163	113
163	113
163	113
163	113
163	113
163	113
163	113
163	113
163	113
163	113
163	113
163	113
163	113
163	116
163	116
163	116
163	116
163	116
163	116
163	116
163	119
163	119
163	119
163	119
163	119
163	119
163	119
163	119
163	123
163	123
163	123
163	123
163	123
163	123
163	123
163	126
163	126
163	126
163	126
163	126
163	126
163	126
163	126
163	129
163	129
163	129
163	129
163	129
163	129
163	129
163	125
163	125
163	125
163	125
163	125
163	125
163	125
163	123
163	123
163	123
163	123
163	123
163	123
163	123
163	123
163	122
163	122
163	122
163	122
163	122
163	122
163	122
163	120
163	120
163	120
163	120
163	120
163	120
163	120
163	120
163	118
163	118
163	118
163	118
163	118
163	118
163	118
164	116
164	116
164	116
164	116
164	116
164	116
164	116
164	114
164	114
164	114
164	114
164	114
164	114
164	114
164	114
165	112
165	112
165	112
165	112
165	112
165	112
165	112
166	110
166	110
166	110
166	110
166	110
166	110
166	110
166	110
167	108
167	108
167	108
167	108
167	108
167	108
167	108
166	106
166	106
166	106
166	106
166	106
166	106
166	106
166	106
165	104
165	104
165	104
165	104
165	104
165	104
165	104
164	108
164	108
164	108
164	108
164	108
164	108
164	108
162	106
162	106
162	106
162	106
162	106
162	106
162	106
162	106
162	104
162	104
162	104
162	104
162	104
162	104
162	104
162	107
162	107
162	107
162	107
162	107
162	107
162	107
162	107
162	109
162	109
162	109
162	109
162	109
162	109
162	109
161	107
161	107
161	107
161	107
161	107
161	107
161	107
161	108
161	108
161	108
161	108
161	108
161	108
161	108
161	108
162	112
162	112
162	112
162	112
162	112
162	112
162	112
162	109
162	109
162	109
162	109
162	109
162	109
162	109
162	109
163	113
163	113
163	113
163	113
163	113
163	113
163	113
164	116
164	116
164	116
164	116
164	116
164	116
164	116
164	119
164	119
164	119
164	119
164	119
165	119
165	119
165	119
165	117
165	117
165	117
165	117
165	117
165	117
165	117
165	119
165	119
165	119
165	119
165	119
165	119
165	119
165	119
165	122
165	122
165	122
165	122
165	122
165	122
165	122
165	122
165	122
165	122
165	122
165	122
165	122
165	122
165	120
166	120
166	120
166	120
166	120
166	120
166	120
166	120
166	118
166	118
166	118
166	118
166	118
166	118
166	118
166	116
166	116
166	116
166	116
166	116
166	116
166	116
166	116
166	114
166	114
166	114
166	114
166	114
166	114
166	114
166	112
166	112
166	112
166	112
166	112
166	112
166	112
166	112
167	115
167	115
167	115
167	115
167	115
167	115
167	115
167	118
167	118
167	118
167	118
167	118
166	118
166	118
166	115
166	115
166	115
166	115
166	115
166	115
166	115
166	115
166	113
166	113
166	113
166	113
166	113
166	113
166	113
165	112
165	112
165	112
165	112
165	112
165	112
165	112
165	112
166	114
166	114
166	114
166	114
166	114
166	114
166	114
166	112
166	112
166	112
166	112
166	112
166	112
166	112
166	112
166	112
166	112
166	112
166	112
166	112
166	112
166	112
166	111
166	111
166	111
166	111
166	111
166	111
166	111
167	111
167	111
167	111
167	111
167	111
167	111
167	111
167	111
168	114
168	114
168	114
168	114
168	114
168	114
168	114
168	112
168	112
168	112
168	112
168	112
168	112
168	112
168	115
168	115
168	115
168	115
168	115
168	115
168	115
168	115
169	118
169	118
169	118
169	118
169	118
169	118
169	118
169	116
169	116
169	116
169	116
169	116
169	116
169	116
169	116
169	119
169	119
169	119
169	119
169	119
169	119
169	119
169	123
169	123
169	123
169	123
169	123
169	123
169	123
169	123
168	121
168	121
168	121
168	121
168	121
168	121
168	121
168	119
168	119
168	119
168	119
168	119
168	119
168	119
168	123
168	123
168	123
168	123
168	123
168	123
168	123
168	123
168	123
168	123
168	123
168	123
168	123
168	123
168	123
167	121
167	121
167	121
167	121
167	121
167	121
167	121
167	121
167	117
167	117
167	117
167	117
167	117
167	117
167	117
167	115
167	115
167	115
167	115
167	115
167	115
167	115
167	113
167	113
167	113
167	113
167	113
167	113
167	113
167	113
167	113
167	113
167	113
167	113
167	113
167	113
167	113
167	111
167	111
167	111
167	111
167	111
167	111
167	111
167	111
167	111
167	111
167	111
167	111
167	111
167	111
167	111
167	109
167	109
167	109
167	109
167	109
167	109
167	109
167	107
167	107
167	107
167	107
167	107
167	107
166	107
166	107
166	107
166	107
166	107
166	107
166	107
166	107
166	107
166	106
166	106
166	106
166	106
166	106
166	106
166	106
166	106
166	106
166	106
166	106
166	106
166	106
166	106
166	106
166	106
166	106
166	106
166	106
166	106
166	106
166	106
166	107
166	107
166	107
166	107
166	107
166	107
166	107
166	107
166	107
166	107
166	107
166	107
166	107
166	107
166	107
166	107
166	107
166	107
166	107
166	107
166	107
166	107
166	107
166	105
166	105
166	105
166	105
166	105
166	105
166	105
166	107
166	107
166	107
166	107
166	107
166	107
166	107
166	107
167	107
167	107
167	107
167	107
167	107
167	107
167	107
167	106
167	106
167	106
167	106
167	106
167	106
167	106
168	104
168	104
168	104
168	104
168	104
168	104
168	104
168	104
168	103
168	103
168	103
168	103
168	103
168	103
168	103
169	103
169	103
169	103
169	103
169	103
169	103
169	103
169	103
169	101
169	101
169	101
169	101
169	101
169	101
169	101
169	103
169	103
169	103
169	103
169	103
169	103
169	103
168	103
168	103
168	103
168	103
168	103
168	103
168	103
168	103
168	106
168	106
168	106
168	106
168	106
168	106
168	106
168	109
168	109
168	109
168	109
168	109
168	109
168	109
168	109
167	106
167	106
167	106
167	106
167	106
167	106
167	106
167	107
167	107
167	107
167	107
167	107
167	107
167	107
167	106
167	106
167	106
166	106
166	106
166	106
166	106
166	106
166	103
166	103
166	103
166	103
166	103
166	103
166	103
165	105
165	105
165	105
165	105
165	105
165	105
165	105
165	105
165	103
165	103
165	103
165	103
165	103
165	103
165	103
165	102
165	102
165	102
165	102
165	102
165	102
165	102
166	103
166	103
166	103
166	103
166	103
166	103
166	103
166	103
167	102
167	102
167	102
167	102
167	102
167	102
167	102
168	102
168	102
168	102
168	102
168	102
168	102
168	102
168	102
168	100
168	100
168	100
168	100
168	100
168	100
168	100
169	98
170	98
170	98
170	98
170	98
170	98
170	98
171	97
171	97
171	97
171	97
171	97
171	97
171	97
171	97
171	95
171	95
171	95
171	95
171	95
171	95
171	95
172	95
172	95
172	95
172	95
172	95
172	95
172	95
172	95
172	93
172	93
172	93
172	93
172	93
172	93
172	93
172	92
172	92
172	92
172	92
172	92
172	92
172	92
172	92
172	93
172	93
172	93
172	93
172	93
172	93
172	93
172	92
172	92
172	92
172	92
172	92
172	92
172	92
172	90
172	90
172	90
172	90
172	90
172	90
172	90
172	90
172	89
172	89
172	89
172	89
172	89
172	89
172	89
172	92
172	92
172	92
172	92
172	92
172	92
171	92
171	92
171	94
171	94
171	94
171	94
171	94
171	94
171	94
171	94
171	94
171	94
171	94
171	94
171	94
171	94
172	92
172	92
172	92
172	92
172	92
172	92
172	92
172	92
172	92
172	92
172	92
172	92
172	92
172	92
172	92
172	95
172	95
173	95
173	95
173	95
173	95
173	95
173	95
173	98
173	98
173	98
173	98
173	98
173	98
173	98
173	98
173	98
173	98
173	98
173	98
173	98
173	98
173	101
173	101
173	101
173	101
173	101
173	101
173	101
173	101
174	99
174	99
174	99
174	99
174	99
174	99
174	99
175	103
175	103
175	103
175	103
175	103
175	103
175	103
175	103
174	102
174	102
174	102
174	102
174	102
175	102
175	102
175	102
175	102
175	102
175	102
175	102
175	102
175	102
175	99
175	99
175	99
175	99
175	99
175	99
175	99
175	99
175	102
175	102
175	102
175	102
175	102
175	102
175	102
175	100
175	100
175	100
175	100
175	100
175	100
175	100
175	100
175	96
175	96
175	96
175	96
175	96
175	96
175	96
175	97
175	97
175	97
175	97
175	97
175	97
175	97
175	97
175	95
175	95
175	95
175	95
175	95
175	95
175	95
175	94
175	94
175	94
175	94
175	94
175	94
175	94
175	99
175	99
175	99
175	99
175	99
175	99
175	99
175	99
175	98
175	98
175	98
175	98
175	98
175	98
175	98
175	97
175	97
175	97
175	97
175	97
175	97
175	97
175	97
176	95
176	95
176	95
176	95
176	95
176	95
176	95
175	93
175	93
175	93
175	93
175	93
175	93
175	93
175	97
175	97
175	97
175	97
175	97
175	97
175	97
175	97
175	98
175	98
175	98
175	98
175	98
175	98
175	98
176	96
176	96
176	96
176	96
176	96
176	96
176	96
176	96
176	94
176	94
176	94
176	94
176	94
176	94
176	94
176	97
176	97
176	97
176	97
176	97
176	97
176	97
176	98
176	98
176	98
176	98
176	98
176	98
176	98
176	98
175	96
175	96
175	96
175	96
175	96
175	96
175	96
175	93
175	93
175	93
175	93
175	93
175	93
175	93
175	93
176	96
176	96
176	96
176	96
176	96
176	96
176	96
176	100
176	100
176	100
176	100
176	100
176	100
176	100
176	100
176	98
176	98
176	98
176	98
176	98
176	98
176	98
176	99
176	99
176	99
176	99
176	99
176	99
176	99
176	99
176	99
176	99
176	99
176	99
176	99
176	99
176	99
175	97
175	97
175	97
175	97
175	97
175	97
175	97
174	95
174	95
174	95
174	95
174	95
174	95
174	95
174	95
173	95
173	95
173	95
173	95
173	95
173	95
173	95
173	98
173	98
173	98
173	98
173	98
173	98
173	98
173	95
173	95
173	95
173	95
173	95
173	95
173	95
173	95
173	93
173	93
173	93
173	93
173	93
173	93
173	93
173	91
173	91
173	91
173	91
173	91
173	91
173	91
173	91
173	89
173	89
173	89
173	89
173	89
173	89
173	89
173	88
173	88
173	88
173	88
173	88
173	88
173	88
174	91
174	91
174	91
174	91
174	91
174	91
174	91
174	91
174	94
174	94
174	94
174	94
174	94
174	94
174	94
175	92
175	92
175	92
175	92
175	92
175	92
175	92
175	92
176	90
176	90
176	90
176	90
176	90
176	90
176	90
176	94
176	94
176	94
176	94
176	94
176	94
176	94
175	97
175	97
175	97
175	97
175	97
175	97
175	97
175	97
174	93
174	93
174	93
174	93
174	93
174	93
174	93
173	91
173	91
173	91
173	91
173	91
173	91
173	91
173	91
173	91
173	91
173	91
173	91
173	91
173	91
173	91
173	94
173	94
173	94
173	94
173	94
173	94
173	94
173	94
173	97
173	97
173	97
173	97
173	97
173	97
173	97
173	97
173	97
173	97
173	97
173	97
173	97
173	97
172	100
172	100
172	100
172	100
172	100
172	100
172	100
172	100
172	103
172	103
172	103
172	103
172	103
172	103
172	103
172	106
172	106
172	106
172	106
172	106
172	106
172	106
172	106
171	103
171	103
171	103
171	103
171	103
171	103
171	103
171	106
171	106
171	106
171	106
171	106
171	106
171	106
169	109
169	109
169	109
169	109
169	109
169	109
169	109
169	109
168	113
168	113
168	113
168	113
168	113
168	113
168	113
167	114
167	114
167	114
167	114
167	114
167	114
167	114
167	114
167	113
167	113
167	113
167	113
167	113
167	113
167	113
167	113
167	113
167	113
167	113
167	113
167	113
167	113
166	111
166	111
166	111
166	111
166	111
166	111
166	111
166	111
165	109
165	109
165	109
165	109
165	109
165	109
165	109
164	113
164	113
164	113
164	113
164	113
164	113
164	113
164	113
164	111
164	111
164	111
164	111
164	111
164	111
164	111
164	109
164	109
164	109
164	109
164	109
164	109
164	109
164	111
164	111
164	111
164	111
164	111
164	111
164	111
164	111
164	111
164	111
164	111
164	111
164	111
164	111
164	111
164	111
164	111
164	111
164	111
164	111
164	111
161	111
161	111
158	112
158	112
158	112
158	112
158	112
158	112
158	112
157	113
157	113
157	113
157	113
157	113
157	113
157	113
157	113
155	113
155	113
155	113
155	113
155	113
155	113
155	113
154	112
154	112
154	112
154	112
154	112
154	112
154	112
154	111
154	111
154	111
154	111
154	111
154	111
154	111
154	111
154	112
154	112
154	112
154	112
154	112
154	112
154	112
154	110
154	110
154	110
154	110
154	110
154	110
154	110
154	110
154	111
154	111
154	111
154	111
154	111
154	111
154	111
154	113
154	113
154	113
153	113
153	113
153	113
153	113
151	113
151	113
151	113
151	113
151	113
151	113
151	113
151	113
150	117
150	117
150	117
150	117
150	117
150	117
150	117
150	115
150	115
150	115
150	115
150	115
150	115
150	115
150	115
150	117
150	117
150	117
150	117
150	117
149	117
149	117
149	118
149	118
149	118
149	118
149	118
149	118
149	118
149	118
149	118
149	118
149	118
149	118
149	118
149	118
149	118
149	118
149	118
149	118
149	118
149	118
149	118
149	118
149	119
149	119
149	119
149	119
149	119
149	119
149	119
149	119
149	119
149	119
149	119
149	119
149	119
149	119
149	119
149	119
149	119
149	119
149	119
149	119
149	119
149	119
149	116
149	116
149	116
149	116
149	116
149	116
149	116
149	116
149	114
149	114
149	114
149	114
149	114
149	114
149	114
149	113
149	113
149	113
149	113
149	113
149	113
149	113
149	113
149	113
149	113
149	113
149	113
149	113
149	113
149	113
149	112
149	112
149	112
149	112
149	112
149	112
149	112
149	111
149	111
149	111
149	111
149	111
149	111
149	111
149	111
149	109
149	109
149	109
149	109
149	109
149	109
149	109
149	110
149	110
149	110
149	110
149	110
149	110
149	110
149	110
148	108
148	108
148	108
148	108
148	108
148	108
148	108
148	106
148	106
148	106
148	106
148	106
148	106
148	106
148	106
148	110
148	110
148	110
148	110
148	110
148	110
148	110
148	111
148	111
148	111
148	111
148	111
148	111
148	111
148	109
148	109
148	109
148	109
148	109
148	109
148	109
148	109
148	109
148	109
148	109
148	109
148	109
148	109
148	109
148	107
148	107
148	107
148	107
148	107
148	107
148	107
148	107
148	104
148	104
148	104
148	104
148	104
148	104
148	104
148	104
148	104
148	104
148	104
148	104
148	104
148	104
148	105
148	105
148	105
148	105
148	105
148	105
148	105
148	105
148	104
148	104
148	104
148	104
148	104
148	104
148	104
148	107
148	107
148	107
148	107
148	107
148	107
148	107
148	107
148	105
148	105
148	105
148	105
148	105
148	105
148	105
148	105
148	105
148	105
148	105
148	105
148	105
148	105
148	106
148	106
148	106
148	106
148	106
148	106
148	106
148	106
148	109
148	109
148	109
148	109
148	109
148	109
148	109
148	107
147	107
147	107
147	107
147	107
147	107
147	107
147	107
143	108
143	108
143	108
143	108
143	108
143	108
143	108
142	106
142	106
142	106
142	106
142	106
142	106
142	106
141	106
141	106
141	106
141	106
141	106
141	106
141	106
141	106
138	104
138	104
138	104
138	104
138	104
138	104
138	104
137	107
137	107
137	107
137	107
137	107
137	107
137	107
137	107
137	108
137	108
137	108
137	108
137	108
137	108
137	108
142	108
142	108
142	108
142	108
142	108
142	108
142	108
147	108
147	108
147	108
147	108
147	108
147	108
147	108
147	108
151	111
151	111
151	111
151	111
151	111
151	111
151	111
