98	0
98	0
98	0
98	0
98	0
98	0
97	0
97	0
97	0
97	0
97	0
97	0
98	0
98	0
98	0
98	0
98	0
98	0
98	0
98	0
98	0
98	0
98	0
98	0
98	0
98	0
99	0
99	0
99	0
99	0
99	0
99	0
99	0
99	0
99	0
99	0
100	0
100	0
100	0
100	0
100	0
102	0
102	0
102	0
102	0
102	0
102	0
102	0
102	0
103	58
103	58
103	58
103	58
103	58
103	58
103	58
103	58
104	58
104	58
104	58
104	58
104	58
104	58
104	58
104	58
104	58
104	58
104	58
104	58
104	58
104	58
104	58
105	56
105	56
105	56
105	56
105	56
105	56
105	56
105	56
105	56
105	56
105	56
105	56
105	56
105	56
105	56
105	56
105	58
105	58
105	58
105	58
105	58
105	58
105	58
105	59
105	59
105	59
105	59
105	59
105	59
105	59
105	59
106	58
106	58
106	58
106	58
106	58
106	58
106	58
106	58
106	59
105	59
105	59
105	59
105	59
105	59
105	59
105	59
106	62
106	62
106	62
106	62
106	62
106	62
106	62
106	61
106	61
106	61
106	61
106	61
106	61
106	61
106	61
107	59
107	59
107	59
107	59
107	59
107	59
107	59
107	59
108	58
108	58
108	58
108	58
108	58
108	58
109	58
109	56
109	56
109	56
109	56
109	56
109	56
109	56
109	56
109	53
109	53
109	53
109	53
109	53
109	53
109	53
109	53
111	53
111	53
111	53
111	53
111	53
111	53
111	53
111	53
112	52
112	52
112	52
112	52
112	52
112	52
112	52
113	50
113	50
113	50
113	50
113	50
113	50
113	50
113	50
113	50
114	50
114	50
114	50
114	50
114	50
114	50
114	50
114	52
114	52
114	52
114	52
114	52
114	52
114	52
114	52
114	53
114	53
114	53
114	53
114	53
114	53
114	53
113	54
113	54
113	54
113	54
113	54
113	54
113	54
113	54
113	54
113	54
113	54
113	54
113	54
113	54
113	54
113	54
113	54
112	54
112	54
112	54
112	54
112	54
112	54
112	54
112	54
112	54
112	54
112	54
112	54
112	54
112	54
112	52
111	52
111	52
111	52
111	52
111	52
111	52
111	52
111	52
110	52
110	52
110	52
110	52
110	52
110	52
110	52
109	52
109	52
109	52
109	52
109	52
109	52
109	52
108	52
108	52
108	52
108	52
108	52
108	52
108	52
108	52
108	54
108	54
108	54
108	54
108	54
108	54
108	54
108	54
109	52
109	52
109	52
109	52
109	52
109	52
109	52
109	52
109	49
109	49
109	49
109	49
109	49
109	49
109	49
110	52
110	52
110	52
110	52
110	52
110	52
110	52
110	52
111	52
111	52
111	52
111	52
111	52
111	52
111	52
111	52
111	50
111	50
111	50
111	50
111	50
111	50
111	50
111	53
111	53
111	53
111	53
111	53
111	53
111	53
111	53
111	54
111	54
111	54
111	54
111	54
111	54
111	54
111	54
110	58
110	58
110	58
110	58
110	58
110	58
110	58
110	58
111	59
111	59
111	59
111	59
111	59
111	59
111	59
111	58
111	58
111	58
111	58
111	58
111	58
111	58
111	58
112	58
112	58
112	58
112	58
112	58
112	58
112	58
112	58
113	58
113	58
113	58
113	58
113	58
113	58
113	58
113	58
113	60
113	60
113	60
113	60
113	60
113	60
113	60
113	59
113	59
113	59
113	59
113	59
113	59
113	59
113	59
113	58
113	58
113	58
113	58
113	58
113	58
113	58
113	58
113	58
113	58
113	58
113	58
113	58
113	58
113	58
113	58
113	61
113	61
113	61
113	61
113	61
113	61
113	61
112	64
112	64
112	64
112	64
112	64
112	64
112	64
112	64
111	62
111	62
111	62
111	62
111	62
111	62
111	62
111	62
111	65
110	65
110	65
110	65
110	65
110	65
110	65
110	63
110	63
110	63
110	63
110	63
110	63
110	63
110	63
109	62
109	62
109	62
109	62
109	62
109	62
109	62
109	62
109	61
109	61
109	61
109	61
109	61
109	61
109	61
109	61
108	61
108	61
108	61
108	61
108	61
108	61
108	61
108	59
108	59
108	59
108	59
108	59
108	59
108	59
108	59
109	58
109	58
109	58
109	58
109	58
109	58
109	58
109	58
109	59
109	59
109	59
109	59
109	59
109	59
109	59
109	59
110	57
110	57
110	57
110	57
110	57
110	57
110	57
111	56
111	56
111	56
111	56
111	56
111	56
111	56
111	56
110	57
110	57
110	57
110	57
110	57
110	57
110	57
110	57
110	57
110	57
110	57
110	57
110	57
110	57
110	57
110	54
110	54
110	54
110	54
110	54
110	54
110	54
110	54
111	52
111	52
111	52
111	52
111	52
111	52
111	52
109	52
109	52
108	52
108	52
108	52
108	52
108	52
108	52
108	52
108	53
108	53
108	53
108	53
108	53
108	53
108	53
108	56
107	56
107	56
107	56
107	56
107	56
107	56
107	56
108	59
108	59
108	59
108	59
108	59
108	59
108	59
108	59
108	60
108	60
108	60
108	60
108	60
108	60
108	60
108	60
109	59
109	59
109	59
109	59
109	59
109	59
109	59
109	59
109	59
109	59
109	59
109	59
109	59
109	59
109	59
110	59
110	59
110	59
110	59
110	59
110	59
110	59
110	59
110	59
110	59
110	59
110	59
110	59
110	59
110	59
110	59
110	59
110	59
110	59
110	59
110	59
110	59
110	59
111	59
111	59
111	59
111	59
111	59
111	59
111	59
111	59
112	58
112	58
112	58
112	58
112	58
112	58
112	58
113	58
114	57
114	57
114	57
114	57
114	57
114	57
114	57
114	57
114	57
114	57
114	57
114	57
114	57
114	57
114	57
114	58
114	58
114	58
114	58
114	58
114	58
114	58
114	58
116	58
116	58
116	58
116	58
116	58
116	58
116	58
116	58
117	56
116	56
116	56
116	56
116	56
116	56
116	56
116	57
116	57
116	57
116	57
116	57
116	57
116	57
116	57
116	58
116	58
116	58
116	58
116	58
116	58
116	58
116	58
114	59
114	59
114	59
114	59
114	59
114	59
114	59
114	59
113	56
113	56
113	56
113	56
113	56
113	56
113	56
112	56
112	56
112	56
112	56
112	56
112	56
112	56
112	56
112	58
112	58
112	58
112	58
112	58
112	58
112	58
112	58
112	57
112	57
112	57
112	57
112	57
112	57
112	57
112	57
112	55
112	55
112	55
112	55
112	55
112	55
112	55
112	54
112	54
112	54
112	54
112	54
112	54
112	54
112	54
112	53
112	53
112	53
112	53
112	53
112	53
112	53
112	53
112	54
112	54
112	54
112	54
112	54
112	54
112	54
112	56
112	56
112	56
112	56
112	56
112	56
112	56
112	56
111	56
111	56
111	56
111	56
111	56
111	56
111	56
111	56
111	57
111	57
111	57
111	57
111	57
111	57
111	57
111	57
110	57
110	57
110	57
110	57
110	57
110	57
110	57
111	57
111	57
111	57
111	57
111	57
111	57
111	57
111	57
110	60
110	60
110	60
110	60
110	60
110	60
110	60
110	60
110	62
110	62
110	62
110	62
110	62
110	62
110	62
110	62
110	62
110	62
110	62
110	62
110	62
110	62
110	62
110	62
110	62
110	62
110	62
110	62
110	62
110	62
110	62
111	60
111	60
111	60
111	60
111	60
111	60
111	60
111	60
111	58
111	58
111	58
111	58
111	58
111	58
111	58
111	58
111	57
111	57
111	57
111	57
111	57
111	57
111	57
111	58
111	58
111	58
111	58
111	58
111	58
111	58
111	58
112	59
112	59
112	59
112	59
112	59
112	59
112	59
112	59
113	59
113	59
113	59
113	59
113	59
113	59
113	59
114	60
114	60
114	60
114	60
114	60
114	60
114	60
114	60
114	61
114	61
114	61
114	61
114	61
114	61
114	61
114	61
114	61
114	61
114	61
114	61
114	61
114	61
114	61
114	61
114	61
114	61
114	61
114	61
114	61
114	61
114	61
114	61
115	61
115	61
115	61
115	61
115	61
115	61
115	61
115	61
115	61
115	61
115	61
115	61
115	61
115	61
115	61
115	64
115	64
115	64
115	64
115	64
115	64
115	64
115	64
115	62
115	62
115	62
115	62
115	62
115	62
115	62
114	60
114	60
114	60
114	60
114	60
114	60
114	60
114	60
114	62
114	62
114	62
114	62
114	62
114	62
114	62
114	62
113	60
113	60
113	60
113	60
113	60
113	60
113	60
113	60
113	63
113	63
113	63
113	63
113	63
113	63
113	63
112	62
112	62
112	62
112	62
112	62
112	62
112	62
112	62
112	61
111	61
111	61
111	61
111	61
111	61
111	61
111	61
111	61
111	61
111	61
111	61
111	61
111	61
111	61
111	61
111	61
111	61
111	61
111	61
111	61
111	61
111	61
111	61
111	61
111	61
111	61
111	61
111	61
111	61
111	61
112	60
112	60
112	60
112	60
112	60
112	60
112	60
112	60
113	62
113	62
113	62
113	62
113	62
113	62
113	62
114	65
114	65
114	65
114	65
114	65
114	65
114	65
114	65
114	65
114	65
114	65
114	65
114	65
114	65
114	65
114	65
114	67
114	67
114	67
114	67
114	67
114	67
114	67
114	67
114	66
114	66
114	66
114	66
114	66
114	66
114	66
114	65
113	65
113	65
113	65
113	65
113	65
113	65
113	65
112	65
112	65
112	65
112	65
112	65
112	65
112	65
112	65
112	63
112	63
112	63
112	63
112	63
112	63
112	63
112	63
112	64
112	64
112	64
112	64
112	64
112	64
112	64
111	64
111	64
111	64
111	64
111	64
111	64
111	64
111	64
111	67
111	67
111	67
111	67
111	67
111	67
111	67
111	67
112	65
112	65
112	65
112	65
112	65
112	65
112	65
112	65
112	68
112	68
112	68
112	68
112	68
112	68
112	68
111	66
111	66
111	66
111	66
111	66
111	66
111	66
111	66
111	63
111	63
111	63
109	63
109	63
109	63
109	63
109	63
109	61
109	61
109	61
109	61
109	61
109	61
109	61
108	59
108	59
108	59
108	59
108	59
108	59
108	59
108	59
108	62
108	62
108	62
108	62
108	62
108	62
108	62
108	62
108	66
108	66
108	66
108	66
108	66
108	66
108	66
108	66
107	69
107	69
106	69
106	69
106	69
106	69
106	69
106	66
106	66
106	66
106	66
106	66
106	66
106	66
106	66
105	65
105	65
105	65
105	65
105	65
105	65
105	65
105	65
106	66
106	66
106	66
106	66
106	66
106	66
106	66
106	66
106	66
106	66
106	66
106	66
106	66
106	66
106	66
106	66
106	66
106	66
106	66
106	66
106	66
106	66
106	66
106	68
106	68
106	68
106	68
106	68
106	68
106	68
106	68
106	69
106	69
106	69
106	69
106	69
106	69
106	69
106	69
107	68
107	68
107	68
107	68
107	68
107	68
107	68
107	72
107	72
107	72
107	72
107	72
107	72
107	72
107	72
107	75
107	75
107	75
107	75
107	75
107	75
107	75
107	75
107	72
107	72
107	72
107	72
107	72
107	72
107	72
107	72
108	72
108	72
108	72
108	72
108	72
108	72
108	72
108	73
108	73
108	73
108	73
108	73
108	73
108	73
108	73
108	74
108	74
108	74
108	74
108	74
108	74
108	74
108	74
109	74
109	74
109	74
109	74
109	74
109	74
109	74
110	74
110	74
110	74
112	74
112	74
112	74
112	74
112	74
114	73
114	73
114	73
114	73
114	73
114	73
114	73
114	73
117	71
117	71
117	71
117	71
117	71
117	71
117	71
117	71
118	69
118	69
118	69
118	69
118	69
118	69
118	69
115	69
115	69
115	69
115	69
115	69
115	69
115	69
115	69
114	71
114	71
111	71
111	71
111	71
111	71
111	71
111	71
109	71
109	71
109	71
109	71
109	71
109	71
109	71
109	71
109	69
109	69
109	69
109	69
109	69
109	69
109	69
110	72
110	72
110	72
110	72
110	72
110	72
110	72
110	72
111	73
111	73
111	73
111	73
111	73
111	73
111	73
111	73
111	71
111	71
111	71
111	71
111	71
111	71
111	71
111	71
110	72
110	72
110	72
110	72
110	72
110	72
110	72
109	73
109	73
109	73
109	73
109	73
109	73
109	73
109	73
109	73
109	73
109	73
109	73
109	73
109	73
109	73
109	73
109	71
109	71
109	71
109	71
109	71
109	71
110	71
110	71
111	69
111	69
111	69
111	69
111	69
111	69
111	69
111	72
111	72
111	72
111	72
111	72
111	72
111	72
111	72
112	76
112	76
112	76
112	76
112	76
112	76
112	76
112	76
112	77
112	77
112	77
112	77
112	77
112	77
112	77
112	77
113	78
113	78
113	78
113	78
113	78
113	78
113	78
113	78
113	78
113	78
113	78
113	78
113	78
113	78
113	78
113	82
113	82
113	82
113	82
113	82
113	82
113	82
113	82
113	79
113	79
113	79
113	79
113	79
113	79
113	79
113	78
113	78
113	78
113	78
113	78
113	78
113	78
113	78
113	77
113	77
113	77
113	77
113	77
113	77
113	77
113	77
113	80
113	80
113	80
113	80
113	80
113	80
113	80
113	80
113	80
113	80
113	80
113	80
113	80
113	80
113	80
113	79
113	79
113	79
113	79
113	79
113	79
113	79
113	79
113	77
113	77
113	77
113	77
113	77
113	77
113	77
113	77
113	77
113	77
113	77
113	77
113	77
113	77
113	77
113	77
113	77
113	77
113	77
113	77
113	77
113	77
113	77
113	75
113	75
113	75
113	75
113	75
113	75
113	75
113	75
115	73
115	73
115	73
115	73
115	73
115	73
115	73
115	73
116	71
116	71
116	71
116	71
116	71
116	71
116	71
116	71
116	70
116	70
116	70
116	70
116	70
116	70
116	70
116	70
116	70
116	70
116	70
116	70
116	70
116	70
116	70
116	73
115	73
115	73
115	73
115	73
115	73
115	73
115	73
114	76
114	76
114	76
114	76
114	76
114	76
114	76
114	76
113	74
113	74
113	74
113	74
113	74
113	74
113	74
113	76
113	76
113	76
113	76
113	76
113	76
113	76
113	76
113	79
113	79
110	79
110	79
110	79
110	79
110	79
110	79
108	79
108	79
108	79
108	79
108	79
108	79
108	79
108	79
106	78
106	78
106	78
106	78
106	78
106	78
106	78
106	81
106	81
106	81
106	81
106	81
106	81
106	81
106	81
106	79
106	79
106	79
106	79
106	79
106	79
106	79
106	79
106	76
106	76
107	76
107	76
107	76
107	76
107	76
107	78
107	78
107	78
107	78
107	78
107	78
107	78
107	78
107	76
107	76
107	76
107	76
107	76
107	76
107	76
107	76
107	79
107	79
107	79
107	79
107	79
107	79
107	79
107	79
108	77
108	77
108	77
108	77
108	77
108	77
108	77
108	75
108	75
108	75
108	75
108	75
108	75
108	75
108	75
108	78
108	78
108	78
108	78
108	78
108	78
108	78
108	78
108	81
108	81
108	81
108	81
108	81
108	81
108	81
108	81
108	81
108	81
108	81
108	81
108	81
108	81
108	81
106	82
106	82
106	82
106	82
106	82
106	82
106	82
106	82
104	81
104	81
104	81
104	81
104	81
104	81
104	81
104	81
103	79
103	79
103	79
103	79
103	79
103	79
103	79
103	79
102	76
102	76
102	76
102	76
102	76
102	76
102	76
101	76
101	76
101	76
101	76
101	76
101	76
101	76
101	76
100	74
100	74
100	74
100	74
100	74
100	74
100	74
100	74
100	72
100	72
100	72
100	72
100	72
100	72
100	72
100	72
100	72
100	72
100	72
100	72
100	72
100	72
100	72
100	70
100	70
100	70
100	70
100	70
100	70
100	70
100	70
100	69
100	69
100	69
100	69
100	69
100	69
100	69
100	69
97	69
97	69
97	69
97	69
96	69
96	69
96	69
96	69
95	67
95	67
95	67
95	67
95	67
95	67
95	67
95	68
95	68
95	68
95	68
95	68
95	68
95	68
95	68
97	72
97	72
97	72
97	72
97	72
97	72
97	72
97	72
98	71
98	71
98	71
98	71
98	71
98	71
98	71
98	71
102	71
105	71
105	71
105	71
105	71
105	71
105	71
108	71
108	71
108	71
108	71
108	71
108	71
108	71
108	71
108	70
108	70
108	70
108	70
109	70
109	70
109	70
109	70
110	70
110	70
110	70
110	70
110	70
110	70
110	70
110	70
111	71
111	71
111	71
111	71
111	71
111	71
111	71
112	71
112	71
112	71
112	71
112	71
112	71
112	71
112	71
112	72
112	72
112	72
112	72
112	72
112	72
112	72
112	72
113	72
113	72
113	72
113	72
113	72
113	72
113	72
114	73
114	73
114	73
114	73
114	73
114	73
114	73
114	73
113	74
113	74
113	74
113	74
113	74
113	74
113	74
113	74
113	73
113	73
113	73
113	73
113	73
113	73
113	73
113	73
112	74
112	74
112	74
112	74
112	74
112	74
112	74
110	74
110	74
110	74
110	74
110	74
110	74
110	74
110	74
109	76
109	76
109	76
109	76
109	76
109	76
109	76
109	76
108	72
108	72
108	72
108	72
108	72
108	72
108	72
108	72
108	71
108	71
108	71
108	71
108	71
108	71
108	71
108	74
108	74
108	74
108	74
108	74
108	74
108	74
108	74
108	73
108	73
108	73
108	73
108	73
108	73
108	73
108	73
108	75
108	75
108	75
108	75
108	75
108	75
108	75
108	75
108	76
108	76
108	76
108	76
108	76
108	76
108	76
108	77
108	77
108	77
108	77
108	77
108	77
108	77
108	77
108	80
108	80
108	80
108	80
108	80
108	80
108	80
108	80
108	81
108	81
108	81
108	81
108	81
108	81
108	81
108	81
108	78
108	78
108	78
108	78
108	78
108	78
108	78
107	79
107	79
107	79
107	79
107	79
107	79
107	79
107	79
107	78
107	78
107	78
107	78
107	78
107	78
107	78
105	78
105	77
104	77
104	77
104	77
104	77
104	77
104	77
104	77
103	76
103	76
103	76
103	76
103	76
103	76
103	76
103	73
103	73
103	73
103	73
103	73
103	73
103	73
103	73
104	75
104	75
104	75
104	75
104	75
104	75
104	75
104	75
104	73
104	73
105	73
105	73
105	73
105	73
105	73
105	73
105	71
105	71
105	71
105	71
105	71
105	71
105	71
106	71
106	71
106	71
106	71
106	71
106	71
106	71
106	71
106	72
106	72
106	72
106	72
106	72
106	72
106	72
106	72
106	70
106	70
106	70
106	70
106	70
106	70
106	70
106	70
106	68
106	68
106	68
106	68
107	68
107	68
107	68
107	66
107	66
107	66
107	66
107	66
107	66
107	66
107	66
107	63
107	63
107	63
107	63
107	63
107	63
107	63
107	63
108	66
108	66
108	66
108	66
108	66
108	66
108	66
108	66
109	63
109	63
109	63
109	63
109	63
109	63
109	63
109	63
108	63
108	63
108	63
108	63
108	63
108	63
108	63
108	63
108	63
108	63
108	63
108	63
108	63
108	63
108	63
109	61
109	61
109	61
109	61
109	61
109	61
109	61
110	59
110	59
110	59
110	59
110	59
110	59
110	59
110	59
111	57
111	57
111	57
111	57
111	57
111	57
111	57
111	57
111	55
111	55
111	55
111	55
111	55
111	55
111	55
111	55
113	54
113	54
113	54
113	54
113	54
113	54
113	54
114	53
114	53
114	53
114	53
114	53
114	53
114	53
114	53
115	53
115	53
115	53
115	53
115	53
115	53
115	53
115	53
116	52
116	52
116	52
116	52
116	52
116	52
116	52
116	52
116	53
116	53
116	53
116	53
116	53
116	53
116	53
117	53
117	53
117	53
117	53
117	53
118	53
118	53
118	53
118	56
118	56
118	56
118	56
118	56
118	56
118	56
118	56
118	59
118	59
118	59
118	59
118	59
118	59
118	59
118	59
117	63
117	63
117	63
117	63
117	63
117	63
117	63
116	61
116	61
116	61
116	61
116	61
116	61
116	61
116	61
115	62
114	62
114	62
114	62
114	62
114	62
114	62
114	62
113	61
113	61
113	61
113	61
113	61
113	61
113	61
113	61
112	60
112	60
112	60
112	60
112	60
112	60
112	60
112	61
112	61
112	61
112	61
112	61
112	61
112	61
112	61
111	59
111	59
111	59
111	59
111	59
111	59
111	59
111	59
111	56
111	56
111	56
111	56
111	56
111	56
111	56
111	56
111	56
111	56
111	56
111	56
111	56
111	56
111	56
111	57
111	57
111	57
111	57
111	57
111	57
111	57
111	57
111	58
111	58
111	58
111	58
111	58
111	58
111	58
111	58
111	56
111	56
111	56
111	56
111	56
111	56
111	56
111	56
111	54
111	54
111	54
111	54
111	54
111	54
111	54
112	57
112	57
112	57
112	57
112	57
112	57
112	57
112	57
112	60
112	60
112	60
112	60
112	60
112	60
112	60
112	60
112	59
112	59
112	59
112	59
112	59
112	59
112	59
113	58
113	58
113	58
113	58
113	58
113	58
113	58
113	58
113	58
113	58
113	58
113	58
113	58
113	58
113	58
113	58
113	61
113	61
113	61
113	61
113	61
113	61
113	61
113	61
113	60
113	60
113	60
113	60
113	60
113	60
113	60
113	58
113	58
113	58
113	58
113	58
113	58
113	58
113	58
114	58
114	58
114	58
114	58
114	58
114	58
114	58
114	58
114	62
114	62
114	62
114	62
114	62
114	62
114	62
114	62
114	62
114	62
114	62
114	62
114	62
114	62
114	62
115	61
115	61
115	61
115	61
115	61
115	61
115	61
115	61
115	60
115	60
115	60
115	60
115	60
115	60
115	60
115	60
115	60
115	60
115	60
115	60
115	60
115	60
115	60
115	60
115	63
115	63
115	63
115	63
115	63
115	63
115	63
115	67
115	67
115	67
115	67
115	67
115	67
115	67
115	67
114	65
114	65
114	65
114	65
114	65
114	65
114	65
114	65
114	63
114	63
114	63
114	63
114	63
114	63
114	63
114	63
114	62
114	62
114	62
114	62
114	62
114	62
114	62
113	61
113	61
113	61
113	61
113	61
113	61
113	61
113	61
113	59
113	59
113	59
113	59
113	59
113	59
113	59
113	59
113	57
112	57
112	57
112	57
112	57
112	57
112	57
112	57
112	57
112	57
112	57
112	57
112	57
112	57
112	57
113	57
113	57
113	57
113	57
113	57
113	57
113	57
113	57
114	54
114	54
114	54
114	54
114	54
114	54
114	54
115	54
115	53
116	53
116	53
116	53
116	53
116	53
116	53
116	53
117	53
117	53
117	53
117	53
117	53
117	53
117	53
117	53
117	53
117	53
117	53
117	53
117	53
117	53
117	53
116	53
116	53
116	53
116	53
116	53
116	53
116	53
116	53
115	52
113	52
113	52
113	52
113	52
113	52
113	52
113	52
111	55
111	55
111	55
111	55
111	55
111	55
111	55
109	58
109	58
109	58
109	58
109	58
109	58
109	58
109	58
109	61
109	61
109	61
109	61
109	61
109	61
109	61
109	61
107	64
107	64
107	64
107	64
107	64
107	64
107	64
107	64
106	67
105	67
105	67
105	67
105	67
105	67
105	67
105	69
105	69
105	69
105	69
105	69
105	69
105	69
105	69
104	68
104	68
104	68
104	68
104	68
104	68
104	68
104	68
102	66
102	66
102	66
102	66
102	66
102	66
102	66
102	66
102	63
102	63
102	63
102	63
102	63
102	63
102	63
102	61
102	61
102	61
102	61
102	61
102	61
102	61
102	61
104	59
104	59
104	59
104	59
104	59
104	59
104	59
104	59
104	62
104	62
104	62
104	62
104	62
104	62
104	62
104	62
105	62
105	62
105	62
105	62
105	62
105	62
105	62
105	63
105	63
105	63
105	63
105	63
105	63
105	63
105	63
105	63
105	63
105	63
105	63
105	63
105	63
105	63
105	63
105	64
105	64
105	64
105	64
105	64
105	64
105	64
105	64
105	67
105	67
105	67
105	67
105	67
105	67
105	67
105	65
105	65
105	65
105	65
105	65
105	65
105	65
105	65
105	65
105	65
105	65
105	65
105	65
105	65
105	65
105	65
105	64
105	64
105	64
105	64
105	64
105	64
105	64
105	64
105	64
105	64
105	64
105	64
105	64
105	64
105	64
105	62
105	62
105	62
105	62
105	62
105	62
105	62
105	62
105	60
105	60
105	60
105	60
105	60
105	60
105	60
105	60
104	60
104	60
104	60
104	60
104	60
104	60
104	60
104	60
104	60
104	60
104	60
104	60
104	60
104	60
104	60
103	59
103	59
103	59
103	59
103	59
103	59
103	59
103	59
102	60
102	60
102	60
102	60
102	60
102	60
102	60
102	60
102	58
102	58
102	58
102	58
102	58
102	58
102	58
102	57
102	57
102	57
102	57
102	57
102	57
102	57
102	57
102	59
102	59
102	59
102	59
102	59
102	59
102	59
102	59
103	58
103	58
103	58
103	58
103	58
103	58
103	58
103	58
103	55
103	55
103	55
103	55
103	55
103	55
103	55
104	56
104	56
104	56
104	56
104	56
104	56
104	56
104	56
105	57
105	57
105	57
105	57
105	57
105	57
105	57
105	57
105	58
105	58
105	58
105	58
105	58
105	58
105	58
106	58
107	62
107	62
107	62
107	62
107	62
107	62
107	62
108	65
108	65
108	65
108	65
108	65
108	65
108	65
108	65
108	63
108	63
108	63
108	63
108	63
108	63
108	63
108	63
108	63
108	63
108	63
108	63
108	63
108	63
108	63
108	63
108	64
108	64
108	64
108	64
108	64
108	64
108	64
108	66
108	66
108	66
108	66
108	66
108	66
108	66
108	66
109	68
109	68
109	68
109	68
109	68
109	68
109	68
109	68
109	66
109	66
109	66
109	66
109	66
109	66
109	66
109	66
109	65
109	65
109	65
109	65
109	65
109	65
109	65
110	68
110	68
110	68
110	68
110	68
110	68
110	68
110	68
111	71
111	71
111	71
111	71
111	71
111	71
111	71
111	71
111	72
111	72
111	72
111	72
111	72
111	72
111	72
111	72
111	73
111	73
111	73
111	73
111	73
111	73
111	73
110	70
110	70
110	70
110	70
110	70
110	70
110	70
110	70
110	72
110	72
110	72
110	72
110	72
110	72
110	72
110	72
110	71
110	71
110	71
110	71
110	71
110	71
110	71
110	69
110	69
110	69
110	69
110	69
110	69
110	69
110	69
110	68
110	68
110	68
110	68
110	68
110	68
110	68
110	68
111	67
111	67
111	67
111	67
111	67
111	67
111	67
111	67
112	67
112	67
112	67
112	67
112	67
112	67
112	67
111	67
111	67
111	67
111	67
111	67
111	67
111	67
111	67
110	68
110	68
110	68
110	68
110	68
110	68
110	68
110	68
109	67
109	67
109	67
109	67
109	67
109	67
109	67
109	67
109	70
109	70
109	70
109	70
109	70
108	70
108	70
108	70
108	72
108	72
108	72
108	72
108	72
108	72
108	72
107	73
107	73
107	73
107	73
107	73
107	73
107	73
107	73
107	76
107	76
107	76
107	76
107	76
107	76
107	76
107	76
107	76
107	76
107	76
107	76
107	76
107	76
107	76
107	76
107	76
107	76
107	76
107	76
107	76
107	76
107	76
107	74
107	74
107	74
107	74
107	74
107	74
107	74
107	74
107	74
107	74
107	74
107	74
107	74
107	74
107	74
107	74
106	75
106	75
106	75
106	75
106	75
106	75
106	75
106	73
106	73
106	73
106	73
106	73
106	73
105	73
105	73
105	71
105	71
105	71
105	71
105	71
105	71
105	71
105	71
105	71
105	71
105	71
105	71
105	71
105	71
105	71
105	71
105	69
105	69
105	69
105	69
105	69
105	69
105	69
106	67
106	67
106	67
106	67
106	67
106	67
106	67
106	67
106	65
106	65
106	65
106	65
106	65
106	65
106	65
106	65
106	66
106	66
106	66
106	66
106	66
106	66
106	66
106	66
106	65
106	65
106	65
106	65
106	65
106	65
106	65
106	62
106	62
106	62
106	62
106	62
106	62
106	62
106	62
107	61
107	61
107	61
107	61
107	61
107	61
107	61
107	61
107	60
107	60
107	60
107	60
107	60
107	60
107	60
107	60
107	61
107	61
107	61
107	61
107	61
107	61
107	61
107	59
107	59
107	59
107	59
107	59
107	59
107	59
107	59
106	56
106	56
106	56
106	56
106	56
106	56
106	56
106	56
105	57
105	57
105	57
105	57
105	57
105	57
105	57
105	57
105	57
105	57
105	57
105	57
105	57
105	57
105	57
105	57
105	57
105	57
105	57
105	57
105	57
105	57
105	57
105	60
105	60
105	60
106	60
106	60
106	60
106	60
106	60
106	62
107	62
107	62
107	62
107	62
107	62
107	62
107	62
108	63
108	63
108	63
108	63
108	63
108	63
108	63
108	66
108	66
108	66
108	66
108	66
108	66
108	66
108	66
107	66
107	66
107	66
107	66
107	66
107	66
107	66
107	66
106	64
106	64
106	64
106	64
106	64
106	64
106	64
106	64
106	63
104	63
104	63
104	63
104	63
104	63
104	63
103	64
103	64
103	64
103	64
103	64
103	64
103	64
103	64
103	62
103	62
103	62
103	62
103	62
103	62
103	62
103	62
102	59
102	59
102	59
102	59
102	59
102	59
102	59
102	59
102	57
102	57
102	57
102	57
102	57
102	57
102	57
102	57
102	57
102	57
102	57
102	57
102	57
102	57
102	57
102	57
102	57
102	57
102	57
102	57
102	57
102	57
102	57
102	56
102	56
102	56
102	56
102	56
102	56
102	56
102	56
103	54
103	54
103	54
103	54
103	54
103	54
103	54
103	55
105	55
105	55
105	55
105	55
105	55
105	55
105	55
106	55
106	55
106	55
106	55
106	55
106	55
106	55
106	55
107	54
107	54
107	54
107	54
107	54
107	54
107	54
107	54
107	55
107	55
107	55
107	55
107	55
107	55
107	55
108	58
109	58
109	58
109	58
109	58
109	58
109	58
109	58
109	60
110	60
110	60
110	60
110	60
110	60
110	60
110	60
107	59
107	59
107	59
107	59
107	59
107	59
107	59
107	59
106	59
106	59
106	59
106	59
106	59
106	59
106	59
106	62
106	62
106	62
106	62
106	62
106	62
106	62
106	62
107	62
107	62
107	62
107	62
107	62
107	62
107	62
107	62
108	62
108	62
108	62
108	62
108	62
108	62
108	62
108	62
108	62
108	62
108	62
108	62
108	62
108	62
108	62
108	59
108	59
108	59
108	59
108	59
108	59
108	59
108	59
109	62
109	62
109	62
109	62
109	62
109	62
109	62
109	62
108	65
108	65
108	65
108	65
108	65
108	65
108	65
108	65
107	69
107	69
107	69
107	69
107	69
107	69
107	69
107	68
106	68
106	68
106	68
106	68
106	68
106	68
106	68
105	68
105	68
105	68
105	68
105	68
105	68
105	68
105	68
105	68
105	68
105	68
105	68
105	68
105	68
105	68
105	68
104	65
104	65
104	65
104	65
104	65
104	65
104	65
104	63
104	63
104	63
104	63
104	63
104	63
103	63
103	63
103	61
102	61
102	61
102	61
102	61
102	61
102	61
102	61
101	60
101	60
101	60
101	60
101	60
101	60
101	60
101	60
100	61
100	61
100	61
100	61
100	61
100	61
100	61
100	61
100	61
100	61
100	61
100	61
100	61
100	61
100	61
102	64
104	64
104	64
104	64
104	64
104	64
104	64
104	64
105	64
105	64
105	64
105	64
105	64
105	64
105	64
105	64
106	64
106	64
106	64
106	64
106	64
106	64
106	64
106	61
106	61
106	61
106	61
106	61
106	61
106	61
106	61
107	61
107	61
107	61
107	61
107	61
107	61
107	61
107	61
107	61
107	61
108	61
108	61
108	61
108	61
108	61
108	61
108	60
108	60
108	60
108	60
108	60
108	60
108	60
109	60
109	60
109	60
109	60
109	60
109	60
109	60
109	60
109	61
109	61
109	61
109	61
109	61
109	61
109	61
109	61
109	61
109	61
109	61
109	61
109	61
109	61
109	61
109	61
109	61
108	61
108	61
108	61
108	61
108	61
108	61
108	62
108	62
108	62
108	62
108	62
108	62
108	62
108	62
108	66
108	66
108	66
108	66
108	66
108	66
108	66
108	66
108	65
108	65
108	65
108	65
108	65
108	65
108	65
108	65
108	62
108	62
108	62
108	62
108	62
108	62
108	62
108	61
108	61
108	61
108	61
108	61
108	61
108	61
108	61
108	60
108	60
108	60
108	60
108	60
108	60
108	60
108	60
108	60
108	60
108	60
108	60
108	60
108	60
108	60
108	60
108	58
108	58
108	58
108	58
108	58
108	58
108	58
108	55
108	55
108	55
108	55
108	55
108	55
108	55
108	55
109	59
109	59
109	59
109	59
109	59
109	59
109	59
109	59
109	58
109	58
109	58
109	58
109	58
109	58
109	58
109	58
109	59
109	59
109	59
109	59
109	59
109	59
109	59
110	62
110	62
110	62
110	62
110	62
110	62
110	62
110	62
110	63
110	63
110	63
110	63
110	63
110	63
110	63
110	63
110	63
110	63
110	63
110	63
110	63
110	63
110	63
110	63
110	63
110	63
110	63
110	63
110	63
110	63
110	63
110	63
110	63
110	63
110	63
110	63
110	63
110	63
110	63
110	67
110	67
110	67
110	67
110	67
110	67
109	67
109	67
109	64
109	64
109	64
109	64
109	64
109	64
109	64
109	64
108	62
108	62
108	62
108	62
108	62
108	62
108	62
107	61
106	61
106	61
106	61
106	61
106	61
106	61
106	61
106	64
106	64
106	64
106	64
106	64
106	64
106	64
106	64
106	62
106	62
106	62
106	62
106	62
106	62
106	62
106	62
106	60
106	60
106	60
106	60
106	60
106	60
106	60
106	58
106	58
106	58
106	58
106	58
106	58
106	58
106	58
106	56
106	56
106	56
106	56
106	56
106	56
106	56
106	56
106	59
106	59
106	59
106	59
106	59
106	59
106	59
106	59
106	59
106	59
106	59
106	59
106	59
106	59
106	59
107	59
107	59
107	59
107	59
107	59
107	59
107	59
107	59
107	60
107	60
107	60
107	60
107	60
107	60
107	60
107	60
108	63
108	63
108	63
108	63
108	63
108	63
108	63
108	63
109	64
109	64
109	64
109	64
109	64
109	64
109	64
109	64
109	64
109	64
109	64
109	64
109	64
109	64
109	64
109	64
109	64
109	64
109	64
109	64
109	64
109	64
109	64
109	67
109	67
109	67
109	67
108	67
108	67
108	67
108	67
107	66
107	66
107	66
107	66
107	66
107	66
107	66
107	65
107	65
107	65
107	65
107	65
107	65
106	65
106	65
106	65
106	65
106	65
106	65
106	65
106	65
106	65
106	65
105	68
105	68
105	68
105	68
105	68
105	68
105	68
105	68
105	69
105	69
105	69
105	69
105	69
105	69
105	69
105	69
105	69
105	69
105	69
105	69
105	69
105	69
105	69
106	69
106	69
106	69
106	69
106	69
106	69
106	69
106	69
108	69
108	69
108	69
108	69
108	69
108	69
108	69
108	69
109	72
109	72
109	72
109	72
109	72
109	72
109	72
110	69
109	69
109	69
109	69
109	69
109	69
109	69
109	69
109	67
109	67
109	67
109	67
109	67
109	67
109	67
109	67
109	67
109	67
109	67
109	67
109	67
109	67
109	67
109	67
109	66
109	66
109	66
109	66
109	66
109	66
109	66
109	66
110	66
110	66
110	66
110	66
110	66
110	66
110	66
110	67
110	67
110	67
110	67
110	67
110	67
110	67
110	67
110	65
110	65
110	65
110	65
110	65
110	65
110	65
110	65
109	63
109	63
109	63
109	63
109	63
109	63
109	63
109	63
108	62
108	62
108	62
108	62
108	62
108	62
108	62
107	63
108	63
108	63
108	63
108	63
108	63
108	63
108	63
108	64
108	64
108	64
108	64
108	64
108	64
108	64
108	64
109	62
109	62
109	62
109	62
109	62
109	62
109	62
109	62
109	62
109	62
109	62
109	62
109	62
109	62
109	62
108	62
108	62
108	62
108	62
108	62
108	62
108	62
108	62
107	60
107	60
107	60
107	60
107	60
107	60
107	60
107	60
107	58
107	58
107	58
107	58
107	58
107	58
107	58
107	58
108	56
109	56
109	56
109	56
109	56
109	56
109	56
110	59
110	59
110	59
110	59
110	59
110	59
110	59
110	59
111	58
111	58
111	58
111	58
111	58
111	58
111	58
111	58
111	57
111	57
111	57
111	57
111	57
111	57
111	57
111	57
110	60
110	60
110	60
110	60
110	60
110	60
110	60
108	60
106	60
106	60
106	60
106	60
106	60
106	60
106	60
105	63
105	63
105	63
105	63
105	63
105	63
105	63
105	63
104	67
104	67
104	67
104	67
104	67
104	67
104	67
104	67
103	66
103	66
103	66
103	66
103	66
103	66
103	66
103	63
103	63
103	63
103	63
103	63
103	63
103	63
103	63
102	61
102	61
102	61
102	61
102	61
102	61
102	61
102	61
101	59
101	59
101	59
101	59
101	59
101	59
101	59
101	59
97	58
97	58
97	58
97	58
97	58
97	58
97	58
95	58
95	58
95	58
95	58
95	58
95	58
95	58
95	58
90	56
90	56
90	56
90	56
90	56
90	56
90	56
90	56
89	53
90	53
90	53
90	53
90	53
90	53
90	53
90	53
91	53
91	53
91	53
91	53
91	53
91	53
91	53
94	53
94	53
94	53
94	53
94	53
94	53
94	53
94	53
95	51
95	51
95	51
95	51
95	51
95	51
95	51
95	51
98	51
101	51
101	51
101	51
101	51
101	51
101	51
101	51
102	54
102	54
102	54
102	54
102	54
102	54
102	54
103	52
103	52
103	52
103	52
103	52
103	52
103	52
103	52
104	50
104	50
104	50
104	50
104	50
104	50
104	50
104	50
105	50
105	50
105	50
105	50
105	50
105	50
106	50
106	50
106	53
106	53
106	53
106	53
106	53
106	53
106	53
106	55
106	55
106	55
106	55
106	55
106	55
106	55
106	55
106	55
106	55
106	55
106	55
106	55
106	55
106	55
106	55
106	58
106	58
106	58
106	58
106	58
106	58
106	58
106	58
105	58
105	58
105	58
105	58
105	58
105	58
105	58
105	57
105	57
105	57
105	57
105	57
105	57
105	57
105	57
105	59
105	59
105	59
105	59
105	59
105	59
105	59
105	59
106	59
106	59
106	59
106	59
106	59
106	59
106	59
106	59
107	61
107	61
107	61
107	61
107	61
107	61
107	61
107	58
108	58
108	58
108	58
108	58
108	58
108	58
108	58
108	57
108	57
108	57
108	57
108	57
108	57
108	57
108	57
109	57
109	57
109	57
109	57
109	57
109	57
109	57
109	57
109	57
109	57
109	57
109	57
109	57
109	57
109	57
109	57
109	57
109	57
109	57
109	57
109	57
109	57
109	57
109	56
109	56
109	56
109	56
109	56
109	56
109	56
109	56
109	59
109	59
109	59
109	59
109	59
109	59
109	59
109	59
109	57
109	57
109	57
109	57
109	57
109	57
109	57
108	57
108	57
108	57
108	57
108	57
108	57
108	57
108	57
107	55
107	55
107	55
107	55
107	55
107	55
107	55
107	55
106	59
106	59
106	59
106	59
106	59
106	59
106	59
106	59
106	59
106	59
106	59
106	59
106	59
106	59
106	59
105	60
105	60
105	60
105	60
105	60
105	60
105	60
105	60
104	60
104	60
104	60
104	60
104	60
104	60
104	60
104	60
104	60
104	60
104	60
104	60
104	60
104	60
104	60
104	60
105	62
105	62
105	62
105	62
105	62
105	62
105	62
105	65
105	65
105	65
105	65
105	65
106	65
106	65
106	65
106	64
106	64
106	64
106	64
106	64
106	64
106	64
106	64
106	63
106	63
106	63
106	63
106	63
106	63
106	63
106	63
106	64
106	64
106	64
106	64
106	64
106	64
106	64
106	62
106	62
106	62
106	62
106	62
106	62
106	62
106	62
107	60
107	60
107	60
107	60
107	60
107	60
107	60
107	60
107	64
107	64
107	64
107	64
107	64
107	64
107	64
107	64
106	64
106	64
106	64
106	64
106	64
106	64
106	64
106	62
106	62
106	62
106	62
106	62
106	62
106	62
106	62
106	60
106	60
106	60
106	60
106	60
106	60
106	60
106	60
106	60
107	60
107	60
107	60
107	60
107	60
107	60
107	60
107	59
107	59
107	59
107	59
107	59
107	59
107	59
107	63
107	63
107	63
107	63
107	63
107	63
107	63
107	63
106	61
106	61
106	61
106	61
106	61
106	61
106	61
106	61
106	62
106	62
106	62
106	62
106	62
106	62
106	62
106	62
106	62
107	62
107	62
107	62
107	62
107	62
107	62
108	62
108	62
108	62
108	62
108	62
108	62
108	62
108	62
108	61
108	61
108	61
108	61
108	61
108	61
108	61
108	61
107	58
107	58
107	58
107	58
107	58
107	58
107	58
107	58
107	60
107	60
107	60
107	60
107	60
107	60
107	60
107	62
107	62
107	62
107	62
107	62
107	62
107	62
107	62
107	63
107	63
107	63
107	63
107	63
107	63
107	63
107	63
108	64
108	64
108	64
108	64
108	64
108	64
108	64
108	64
108	66
108	66
108	66
108	66
108	66
108	66
108	66
108	66
108	66
108	66
108	66
108	66
108	66
108	66
108	66
108	63
108	63
108	63
108	63
108	63
108	63
108	63
108	63
107	62
107	62
107	62
107	62
107	62
107	62
107	62
107	62
106	62
106	62
106	62
106	62
106	62
106	62
106	62
106	62
106	62
106	62
106	62
106	62
106	62
106	62
106	62
105	62
105	62
105	62
105	62
105	62
105	62
105	62
105	62
105	64
105	64
105	64
105	64
105	64
105	64
105	64
105	64
105	64
105	64
105	64
105	64
105	64
105	64
105	64
104	64
104	64
104	64
104	64
104	64
104	64
104	64
104	64
103	65
103	65
103	65
103	65
103	65
103	65
103	65
103	65
103	64
103	64
103	64
103	64
103	64
103	64
103	64
103	64
104	63
104	63
104	63
104	63
104	63
104	63
104	63
103	64
103	64
103	64
103	64
103	64
103	64
103	64
103	64
100	64
100	64
100	64
100	64
100	64
100	64
100	64
100	64
99	62
99	62
99	62
99	62
99	62
99	62
99	62
99	62
98	60
98	60
98	60
98	60
98	60
98	60
98	60
99	57
99	57
99	57
99	57
99	57
99	57
99	57
99	57
99	55
100	55
100	55
100	55
100	55
100	55
100	55
100	55
100	54
100	54
100	54
100	54
100	54
100	54
100	54
100	54
100	57
100	57
100	57
100	57
100	57
100	57
100	57
101	55
101	55
101	55
101	55
101	55
101	55
101	55
101	55
102	58
102	58
102	58
102	58
104	58
104	58
104	58
104	58
104	62
104	62
104	62
104	62
104	62
104	62
104	62
104	62
104	64
104	64
104	64
104	64
104	64
104	64
104	64
103	63
103	63
103	63
103	63
103	63
103	63
103	63
103	63
103	64
103	64
103	64
103	64
103	64
103	64
103	64
103	64
102	64
102	64
102	64
102	64
102	64
102	64
102	64
102	64
103	64
103	64
103	64
103	64
103	64
103	64
103	64
103	63
103	63
103	63
103	63
103	63
103	63
103	63
103	63
104	63
104	63
104	63
104	63
104	63
104	63
104	63
104	63
104	61
104	61
104	61
104	61
104	61
104	61
104	61
103	61
103	60
103	60
103	60
103	60
103	60
103	60
103	60
102	61
102	61
102	61
102	61
102	61
102	61
102	61
102	61
101	62
101	62
101	62
101	62
101	62
101	62
101	62
101	62
100	60
100	60
100	60
100	60
100	60
100	60
100	60
100	60
99	59
99	59
99	59
99	59
99	59
99	59
99	59
99	58
99	58
99	58
99	58
99	58
99	58
99	58
99	58
99	61
99	61
99	61
99	61
99	61
99	61
99	61
99	61
100	60
100	60
100	60
100	60
100	60
100	60
100	60
100	60
100	60
100	60
100	60
100	60
100	60
100	60
100	60
102	64
102	64
102	64
102	64
102	64
102	64
102	64
102	64
102	65
102	65
102	65
102	65
102	65
102	65
102	65
102	65
102	65
102	65
102	65
102	65
102	65
102	65
102	65
102	65
99	68
99	68
99	68
99	68
99	68
99	68
99	68
98	70
98	70
98	70
98	70
98	70
98	70
98	70
98	70
97	71
97	71
97	71
97	71
97	71
97	71
97	71
97	71
97	71
97	71
97	71
97	71
97	71
97	71
97	71
97	71
97	72
97	72
97	72
97	72
97	72
97	72
97	72
98	74
98	74
98	74
98	74
98	74
98	74
98	74
98	74
98	76
98	76
98	76
98	76
98	76
98	76
98	76
97	76
97	75
97	75
97	75
97	75
97	75
97	75
97	75
97	75
96	76
96	76
96	76
96	76
96	76
96	76
96	76
96	77
96	77
96	77
96	77
96	77
96	77
96	77
96	77
95	76
95	76
95	76
95	76
95	76
95	76
95	76
95	76
95	75
95	75
95	75
95	75
95	75
95	75
95	75
96	75
96	75
96	75
96	75
96	75
96	75
96	75
96	75
96	76
96	76
96	76
96	76
96	76
96	76
96	76
96	76
96	78
96	78
96	78
96	78
96	78
96	78
96	78
96	78
96	78
96	78
96	78
96	78
96	78
96	78
96	78
96	77
96	77
96	77
96	77
96	77
96	77
96	77
96	77
96	78
96	78
96	78
96	78
96	78
96	78
96	78
96	78
95	80
95	80
95	80
95	80
95	80
95	80
96	80
96	80
95	84
95	84
95	84
95	84
95	84
95	84
95	84
96	84
96	84
96	84
96	84
96	84
96	84
96	84
96	84
96	84
96	84
96	84
96	84
96	84
96	84
96	84
96	84
96	88
96	88
96	88
96	88
96	88
96	88
96	88
96	88
96	90
96	90
96	90
96	90
96	90
96	90
96	90
96	90
96	90
96	90
96	90
96	90
96	90
96	90
96	90
95	89
95	89
95	89
95	89
95	89
95	89
95	89
95	89
95	90
95	90
95	90
95	90
95	90
95	90
95	90
95	90
95	93
95	93
95	93
95	93
95	93
95	93
95	93
95	93
95	93
95	93
95	93
95	93
95	93
95	93
95	93
96	92
96	92
96	92
96	92
96	92
96	92
96	92
96	92
97	91
97	91
97	91
97	91
97	91
97	91
97	91
97	91
97	91
97	91
97	91
97	91
97	91
97	91
97	91
97	91
97	91
97	91
97	91
97	91
97	91
97	91
98	91
98	92
98	92
98	92
98	92
98	92
98	92
98	92
98	92
99	88
99	88
99	88
99	88
99	88
99	88
99	88
99	88
100	87
100	87
100	87
100	87
100	87
100	87
100	87
101	88
101	88
101	88
101	88
101	88
101	88
101	88
101	88
101	88
101	88
101	88
101	88
102	88
102	88
102	88
102	88
102	85
101	85
101	85
101	85
101	85
101	85
101	85
101	85
102	83
102	83
102	83
102	83
102	83
102	83
102	83
102	81
102	81
102	81
102	81
102	81
102	81
102	81
102	81
103	81
103	81
103	81
103	81
103	81
103	81
103	81
103	81
102	81
101	81
101	81
101	81
101	81
101	81
101	81
101	81
100	80
100	80
100	80
100	80
100	80
100	80
100	80
101	80
101	80
101	80
101	80
101	80
101	80
101	80
101	80
102	81
102	81
102	81
102	81
102	81
102	81
102	81
102	81
103	80
103	80
103	80
103	80
103	80
103	80
103	80
103	80
105	79
107	79
107	79
107	79
107	79
107	79
107	79
107	79
107	79
107	79
107	79
107	79
107	79
107	79
107	79
107	78
107	78
107	78
107	78
107	78
107	78
107	78
107	78
107	79
107	79
107	79
107	79
107	79
107	79
107	79
107	79
107	81
107	81
107	81
107	81
107	81
107	81
107	81
106	80
106	80
106	80
106	80
106	80
106	80
106	80
106	80
106	79
106	79
106	79
106	79
106	79
106	79
106	79
106	79
105	80
105	80
105	80
105	80
105	80
105	80
105	80
105	80
104	80
104	80
104	80
104	80
104	80
104	80
104	80
104	81
104	81
104	81
104	81
104	81
104	81
104	81
104	81
104	81
104	81
104	81
104	81
104	81
104	81
104	81
104	81
105	83
105	83
105	83
105	83
105	83
105	83
105	83
105	83
103	82
103	82
103	82
103	82
103	82
103	82
103	82
100	83
100	83
100	83
100	83
100	83
100	83
100	83
100	83
100	84
100	84
100	84
100	84
100	84
100	84
100	84
100	84
100	88
100	88
100	88
100	88
100	88
100	88
100	88
100	88
100	88
100	88
100	88
100	88
100	88
100	88
100	88
100	87
99	87
99	87
99	87
99	87
99	87
99	87
99	87
99	90
99	90
99	90
99	90
99	90
99	90
99	90
99	90
98	93
98	93
98	93
98	93
98	93
98	93
98	93
98	93
99	96
99	96
99	96
99	96
99	96
99	96
99	96
102	100
102	100
102	100
102	100
102	100
102	100
102	100
102	100
103	102
103	102
103	102
103	102
103	102
103	102
103	102
103	102
104	104
104	104
104	104
104	104
104	104
104	104
104	104
104	104
105	106
105	106
105	106
105	106
105	106
105	106
105	106
106	105
106	105
106	105
106	105
106	105
106	105
105	105
105	105
105	105
104	105
104	105
104	105
104	105
104	105
104	105
104	105
103	104
103	104
103	104
103	104
103	104
103	104
103	104
103	104
103	104
103	104
103	104
103	104
103	104
103	104
103	104
103	105
103	105
103	105
103	105
103	105
103	105
103	105
103	105
103	104
103	104
103	104
103	104
103	104
103	104
103	104
103	104
103	105
103	105
103	105
103	105
103	105
103	105
103	105
103	105
103	102
103	102
103	102
103	102
103	102
103	102
103	102
103	103
103	103
103	103
103	103
103	103
103	103
103	103
103	103
104	104
104	104
104	104
104	104
104	104
104	104
104	104
104	104
105	104
105	104
105	104
105	104
105	104
105	104
105	104
105	104
105	104
105	104
105	104
105	104
105	104
105	104
105	104
105	105
105	105
105	105
105	105
105	105
105	105
105	105
105	105
106	106
106	106
106	106
106	106
106	106
106	106
106	106
106	106
106	107
106	107
106	107
106	107
106	107
106	107
106	107
106	107
106	107
107	107
107	107
107	107
107	107
107	107
107	107
107	109
107	109
107	109
107	109
107	109
107	109
107	109
107	109
108	109
108	109
108	109
108	109
108	109
108	109
108	109
108	109
109	109
109	109
109	109
109	109
109	109
109	109
109	109
109	109
110	108
110	108
110	108
110	108
110	108
110	108
110	108
112	109
112	109
112	109
112	109
112	109
112	109
112	109
112	109
112	110
112	110
112	110
112	110
112	110
112	110
112	110
112	110
113	112
113	112
113	112
113	112
113	112
113	112
113	112
113	112
114	113
114	113
114	113
114	113
114	113
114	113
114	113
114	113
114	114
114	114
114	114
114	114
114	114
114	114
114	114
115	115
115	115
115	115
115	115
115	115
115	115
115	115
115	115
116	115
116	115
116	115
116	115
116	115
116	115
116	115
116	115
116	115
117	115
117	115
117	115
117	115
117	115
117	115
117	115
117	114
117	114
117	114
117	114
117	114
117	114
117	114
117	115
117	115
117	115
117	115
117	115
117	115
117	115
117	115
117	115
117	115
117	115
117	115
117	115
117	115
117	115
117	115
117	118
117	118
117	118
117	118
117	118
117	118
117	118
117	118
117	117
117	117
117	117
117	117
117	117
117	117
117	117
117	117
117	117
117	117
117	117
117	117
117	117
117	117
117	117
117	117
117	117
117	117
117	117
117	117
117	117
117	117
117	117
116	118
116	118
116	118
116	118
116	118
116	118
116	118
116	118
116	115
116	115
116	115
116	115
116	115
116	115
116	115
116	116
116	116
116	116
116	116
116	116
116	116
116	116
116	116
116	115
116	115
116	115
116	115
116	115
116	115
116	115
116	115
117	116
117	116
117	116
117	116
117	116
117	116
117	116
117	116
117	117
117	117
117	117
117	117
117	117
117	117
117	117
118	117
118	117
118	117
118	117
118	117
118	117
118	117
118	117
119	120
119	120
119	120
119	120
119	120
119	120
119	120
119	120
119	120
119	120
119	120
119	120
119	120
119	120
119	120
119	120
119	121
119	121
119	121
119	121
119	121
119	121
119	121
120	119
120	119
120	119
120	119
120	119
120	119
120	119
120	119
120	119
120	119
120	119
120	119
120	119
120	119
120	119
120	119
121	119
121	119
121	119
121	119
121	119
121	119
121	119
121	119
120	118
120	118
120	118
120	118
120	118
120	118
120	118
120	117
120	117
120	117
120	117
120	117
120	117
120	117
120	117
120	118
120	118
120	118
120	118
120	118
120	118
120	118
120	118
121	119
121	119
121	119
121	119
121	119
121	119
121	119
121	119
122	121
122	121
122	121
122	121
122	121
122	121
122	121
122	121
122	121
122	121
122	121
122	121
122	121
122	121
122	121
122	122
122	122
122	122
122	122
122	122
122	122
122	122
122	122
123	125
123	125
123	125
123	125
123	125
123	125
123	125
123	125
123	124
123	124
123	124
123	124
123	124
123	124
123	124
122	124
122	124
122	124
122	124
122	124
122	124
122	124
122	124
121	123
121	123
121	123
121	123
121	123
121	123
121	123
121	123
121	123
121	123
121	123
121	123
121	123
121	123
121	123
121	123
120	121
120	121
120	121
120	121
120	121
120	121
120	121
120	121
120	121
120	121
120	121
120	121
120	121
120	121
120	121
120	121
120	121
120	121
120	121
120	121
120	121
120	121
120	121
120	118
120	118
120	118
120	118
120	118
120	118
120	118
120	118
120	118
120	118
120	118
120	118
120	118
120	118
120	118
119	119
119	119
119	119
119	119
119	119
119	119
119	119
119	119
119	120
119	120
119	120
119	120
119	120
119	120
119	120
119	120
119	119
118	119
118	119
118	119
118	119
118	119
118	119
118	119
117	116
117	116
117	116
117	116
117	116
117	116
117	116
116	116
116	116
116	116
116	116
116	116
116	116
116	116
116	116
116	115
116	115
116	115
116	115
116	115
116	115
116	115
116	115
116	115
116	115
116	115
116	115
116	115
116	115
116	115
116	115
117	115
117	115
117	115
117	115
117	115
117	115
117	115
117	115
117	115
117	115
117	115
117	115
117	115
117	115
117	115
117	117
117	117
117	117
117	117
117	117
117	117
117	117
117	117
117	118
117	118
117	118
117	118
117	118
117	118
117	118
117	118
118	118
118	118
118	118
118	118
118	118
118	118
118	118
118	118
119	118
119	118
119	118
119	118
119	118
119	118
119	118
119	120
119	120
119	120
119	120
119	120
119	120
119	120
119	120
119	120
119	120
119	120
119	120
119	120
119	120
119	120
119	120
118	121
118	121
118	121
118	121
118	121
118	121
118	121
118	118
118	118
118	118
118	118
118	118
118	118
118	118
118	118
118	118
118	118
118	118
118	118
118	118
118	118
118	118
118	118
118	117
118	117
118	117
118	117
118	117
118	117
118	117
118	117
119	118
119	118
119	118
119	118
119	118
119	118
119	118
120	119
120	119
120	119
121	119
121	119
121	119
121	119
121	119
122	121
122	121
122	121
122	121
122	121
122	121
122	121
122	121
122	121
122	121
122	121
122	121
122	121
122	121
122	121
122	121
122	121
122	121
122	121
122	121
122	121
122	121
122	121
122	121
122	121
122	121
122	121
122	121
122	121
122	121
122	121
122	122
122	122
122	122
122	122
122	122
122	122
122	122
122	122
121	122
121	122
121	122
121	122
121	122
121	122
121	122
121	122
121	122
121	122
121	122
121	122
121	122
121	122
121	122
121	123
121	123
121	123
121	123
121	123
121	123
121	123
121	123
121	122
121	122
121	122
121	122
121	122
121	122
121	122
121	122
121	123
120	123
120	123
120	123
120	123
120	123
120	123
120	123
119	121
119	121
119	121
119	121
119	121
119	121
119	121
119	119
119	119
119	119
119	119
119	119
119	119
119	119
119	119
119	119
119	119
119	119
119	119
119	119
119	119
119	119
119	119
118	117
118	117
118	117
118	117
118	117
118	117
118	117
118	117
118	117
118	117
118	117
118	117
118	117
118	117
118	117
118	117
118	117
118	117
118	117
118	117
118	117
118	117
118	117
118	117
118	117
118	117
118	117
118	117
118	117
118	117
118	117
117	115
117	115
117	115
117	115
117	115
117	115
117	115
117	115
116	114
116	114
116	114
116	114
116	114
116	114
116	114
116	112
116	112
116	112
116	112
116	112
116	112
116	112
116	112
116	110
116	110
116	110
116	110
116	110
116	110
116	110
116	110
118	107
118	107
118	107
118	107
118	107
118	107
118	107
118	107
118	105
118	105
118	105
118	105
118	105
118	105
118	105
118	107
118	107
118	107
118	107
118	107
118	107
118	107
118	107
119	107
119	107
119	107
119	107
119	107
119	107
119	107
119	107
119	107
119	107
119	107
119	107
119	107
119	107
120	107
120	107
120	108
119	108
119	108
119	108
119	108
119	108
119	108
118	111
118	111
118	111
118	111
118	111
118	111
118	111
118	111
119	109
119	109
119	109
119	109
119	109
119	109
119	109
119	109
119	107
119	107
119	107
119	107
119	107
119	107
121	107
121	107
121	106
122	106
122	106
122	106
122	106
122	106
122	106
122	106
122	106
122	106
122	106
122	106
122	106
122	106
122	106
121	103
121	103
121	103
121	103
121	103
121	103
121	103
121	103
121	101
121	101
121	101
121	101
121	101
121	101
121	101
121	101
120	102
120	102
120	102
120	102
120	102
120	102
120	102
119	99
119	99
119	99
119	99
119	99
119	99
119	99
119	99
119	98
119	98
119	98
119	98
119	98
119	98
119	98
119	98
119	102
119	102
119	102
119	102
119	102
119	102
119	102
119	102
119	101
119	101
119	101
119	101
119	101
119	101
119	101
119	103
119	103
119	103
119	103
119	103
119	103
119	103
119	103
118	106
118	106
118	106
118	106
118	106
118	106
118	106
118	106
118	109
118	109
118	109
118	109
118	109
118	109
118	109
118	109
118	112
118	112
118	112
118	112
118	112
118	112
118	112
118	111
118	111
118	111
118	111
118	111
118	111
118	111
118	111
118	114
118	114
118	114
118	114
118	114
118	114
118	114
118	114
117	116
117	116
117	116
117	116
117	116
117	116
117	116
117	116
117	117
117	117
117	117
117	117
117	117
117	117
117	117
116	118
116	118
116	118
116	118
116	118
116	118
116	118
116	118
116	116
116	116
116	116
116	116
116	116
116	116
116	116
116	116
115	114
113	114
113	114
113	114
113	114
113	114
113	114
113	114
112	112
112	112
112	112
112	112
112	112
112	112
112	112
111	111
111	111
111	111
111	111
111	111
111	111
111	111
111	111
111	110
111	110
111	110
111	110
111	110
111	110
111	110
111	110
109	109
109	109
109	109
109	109
109	109
109	109
109	109
109	109
108	108
108	108
108	108
108	108
108	108
108	108
108	108
107	107
107	107
107	107
107	107
107	107
107	107
107	107
107	107
107	106
107	106
107	106
107	106
107	106
107	106
107	106
107	106
106	106
106	106
106	106
106	106
106	106
106	106
106	106
106	106
106	106
106	106
106	106
106	106
106	106
106	106
106	106
106	105
106	105
106	105
106	105
106	105
106	105
106	105
106	105
106	105
106	105
106	105
106	105
106	105
106	105
106	105
106	105
106	105
106	105
106	105
106	105
106	105
106	105
106	105
106	105
105	104
105	104
105	104
105	104
105	104
105	104
105	104
104	104
104	104
104	104
104	104
104	104
104	104
104	104
104	104
102	103
102	103
102	103
102	103
102	103
102	103
102	103
102	103
101	101
101	101
101	101
101	101
101	101
101	101
99	101
99	101
99	104
99	104
99	104
99	104
99	104
99	104
99	104
96	104
96	104
96	104
96	104
96	104
96	104
96	104
96	104
96	103
96	103
96	103
96	103
96	103
96	103
96	103
96	103
96	106
96	106
96	106
96	106
96	106
96	106
96	106
96	106
95	106
95	106
95	106
95	106
95	106
95	106
95	106
93	104
93	104
93	104
93	104
93	104
93	104
93	104
93	104
93	102
93	102
93	102
93	102
93	102
93	102
93	102
93	102
94	102
94	102
94	102
94	102
94	102
94	102
94	102
94	102
93	100
93	100
93	100
93	100
93	100
93	100
93	100
92	98
93	98
93	98
93	98
93	98
93	98
93	98
93	98
92	96
92	96
92	96
92	96
92	96
92	96
92	96
92	96
92	94
92	94
92	94
92	94
92	94
92	94
92	94
92	94
93	94
93	94
93	94
93	94
93	94
93	94
93	94
95	94
95	94
95	94
95	94
95	94
95	94
95	94
95	94
96	96
97	96
97	96
97	96
97	96
97	96
97	96
97	96
97	97
97	97
97	97
97	97
97	97
97	97
97	97
97	97
96	99
96	99
96	99
96	99
96	99
96	99
96	99
98	97
98	97
98	97
98	97
98	97
98	97
98	97
98	97
100	98
104	98
104	98
104	98
104	98
104	98
104	98
104	98
104	99
107	99
107	99
107	99
107	99
107	99
107	99
108	99
108	99
108	99
108	99
108	99
108	99
108	99
108	99
109	102
109	102
109	102
109	102
109	102
109	102
109	102
109	102
109	105
109	105
109	105
109	105
109	105
109	105
109	105
109	105
109	108
109	108
109	108
109	108
109	108
109	108
109	108
110	110
110	110
110	110
110	110
110	110
110	110
110	110
110	110
110	110
110	110
110	110
110	110
110	110
110	110
110	110
110	110
111	110
111	110
111	110
111	110
111	110
111	110
111	110
111	110
111	111
111	111
111	111
111	111
111	111
111	111
111	111
112	111
112	111
112	111
112	111
112	111
112	111
112	111
112	111
112	112
112	112
112	112
112	112
112	112
112	112
112	112
112	112
112	112
112	112
112	112
112	112
112	112
112	112
112	112
112	112
112	111
111	111
111	111
111	111
111	111
111	111
111	111
110	110
110	110
110	110
110	110
110	110
110	110
110	110
110	110
109	109
109	109
109	109
109	109
109	109
109	109
109	109
109	109
109	108
109	108
109	108
109	108
109	108
109	108
109	108
109	108
108	107
108	107
108	107
108	107
108	107
108	107
108	107
108	107
108	107
108	107
108	107
108	107
108	107
108	107
108	107
108	107
108	107
108	107
108	107
108	107
108	107
108	107
108	107
109	108
109	108
109	108
109	108
109	108
109	108
109	108
109	108
109	110
109	110
109	110
109	110
109	110
109	110
109	110
108	110
108	110
108	110
108	110
108	110
108	110
108	110
108	110
108	109
108	109
108	109
108	109
108	109
108	109
108	109
108	109
108	108
108	108
108	108
108	108
108	108
108	108
108	108
108	108
109	108
109	108
109	108
109	108
109	108
109	108
109	108
109	107
109	107
109	107
109	107
109	107
109	107
109	107
109	107
109	108
109	108
109	108
109	108
109	108
109	108
109	108
109	108
109	108
109	108
109	108
109	108
109	108
109	108
109	108
109	108
109	109
109	109
109	109
109	109
109	109
109	109
109	109
108	108
108	108
108	108
108	108
108	108
108	108
108	108
108	108
108	107
107	107
107	107
107	107
107	107
107	107
107	107
107	107
107	106
107	106
107	106
107	106
107	106
107	106
107	106
107	106
106	105
106	105
106	105
106	105
106	105
106	105
106	105
105	104
105	104
105	104
105	104
105	104
105	104
105	104
105	104
104	103
104	103
104	103
104	103
104	103
104	103
104	103
104	103
103	103
103	103
103	103
103	103
103	103
103	103
103	103
102	102
102	102
102	102
102	102
102	102
102	102
102	102
102	102
102	101
102	101
102	101
102	101
102	101
102	101
102	101
102	101
101	101
101	101
101	101
101	101
101	101
101	101
101	101
101	101
101	101
101	101
101	101
101	101
101	101
101	101
101	101
101	100
102	100
102	100
102	100
102	100
102	100
102	100
102	100
102	101
102	101
102	101
102	101
102	101
102	101
102	101
102	101
102	102
102	102
102	102
102	102
102	102
102	102
102	102
102	102
102	105
102	105
102	105
102	105
102	105
102	105
102	105
102	107
102	107
102	107
102	107
102	107
102	107
102	107
102	107
101	108
101	108
101	108
101	108
101	108
101	108
101	108
101	108
100	108
100	108
100	108
100	108
100	108
100	108
100	108
100	108
99	107
99	107
99	107
99	107
99	107
99	107
99	107
98	104
98	104
98	104
98	104
98	104
98	104
98	104
98	104
97	107
96	107
96	107
96	107
96	107
96	107
96	107
96	107
95	106
95	106
95	106
95	106
95	106
95	106
95	106
95	106
95	104
95	104
95	104
95	104
95	104
95	104
95	104
94	103
94	103
94	103
94	103
94	103
94	103
94	103
94	103
94	103
94	103
94	103
94	103
94	103
94	103
94	103
94	103
94	101
94	101
94	101
94	101
94	101
94	101
94	101
94	101
95	99
95	99
95	99
95	99
95	99
95	99
95	99
94	101
94	101
94	101
94	101
94	101
94	101
94	101
94	101
94	102
94	102
94	102
94	102
94	102
94	102
94	102
94	102
93	100
93	100
93	100
93	100
93	100
93	100
93	100
93	100
93	103
93	103
93	103
93	103
93	103
93	103
93	103
93	101
93	101
93	101
93	101
93	101
93	101
93	101
93	101
93	99
93	99
93	99
93	99
93	99
93	99
93	99
93	99
93	97
93	97
93	97
93	97
93	97
93	97
93	97
94	95
94	95
94	95
94	95
94	95
94	95
94	95
94	95
94	95
94	95
94	95
94	95
94	95
94	95
94	95
94	95
95	95
95	95
95	95
95	95
95	95
95	95
95	95
95	95
95	97
96	97
96	97
96	97
96	97
96	97
96	97
97	99
97	99
97	99
97	99
97	99
97	99
97	99
97	99
99	100
99	100
99	100
99	100
99	100
99	100
99	100
99	100
100	100
100	100
100	100
100	100
100	100
100	100
100	100
100	100
102	102
102	102
102	102
102	102
102	102
102	102
102	102
102	103
104	103
104	103
104	103
104	103
104	103
104	103
104	103
105	104
105	104
105	104
105	104
105	104
105	104
105	104
105	104
106	106
106	106
106	106
106	106
106	106
106	106
106	106
106	106
107	107
107	107
107	107
107	107
107	107
107	107
107	107
108	109
108	109
108	109
108	109
108	109
108	109
108	109
108	109
108	109
108	109
108	109
108	109
108	109
108	109
108	109
108	109
109	109
109	109
109	109
109	109
109	109
109	109
109	109
109	110
109	110
109	110
109	110
109	110
109	110
109	110
109	110
109	110
109	110
109	110
109	110
109	110
109	110
110	110
110	110
109	110
109	110
109	110
109	110
109	110
109	110
109	110
109	110
109	109
109	109
109	109
109	109
109	109
109	109
109	109
109	108
109	108
109	108
109	108
109	108
109	108
109	108
109	108
109	108
109	108
109	108
109	108
109	108
109	108
109	108
109	108
109	107
109	107
109	107
109	107
108	107
108	107
108	107
108	107
108	107
108	107
108	107
108	107
108	107
108	107
108	107
109	109
109	109
109	109
109	109
109	109
109	109
109	109
109	109
110	109
110	109
110	109
110	109
110	109
110	109
110	109
110	109
110	110
110	110
110	110
110	110
110	110
110	110
110	110
110	110
110	110
110	110
110	110
110	110
110	110
110	110
110	110
110	110
110	110
110	110
110	110
110	110
110	110
110	110
110	110
110	112
110	112
110	112
110	112
110	112
110	112
110	112
110	112
111	111
111	111
111	111
111	111
111	111
111	111
111	111
111	111
111	111
111	111
111	111
111	111
111	111
111	111
110	111
110	110
110	110
110	110
110	110
110	110
110	110
110	110
110	110
110	111
110	111
110	111
110	111
110	111
110	111
110	111
110	111
110	111
111	111
111	111
111	111
111	111
111	111
111	111
111	111
111	111
111	111
111	111
111	111
111	111
111	111
111	111
112	111
112	111
112	111
112	111
112	111
112	111
112	111
112	111
112	110
112	110
112	110
112	110
112	110
112	110
112	110
112	110
112	110
112	110
112	110
112	110
112	110
112	110
112	110
111	111
111	111
111	111
111	111
111	111
111	111
111	111
111	111
111	111
111	111
111	111
111	111
111	111
111	111
111	111
111	111
112	111
112	111
112	111
112	111
112	111
112	111
112	111
112	111
113	111
113	111
113	111
113	111
113	111
113	111
113	111
113	112
113	112
113	112
113	112
113	112
113	112
113	112
113	112
113	113
113	113
113	113
113	113
113	113
113	113
113	113
113	113
112	112
112	112
112	112
112	112
112	112
112	112
112	112
112	112
112	112
112	112
112	112
112	112
112	112
112	112
112	112
111	111
111	111
111	111
111	111
111	111
111	111
111	111
111	111
111	111
111	111
111	111
110	111
110	111
110	111
110	111
110	111
110	109
110	109
110	109
110	109
110	109
110	109
110	109
110	109
110	109
110	109
110	109
110	109
110	109
110	109
110	109
110	110
110	110
110	110
110	110
110	110
110	110
110	110
110	110
110	110
110	110
110	110
110	110
110	110
110	110
110	110
110	110
110	110
110	110
110	110
110	110
110	110
110	110
110	110
110	110
111	110
111	110
111	110
111	110
111	110
111	110
111	110
111	111
111	111
111	111
111	111
111	111
111	111
111	111
111	111
112	111
112	111
112	111
112	111
112	111
112	111
112	111
112	111
112	111
112	111
112	111
112	111
112	111
112	111
111	111
111	110
111	110
111	110
111	110
111	110
111	110
111	110
111	110
110	110
110	110
110	110
110	110
110	110
110	110
110	110
110	110
109	109
109	109
109	109
109	109
109	109
109	109
109	109
109	109
109	109
109	109
109	109
109	109
109	109
109	109
109	109
109	109
109	109
109	109
109	109
109	109
109	109
109	109
109	109
110	109
110	109
110	109
110	109
110	109
110	109
110	109
110	109
110	109
110	109
110	109
110	109
110	109
110	109
110	109
110	109
110	109
110	109
110	109
110	109
110	109
110	109
110	109
110	110
110	110
110	110
110	110
110	110
110	110
110	110
110	110
109	110
109	110
109	110
109	110
109	110
109	110
109	110
109	110
110	111
110	111
110	111
110	111
110	111
110	111
110	111
110	111
110	111
110	111
110	111
110	111
110	111
110	111
110	111
112	112
112	112
112	112
112	112
112	112
112	112
112	112
112	112
113	111
113	111
113	111
113	111
113	111
113	111
114	111
114	111
114	108
116	108
116	108
116	108
116	108
116	108
116	108
116	108
118	108
118	108
118	108
118	108
118	108
118	108
118	108
118	110
119	110
119	110
119	110
119	110
119	110
119	110
119	110
120	111
120	111
120	111
120	111
120	111
120	111
120	111
120	111
121	114
121	114
121	114
121	114
121	114
121	114
121	114
122	117
122	117
122	117
122	117
122	117
122	117
122	117
122	117
123	121
123	121
123	121
123	121
123	121
123	121
123	121
123	121
123	124
123	124
123	124
123	124
123	124
123	124
123	124
123	124
124	125
124	125
124	125
124	125
124	125
124	125
124	125
125	125
125	125
125	125
125	125
125	125
125	125
125	125
125	125
125	125
125	125
125	125
125	125
125	125
125	125
125	125
125	125
125	126
125	126
125	126
125	126
125	126
125	126
125	126
125	126
125	125
125	125
125	125
125	125
125	125
125	125
125	125
124	125
124	125
124	125
124	125
124	125
124	125
124	125
124	125
124	124
124	124
124	124
124	124
124	124
124	124
124	124
124	124
123	123
123	123
123	123
123	123
123	123
123	123
123	123
122	122
121	122
121	122
121	122
121	122
121	122
121	122
121	122
121	121
121	121
121	121
121	121
121	121
121	121
121	121
121	121
120	121
120	121
120	121
120	121
120	121
120	121
120	121
120	121
120	119
120	119
120	119
120	119
120	119
120	119
120	119
120	119
120	119
120	119
120	119
120	119
120	119
120	119
120	119
120	119
121	119
121	119
121	119
121	119
121	119
121	119
121	119
122	121
122	121
122	121
122	121
122	121
122	121
122	121
122	121
123	122
123	122
123	122
123	122
123	122
123	122
123	122
124	123
124	123
124	123
124	123
124	123
124	123
124	123
124	123
125	125
125	125
125	125
125	125
125	125
126	125
126	125
126	125
126	127
127	127
127	127
127	127
127	127
127	127
127	127
127	127
130	128
130	128
130	128
130	128
130	128
130	128
130	128
131	129
131	129
131	129
131	129
131	129
131	129
131	129
131	129
133	127
133	127
133	127
133	127
133	127
133	127
133	127
134	127
134	127
134	127
134	127
134	127
134	127
134	127
134	127
137	130
137	130
137	130
137	130
137	130
137	130
137	130
138	129
138	129
141	129
141	129
141	129
141	129
141	129
141	129
141	132
140	134
140	134
140	134
140	134
140	134
140	134
140	134
140	134
140	137
140	137
140	137
140	137
140	137
140	137
140	137
140	137
139	138
139	138
139	138
139	138
139	138
139	138
139	138
139	138
138	138
138	138
138	138
138	138
138	138
138	138
138	138
137	137
137	137
137	137
137	137
137	137
137	137
137	137
136	137
136	136
134	136
134	136
134	136
134	136
134	136
134	136
134	136
134	135
134	135
134	135
134	135
134	135
134	135
134	135
134	135
133	134
133	134
133	134
133	134
133	134
133	134
133	134
132	134
132	134
132	134
132	134
132	134
132	134
132	134
132	134
132	132
132	132
132	132
132	132
132	132
132	132
132	132
132	132
131	130
131	130
131	130
131	130
131	130
131	130
131	130
131	130
130	130
130	130
130	130
130	130
130	130
130	130
130	130
129	128
129	128
129	128
129	128
129	128
129	128
129	128
129	128
128	128
128	128
128	128
128	128
128	128
128	128
128	128
128	128
127	125
127	125
127	125
127	125
127	125
127	125
127	125
127	125
127	126
127	126
127	126
127	126
127	126
127	126
127	126
127	128
127	128
127	128
127	128
127	128
127	128
127	128
127	128
128	129
128	129
128	129
128	129
128	129
128	129
128	129
128	129
128	129
128	129
128	129
128	129
128	129
128	129
128	129
128	129
128	128
128	128
128	128
128	128
128	128
128	128
128	128
128	129
128	129
128	129
128	129
128	129
128	129
128	129
128	129
128	129
128	129
128	129
128	129
128	129
128	129
128	129
128	129
128	128
128	128
128	128
128	128
128	128
128	128
128	128
128	128
129	128
129	128
129	128
129	128
129	128
129	128
129	128
129	128
129	128
129	128
129	128
129	128
129	128
129	128
129	128
129	129
129	129
129	129
129	129
129	129
129	129
129	129
129	129
129	128
129	128
129	128
129	128
129	128
129	128
129	128
129	128
129	129
129	129
129	129
129	129
129	129
129	129
129	129
130	131
130	131
130	131
130	131
130	131
130	131
130	131
130	131
131	131
131	131
131	131
131	131
131	131
131	131
131	131
131	131
131	131
131	131
131	131
131	131
131	131
131	131
131	131
131	131
131	131
131	131
131	131
131	131
131	131
131	131
131	131
132	132
132	132
132	132
132	132
132	132
132	132
132	132
132	132
132	132
132	132
132	132
132	132
132	132
132	132
132	132
132	132
132	131
132	131
132	131
132	131
132	131
132	131
132	131
132	131
131	130
131	130
131	130
131	130
131	130
131	130
131	130
130	131
130	131
130	131
130	131
130	131
130	131
130	131
130	131
130	131
130	131
130	131
130	131
130	131
130	131
130	131
130	131
130	130
130	130
130	130
130	130
130	130
130	130
130	130
130	130
131	131
131	131
131	131
131	131
131	131
131	131
131	131
131	131
131	131
131	131
131	131
131	131
131	131
131	131
131	131
132	131
132	131
132	131
132	131
132	131
132	131
132	131
132	131
132	131
132	131
132	131
132	131
132	131
132	131
132	131
132	131
132	132
132	132
132	132
132	132
132	132
132	132
132	132
132	132
132	132
132	132
132	132
132	132
132	132
132	132
132	132
131	131
131	131
131	131
131	131
131	131
131	131
131	131
131	131
131	131
131	131
131	131
131	131
131	131
131	131
131	131
131	131
131	131
131	131
131	131
131	131
131	131
131	131
131	131
132	132
132	132
132	132
132	132
132	132
132	132
132	132
132	132
132	132
132	132
132	132
132	132
132	132
132	132
132	132
132	132
132	132
132	132
132	132
132	132
132	132
132	132
132	132
132	132
132	131
132	131
132	131
132	131
132	131
132	131
132	131
132	131
132	131
131	131
131	131
131	131
131	131
131	131
131	131
130	131
130	131
130	131
130	131
130	131
130	131
130	131
130	131
130	131
130	131
130	131
130	131
130	131
130	131
130	131
130	131
130	130
130	130
130	130
130	130
130	130
130	130
130	130
130	130
130	130
130	130
130	130
130	130
130	130
130	130
130	130
130	129
130	129
130	129
130	129
130	129
130	129
130	129
130	129
130	129
130	129
130	129
130	129
130	129
130	129
130	129
130	129
128	129
128	129
128	129
128	129
128	129
128	129
128	129
128	129
128	129
128	129
128	129
128	129
128	129
128	129
128	129
128	128
128	128
128	128
128	128
128	128
128	128
128	128
128	128
128	128
128	128
128	128
128	128
128	128
128	128
128	128
128	128
128	128
128	128
128	128
128	128
128	128
128	128
128	128
128	129
128	129
128	129
128	129
128	129
128	129
128	129
128	129
128	129
128	129
128	129
128	129
128	129
128	129
128	129
128	129
128	129
128	129
128	129
128	129
128	129
128	129
128	129
128	129
128	128
128	128
128	128
128	128
128	128
128	128
128	128
127	127
127	127
127	127
127	127
127	127
127	127
127	127
127	127
127	126
127	126
127	126
127	126
127	126
127	126
127	126
127	126
127	126
127	126
127	126
127	126
127	126
127	126
127	126
127	126
127	127
128	127
128	127
128	127
128	127
128	127
128	127
128	127
128	127
128	127
128	127
128	127
128	127
128	127
128	127
127	127
127	127
127	127
127	127
127	127
127	127
127	127
127	127
126	126
126	126
126	126
126	126
126	126
126	126
126	126
126	126
125	126
125	126
125	126
125	126
125	126
125	126
125	126
124	126
124	126
124	126
124	126
124	126
124	126
124	126
124	126
125	125
125	125
125	125
125	125
125	125
125	125
125	125
125	125
125	125
125	125
125	125
125	125
125	125
125	125
125	125
126	125
126	125
126	125
126	125
126	125
126	125
126	125
126	125
127	127
127	127
127	127
127	127
127	127
127	127
127	127
127	127
127	127
127	127
127	127
127	127
127	127
127	127
127	127
127	127
127	128
127	128
127	128
127	128
127	128
127	128
127	128
127	128
127	128
127	128
127	128
127	128
127	128
127	128
127	128
128	128
128	128
128	128
128	128
128	128
128	128
128	128
128	128
128	128
128	128
128	128
128	128
128	128
128	128
128	128
128	128
127	127
127	127
127	127
127	127
127	127
127	127
127	127
127	127
127	127
127	127
127	127
127	127
127	127
127	127
127	127
126	126
126	126
126	126
126	126
126	126
126	126
126	126
126	126
125	126
125	126
125	126
125	126
125	126
125	126
125	126
124	126
124	125
124	125
124	125
124	125
124	125
124	125
124	125
124	124
124	124
124	124
124	124
124	124
124	124
124	124
124	124
124	124
124	124
124	124
124	124
124	124
124	124
124	124
124	124
124	124
125	124
125	124
125	124
125	124
125	124
125	124
125	124
125	125
125	125
125	125
125	125
125	125
125	125
125	125
126	125
126	125
126	125
126	125
126	125
126	125
126	125
126	125
125	125
125	125
125	125
125	125
125	125
125	125
125	125
125	125
125	125
125	125
125	125
125	125
125	125
125	125
125	125
125	125
124	125
124	125
124	125
124	125
124	125
124	125
124	125
124	125
124	125
124	125
124	125
124	125
124	125
124	125
124	125
124	125
124	125
124	125
124	125
124	125
124	125
124	125
124	125
124	125
124	125
124	125
124	125
124	125
124	125
124	125
124	125
123	124
123	124
123	124
123	124
123	124
123	124
123	124
123	123
123	123
123	123
123	123
123	123
123	123
123	123
123	123
122	122
122	122
122	122
122	122
122	122
122	122
122	122
122	122
121	122
121	122
121	122
121	122
121	122
121	122
121	122
121	122
121	122
120	122
120	122
120	122
120	122
120	122
120	122
120	121
120	121
120	121
120	121
120	121
120	121
120	121
120	121
120	121
120	121
120	121
120	121
120	121
120	121
120	121
120	121
121	121
121	121
121	121
121	121
121	121
121	121
121	121
121	121
122	121
122	121
122	121
122	121
122	121
122	121
122	121
122	121
122	121
122	121
122	121
122	121
122	121
122	121
122	121
123	123
123	123
123	123
123	123
123	123
123	123
123	123
123	123
123	124
123	124
123	124
123	124
123	124
123	124
123	124
123	124
124	124
124	124
124	124
124	124
124	124
124	124
124	124
125	125
125	125
125	125
125	125
125	125
125	125
126	125
126	125
126	125
126	125
126	125
126	125
126	125
126	125
126	125
126	125
127	126
127	126
127	126
127	126
127	126
127	126
127	126
127	126
127	127
127	127
127	127
127	127
127	127
127	127
127	127
127	128
127	128
127	128
127	128
127	128
127	128
127	128
127	128
128	129
128	129
128	129
128	129
128	129
128	129
128	129
128	129
129	131
129	131
129	131
129	131
129	131
129	131
129	131
129	131
130	131
130	131
130	131
130	131
130	131
130	131
130	131
130	130
130	130
130	130
130	130
130	130
130	130
130	130
130	130
130	130
130	130
130	130
130	130
130	130
130	130
130	130
130	130
130	130
130	130
130	130
130	130
130	130
130	130
130	130
130	130
130	130
130	130
130	130
130	130
130	130
130	130
130	130
130	129
130	129
130	129
130	129
130	129
130	129
130	129
130	129
129	129
129	129
129	129
129	129
129	129
129	129
129	129
129	129
129	128
129	128
129	128
129	128
129	128
129	128
129	128
128	128
128	128
127	128
127	128
127	128
127	128
127	128
127	128
127	128
127	128
127	128
127	128
127	128
127	128
127	128
127	128
127	127
126	127
126	127
126	127
126	127
126	127
126	127
126	127
126	127
126	127
126	127
126	127
126	127
126	127
126	127
126	127
127	127
127	127
127	127
127	127
127	127
127	127
127	127
127	128
127	128
127	128
127	128
127	128
127	128
127	128
127	128
127	128
127	128
127	128
127	128
127	128
127	128
127	128
127	128
126	128
126	128
126	128
126	128
126	128
126	128
126	128
126	128
126	127
126	127
126	127
126	127
126	127
126	127
126	127
125	125
125	125
125	125
125	125
125	125
125	125
125	125
125	125
124	124
124	124
124	124
124	124
124	124
124	124
124	124
124	124
123	123
123	123
123	123
123	123
123	123
123	123
123	123
123	122
122	122
122	122
122	122
122	122
122	122
122	122
122	122
122	123
122	123
122	123
122	123
122	123
122	123
122	123
122	123
122	122
122	122
122	122
122	122
122	122
122	122
122	122
122	122
123	123
123	123
123	123
123	123
123	123
123	123
123	123
123	122
123	122
123	122
123	122
123	122
123	122
123	122
123	122
123	122
123	122
123	122
123	122
123	122
123	122
123	122
123	122
123	123
123	123
123	123
123	123
123	123
123	123
123	123
123	123
123	123
123	123
123	123
123	123
123	123
123	123
123	123
124	124
124	124
124	124
124	124
124	124
124	124
124	124
124	124
124	125
124	125
124	125
124	125
124	125
124	125
124	125
124	125
125	125
125	125
125	125
125	125
125	125
125	125
125	125
125	125
123	125
123	125
123	125
123	125
123	125
123	125
123	125
122	124
122	124
122	124
122	124
122	124
122	124
122	124
122	124
121	122
121	122
121	122
121	122
121	122
121	122
121	122
121	122
122	122
122	122
122	122
122	122
122	122
122	122
122	122
122	122
123	122
123	122
123	122
123	122
123	122
123	122
123	122
124	122
124	122
124	122
124	122
124	122
124	122
124	122
124	122
124	123
124	123
124	123
124	123
124	123
124	123
124	123
124	123
125	124
125	124
125	124
125	124
125	124
125	124
125	124
125	124
125	125
125	125
125	125
125	125
125	125
125	125
125	125
125	125
125	125
125	125
125	125
125	125
125	125
125	125
125	125
125	125
125	125
125	125
125	125
125	125
125	125
125	125
125	125
125	126
125	126
125	126
125	126
125	126
125	126
125	126
125	126
125	126
125	126
125	126
125	126
125	126
125	126
125	126
125	126
125	126
125	126
125	126
125	126
125	126
125	126
125	126
126	126
126	126
126	126
126	126
126	126
126	126
126	126
126	126
127	126
127	126
127	126
127	126
127	126
127	126
127	126
127	126
128	127
128	127
128	127
128	127
128	127
128	127
128	127
128	127
128	127
128	127
128	127
128	127
128	127
128	127
128	127
128	128
128	128
128	128
128	128
128	128
128	128
128	128
128	128
128	127
128	127
128	127
128	127
128	127
128	127
128	127
128	127
128	128
128	128
128	128
128	128
128	128
128	128
128	128
127	128
127	128
127	128
127	128
127	128
127	128
127	128
127	128
127	127
127	127
127	127
127	127
127	127
127	127
127	127
127	127
127	126
127	126
127	126
127	126
127	126
127	126
127	126
127	126
126	126
125	126
125	126
125	126
125	126
125	126
125	126
124	125
124	125
124	125
124	125
124	125
124	125
124	125
124	125
124	125
124	125
124	125
124	125
124	125
124	125
124	125
124	125
123	123
123	123
123	123
123	123
123	123
123	123
123	123
123	123
122	123
122	123
122	123
122	123
122	123
122	123
122	123
122	123
122	123
122	123
122	123
122	123
122	123
122	123
122	123
122	122
122	122
122	122
122	122
122	122
122	122
122	122
122	122
122	121
122	121
122	121
122	121
122	121
122	121
122	121
122	121
121	121
121	121
121	121
121	121
121	121
121	121
121	121
121	121
121	121
121	121
121	121
121	121
121	121
121	121
121	121
121	122
121	122
121	122
121	122
121	122
121	122
121	122
121	122
121	123
121	123
121	123
121	123
121	123
121	123
121	123
121	123
121	122
121	122
121	122
121	122
121	122
121	122
121	122
121	122
121	122
121	122
121	122
121	122
121	122
121	122
121	122
121	123
123	123
123	123
123	123
123	123
123	123
123	123
123	123
125	124
125	124
125	124
125	124
125	124
125	124
125	124
125	124
126	125
126	125
126	125
126	125
126	125
126	125
126	125
127	125
127	125
127	125
127	125
127	125
127	125
127	125
127	125
126	126
126	126
126	126
126	126
126	126
126	126
126	126
126	126
126	126
126	126
126	126
126	126
126	126
126	126
126	126
126	126
125	126
125	126
125	126
125	126
125	126
125	126
125	126
125	125
125	125
125	125
125	125
125	125
125	125
125	125
125	125
124	125
124	125
124	125
124	125
124	125
124	125
124	125
124	125
123	125
121	125
121	125
121	125
121	125
121	125
121	125
121	125
120	124
120	124
120	124
120	124
120	124
120	124
120	124
120	123
120	123
120	123
120	123
120	123
120	123
120	123
120	123
121	121
121	121
121	121
121	121
121	121
121	121
121	121
121	121
121	121
121	121
121	121
121	121
121	121
121	121
121	121
121	121
122	121
123	121
123	121
123	121
123	121
123	121
123	121
123	122
123	122
123	122
123	122
123	122
123	122
123	122
123	122
123	122
123	122
123	122
123	122
123	122
123	122
123	122
123	122
123	122
123	122
123	122
123	122
123	122
123	122
123	122
122	122
122	122
122	122
122	122
122	122
122	122
122	122
122	122
122	122
121	122
121	122
121	122
121	122
121	122
121	122
121	122
120	121
120	121
120	121
120	121
120	121
120	121
120	121
120	121
120	121
120	121
120	121
120	121
120	121
120	121
120	121
120	119
120	119
120	119
120	119
120	119
120	119
120	119
120	119
120	119
120	119
120	119
120	119
120	119
120	119
120	119
120	119
119	119
119	119
119	119
119	119
119	119
119	119
119	119
119	119
120	119
120	119
120	119
120	119
120	119
120	119
120	119
120	119
120	119
120	119
120	119
120	119
120	119
120	119
120	119
121	119
121	119
121	119
121	119
121	119
121	119
121	119
121	119
121	119
121	119
121	119
121	119
121	119
121	119
121	119
121	119
121	121
121	121
121	121
121	121
121	121
121	121
121	121
121	121
121	121
121	121
121	121
121	121
121	121
121	121
121	121
121	119
120	119
120	119
120	119
120	119
120	119
120	119
120	119
120	121
120	121
120	121
120	121
120	121
120	121
120	121
120	121
119	120
119	120
119	120
119	120
119	120
119	120
119	120
118	120
118	120
118	120
118	120
118	120
118	120
118	120
118	120
117	117
117	117
117	117
117	117
117	117
117	117
117	117
117	117
117	117
117	117
117	117
117	117
117	117
117	117
117	117
117	117
118	117
118	117
118	117
118	117
118	117
118	117
118	117
118	117
118	117
118	117
118	117
118	117
118	117
118	117
118	117
118	117
118	117
118	117
118	117
118	117
118	117
118	117
118	117
118	117
118	117
118	117
118	117
118	117
118	117
118	117
118	117
118	118
118	118
118	118
118	118
118	118
118	118
118	118
119	118
119	118
119	118
119	118
119	118
119	118
119	118
119	118
118	119
118	119
118	119
118	119
118	119
118	119
118	119
118	119
119	119
119	119
119	119
119	119
119	119
119	119
119	119
120	119
121	122
121	122
121	122
121	122
121	122
121	122
121	122
122	122
122	122
122	122
122	122
122	122
122	122
122	122
122	122
123	123
123	123
123	123
123	123
123	123
123	123
123	123
123	123
124	122
124	122
124	122
124	122
124	122
124	122
124	122
124	122
123	122
123	122
123	122
123	122
123	122
123	122
123	122
122	123
121	123
121	123
121	123
121	123
121	123
121	123
121	123
121	122
121	122
121	122
121	122
121	122
121	122
121	122
121	122
120	119
120	119
120	119
120	119
120	119
120	119
120	119
120	119
120	119
120	119
120	119
120	119
120	119
120	119
120	119
120	119
120	119
120	119
120	119
120	119
120	119
120	119
120	119
120	119
120	119
120	119
120	119
120	119
120	119
120	119
120	119
120	119
120	119
120	119
120	119
120	119
120	119
120	119
120	119
119	119
119	119
119	119
119	119
119	119
119	119
119	119
119	118
119	118
119	118
119	118
119	118
119	118
119	118
119	118
118	118
118	118
118	118
118	118
118	118
118	118
118	118
118	118
117	117
117	117
117	117
117	117
117	117
117	117
117	117
117	117
117	116
117	116
117	116
117	116
117	116
117	116
117	116
117	115
117	115
117	115
117	115
117	115
117	115
117	115
117	115
117	116
117	116
117	116
117	116
117	116
117	116
117	116
117	116
117	116
117	116
117	116
117	116
117	116
117	116
117	116
117	116
117	116
117	116
117	116
117	116
117	116
117	116
117	116
118	116
118	116
118	116
118	116
118	116
118	116
118	116
118	116
117	118
117	118
117	118
117	118
117	118
117	118
117	118
117	118
117	118
117	118
117	118
117	118
117	118
117	118
117	118
117	118
117	118
117	118
117	118
117	118
117	118
117	118
117	118
117	116
117	116
117	116
117	116
117	116
117	116
117	116
116	116
116	115
116	115
116	115
116	115
116	115
116	115
116	115
116	115
116	115
116	115
116	115
116	115
116	115
116	115
116	115
116	115
116	116
116	116
116	116
116	116
116	116
116	116
116	116
116	115
116	115
116	115
116	115
116	115
116	115
116	115
116	115
116	115
116	115
116	115
116	115
116	115
116	115
116	115
116	115
115	114
115	114
115	114
115	114
115	114
115	114
115	114
115	114
115	114
115	114
115	114
115	114
115	114
115	114
115	114
114	114
114	114
114	114
114	114
114	114
114	114
114	114
114	114
114	113
114	113
114	113
114	113
114	113
114	113
114	113
114	113
114	114
114	114
114	114
114	114
114	114
114	114
114	114
114	114
114	114
114	114
114	114
114	114
114	114
114	114
114	114
114	115
114	115
114	115
114	115
114	115
114	115
114	115
114	115
114	114
114	114
114	114
114	114
114	114
114	114
114	114
114	114
114	114
114	114
114	114
114	114
114	114
114	114
114	114
114	114
114	114
115	114
115	114
115	114
115	114
115	114
115	114
115	114
115	114
115	114
115	114
115	114
115	114
115	114
115	114
116	116
116	116
116	116
116	116
116	116
116	116
116	116
116	116
116	115
116	115
116	115
116	115
116	115
116	115
116	115
116	115
116	116
116	116
116	116
116	116
116	116
116	116
116	116
116	116
116	116
116	116
116	116
116	116
116	116
116	116
116	116
116	115
116	115
116	115
116	115
116	115
116	115
116	115
116	115
115	115
115	115
115	115
115	115
115	115
115	115
115	115
115	115
115	116
115	116
115	116
115	116
115	116
115	116
115	116
115	116
115	116
115	116
115	116
116	116
116	116
116	116
116	116
116	116
116	116
116	116
116	116
116	116
116	116
116	116
116	116
116	115
116	115
116	115
116	115
116	115
116	115
116	115
116	115
116	115
116	115
116	115
116	115
116	115
116	115
116	115
116	115
116	115
116	115
116	115
116	115
116	115
116	115
116	115
116	115
116	115
116	115
116	115
116	115
116	115
116	115
116	115
116	115
116	115
116	115
116	115
116	115
116	115
116	115
116	115
116	115
116	115
116	115
116	115
116	115
116	115
116	115
117	116
117	116
117	116
117	116
117	116
117	116
117	116
117	116
117	116
117	116
117	116
117	116
117	116
117	116
117	116
117	116
117	116
116	116
116	116
116	116
116	116
116	116
116	116
116	116
116	116
116	116
116	116
116	116
116	116
116	116
116	116
116	118
116	118
116	118
116	118
116	118
116	118
116	118
116	118
116	118
116	118
116	118
116	118
116	118
116	118
116	118
116	118
116	118
116	118
116	118
116	118
116	118
116	118
116	118
116	118
117	116
117	116
117	116
117	116
117	116
117	116
117	116
117	117
117	117
117	117
117	117
117	117
117	117
117	117
117	117
118	117
119	117
119	117
119	117
119	117
119	117
119	117
119	117
119	118
119	118
119	118
119	118
119	118
119	118
119	118
119	118
120	119
120	119
120	119
120	119
120	119
120	119
120	119
120	119
120	119
120	119
120	119
120	119
120	119
120	119
120	119
120	119
120	119
120	119
120	119
120	119
120	119
120	119
120	119
120	119
120	119
120	119
120	119
120	119
120	119
120	119
120	119
119	119
119	119
119	119
119	119
119	119
119	119
119	119
119	119
119	119
119	119
119	119
119	119
119	119
119	119
119	119
119	121
119	121
119	121
119	121
119	121
119	121
119	121
119	121
119	120
119	120
119	120
119	120
119	120
119	120
119	120
119	120
119	120
119	120
119	120
119	120
119	120
119	120
119	120
119	118
119	118
119	118
119	118
119	118
119	118
119	118
119	118
119	118
119	118
119	118
119	118
119	118
119	118
119	118
119	118
119	117
119	117
119	117
119	117
119	117
119	117
119	117
119	117
118	117
117	117
117	117
117	117
117	117
117	117
117	117
117	117
117	117
117	117
117	117
117	117
117	117
117	117
117	117
116	116
116	116
116	116
116	116
116	116
116	116
116	116
116	116
116	115
116	115
116	115
116	115
116	115
116	115
116	115
116	115
116	115
116	115
116	115
116	115
116	115
116	115
116	115
116	115
116	115
116	115
116	115
116	115
116	115
116	115
116	115
116	114
116	114
116	114
116	114
116	114
116	114
116	114
116	114
116	115
116	115
116	115
116	115
116	115
116	115
116	115
116	115
116	115
116	115
116	115
116	115
116	115
116	115
116	115
116	116
116	116
116	116
116	116
116	116
116	116
116	116
116	116
117	115
117	115
117	115
117	115
117	115
117	115
117	115
117	115
116	115
116	115
116	115
116	115
116	115
116	115
116	115
116	115
114	115
114	115
114	115
114	115
114	115
114	115
114	115
113	113
113	113
113	113
113	113
113	113
113	113
113	113
113	113
113	113
114	113
114	113
114	113
114	113
114	113
114	113
114	113
115	113
115	113
115	113
115	113
115	113
115	113
115	113
115	113
116	114
116	114
116	114
116	114
116	114
116	114
116	114
116	115
116	115
116	115
116	115
116	115
116	115
116	115
116	115
116	116
116	116
116	116
116	116
116	116
116	116
116	116
116	116
116	116
117	116
117	116
117	116
117	116
117	116
117	116
117	116
117	116
117	116
117	116
117	116
117	116
117	116
117	116
117	117
117	117
117	117
117	117
117	117
117	117
117	117
117	117
117	117
117	117
117	117
117	117
117	117
117	117
117	117
117	117
117	119
117	119
117	119
117	119
117	119
117	119
117	119
117	119
118	119
118	119
118	119
118	119
118	119
118	119
118	119
118	119
118	119
118	119
118	119
118	119
118	119
118	119
118	119
119	118
119	118
119	118
119	118
119	118
119	118
119	118
119	118
119	118
119	118
119	118
119	118
119	118
119	118
119	118
119	118
119	118
119	118
119	118
119	118
119	118
119	118
119	118
118	117
118	117
118	117
118	117
118	117
118	117
118	117
118	117
117	116
117	116
117	116
117	116
117	116
117	116
116	116
116	116
116	115
115	115
115	115
115	115
115	115
115	115
115	115
115	115
116	115
116	115
116	115
116	115
116	115
116	115
116	115
117	115
117	115
117	115
117	115
117	115
117	115
117	115
117	115
118	116
118	116
118	116
118	116
118	116
118	116
118	116
118	116
119	117
119	117
119	117
119	117
119	117
119	117
119	117
119	117
120	121
120	121
120	121
120	121
120	121
120	121
120	121
120	122
120	122
120	122
120	122
120	122
120	122
120	122
120	122
120	122
120	122
120	122
120	122
120	122
120	122
120	122
120	122
120	121
120	121
120	121
120	121
120	121
120	121
120	121
120	121
120	121
119	121
119	121
119	121
119	121
119	121
119	121
119	119
119	119
119	119
119	119
119	119
119	119
119	119
119	119
119	119
119	119
119	119
119	119
119	119
119	119
119	119
119	119
120	119
120	119
120	119
120	119
120	119
120	119
120	119
120	119
121	119
121	119
121	119
121	119
122	119
122	119
122	119
122	121
122	121
122	121
122	121
122	121
122	121
122	121
122	121
123	123
123	123
123	123
123	123
123	123
123	123
123	123
123	123
123	122
123	122
123	122
123	122
123	122
123	122
123	122
123	122
124	123
124	123
124	123
124	123
124	123
124	123
124	123
125	125
125	125
125	125
125	125
125	125
126	125
126	125
126	125
127	126
127	126
127	126
127	126
127	126
127	126
127	126
127	126
128	128
128	128
128	128
128	128
128	128
128	128
128	128
128	128
129	129
129	129
129	129
129	129
129	129
129	129
129	129
130	132
130	132
130	132
130	132
130	132
130	132
130	132
130	132
130	131
130	131
130	131
129	131
129	131
129	131
129	131
129	131
129	129
129	129
129	129
129	129
129	129
129	129
129	129
129	129
129	128
129	128
129	128
129	128
129	128
129	128
129	128
129	128
129	128
129	128
129	128
129	128
129	128
129	128
129	128
129	127
129	127
129	127
129	127
129	127
129	127
129	127
129	127
128	125
127	125
127	125
127	125
127	125
127	125
127	125
127	125
126	125
126	125
126	125
126	125
126	125
126	125
126	125
125	125
125	125
125	125
125	125
125	125
125	125
125	125
125	125
124	125
124	125
124	125
124	125
124	125
124	125
124	125
124	125
123	124
123	124
123	124
123	124
123	124
123	124
122	124
122	124
122	123
122	123
122	123
122	123
122	123
122	123
122	123
121	122
121	122
121	122
121	122
121	122
121	122
121	122
121	122
122	122
123	122
123	122
123	122
123	122
123	122
123	122
123	122
123	122
123	122
123	122
123	122
123	122
123	122
123	122
122	122
122	122
122	122
122	122
122	122
122	122
122	122
122	122
122	122
122	122
122	122
122	122
122	122
122	122
122	122
122	122
122	124
122	124
122	124
122	124
122	124
122	124
122	124
122	124
122	123
123	123
123	123
123	123
123	123
123	123
123	123
124	125
124	125
124	125
124	125
124	125
124	125
124	125
124	125
124	125
124	125
124	125
124	125
124	125
124	125
124	125
124	125
126	125
126	125
126	125
126	125
126	125
126	125
126	125
126	125
126	125
126	125
126	125
126	125
126	125
126	125
126	125
126	125
125	125
125	125
125	125
125	125
125	125
125	125
125	125
125	124
125	124
125	124
125	124
125	124
125	124
125	124
125	124
124	125
124	125
124	125
124	125
124	125
124	125
124	125
124	125
124	124
124	124
124	124
124	124
124	124
124	124
124	124
122	122
121	122
121	122
121	122
121	122
121	122
121	122
121	122
120	121
120	121
120	121
120	121
120	121
120	121
120	121
120	121
120	119
120	119
120	119
120	119
120	119
120	119
120	119
120	119
120	119
120	119
120	119
120	119
120	119
120	119
120	119
120	119
120	119
120	119
120	119
120	119
120	119
120	119
120	119
120	119
120	119
120	119
120	119
120	119
120	119
120	119
120	119
120	119
120	119
120	119
120	119
120	119
120	119
120	119
120	119
119	118
119	118
119	118
119	118
119	118
119	118
119	118
118	119
118	119
118	119
118	119
118	119
118	119
118	119
118	119
118	119
118	119
118	119
118	119
118	119
118	119
117	119
117	119
117	118
117	118
117	118
117	118
117	118
117	118
117	118
117	118
117	116
117	116
117	116
117	116
117	116
117	116
117	116
118	116
118	116
118	116
118	116
118	116
118	116
118	116
118	116
118	117
118	117
118	117
118	117
118	117
118	117
118	117
118	117
119	118
119	118
119	118
119	118
119	118
119	118
119	118
119	118
120	118
120	118
120	118
120	118
120	118
120	118
120	118
119	119
119	119
119	119
119	119
119	119
119	119
119	119
119	119
119	118
119	118
119	118
119	118
119	118
119	118
119	118
119	118
118	117
118	117
118	117
118	117
118	117
118	117
118	117
118	117
118	117
117	117
117	117
117	117
117	117
117	117
117	117
116	115
116	115
116	115
116	115
116	115
116	115
116	115
116	115
115	115
115	115
115	115
115	115
115	115
115	115
115	115
115	115
115	114
115	114
115	114
115	114
115	114
115	114
115	114
115	114
114	114
114	114
114	114
114	114
114	114
114	114
114	114
113	113
113	113
113	113
113	113
113	113
113	113
113	113
113	113
113	113
113	113
113	113
113	113
113	113
113	113
113	113
113	113
113	112
112	112
112	112
112	112
112	112
112	112
112	112
112	112
112	112
112	112
112	112
112	112
112	112
112	112
112	112
111	111
111	111
111	111
111	111
111	111
111	111
111	111
111	111
111	111
111	111
111	111
111	111
111	111
111	111
111	111
111	111
111	110
111	110
111	110
111	110
111	110
111	110
111	110
110	110
110	110
110	110
110	110
110	110
110	110
110	110
110	110
110	110
110	110
110	110
110	110
110	110
110	110
110	110
110	110
110	110
110	110
110	110
110	110
110	110
110	110
110	110
110	110
110	110
110	110
110	110
110	110
110	110
110	110
110	110
109	109
109	109
109	109
109	109
109	109
109	109
109	109
109	109
109	108
108	108
108	108
108	108
108	108
108	108
108	108
108	108
108	107
108	107
108	107
108	107
108	107
108	107
108	107
108	107
107	106
107	106
107	106
107	106
107	106
107	106
107	106
108	106
108	106
108	106
108	106
108	106
108	106
108	106
108	106
108	107
109	107
109	107
109	107
109	107
109	107
109	107
109	107
109	110
109	110
109	110
109	110
109	110
109	110
109	110
109	110
110	111
110	111
110	111
110	111
110	111
110	111
110	111
110	109
110	109
110	109
110	109
110	109
110	109
110	109
110	109
111	107
111	107
111	107
111	107
111	107
111	107
111	107
111	107
111	111
110	111
110	111
110	111
110	111
110	111
110	111
110	111
110	109
110	109
110	109
110	109
110	109
110	109
110	109
110	108
110	108
110	108
110	108
110	108
110	108
110	108
110	108
109	107
109	107
109	107
109	107
109	107
109	107
109	107
109	107
109	107
109	107
109	107
109	107
109	107
109	107
109	107
109	107
109	109
109	109
109	109
109	109
109	109
109	109
109	109
108	106
108	106
108	106
108	106
108	106
108	106
108	106
108	106
107	106
107	106
107	106
107	106
107	106
107	106
107	106
107	106
107	106
107	106
107	106
107	106
107	106
107	106
107	106
107	106
106	106
106	106
106	106
106	106
106	106
106	106
106	106
106	107
106	107
106	107
106	107
106	107
106	107
106	107
106	107
107	106
107	106
107	106
107	106
107	106
107	106
107	106
107	106
108	107
108	107
108	107
108	107
108	107
108	107
108	107
108	107
108	107
108	107
108	107
108	107
108	107
108	107
108	107
109	108
109	108
109	108
109	108
109	108
109	108
109	108
109	108
110	110
110	110
110	110
110	110
110	110
110	110
110	110
110	110
112	111
112	111
112	111
112	111
112	111
112	111
112	111
112	111
113	109
113	109
113	109
113	109
113	109
113	109
113	109
115	109
115	109
115	109
115	109
115	109
115	109
116	109
116	109
117	109
117	109
117	109
117	109
117	109
117	109
117	109
117	109
117	108
117	108
117	108
117	108
117	108
117	108
117	108
117	108
117	107
117	107
117	107
117	107
117	107
117	107
117	107
115	110
115	110
115	110
115	110
115	110
115	110
115	110
115	110
114	113
114	113
114	113
114	113
114	113
114	113
114	113
114	113
114	111
114	111
114	111
114	111
114	111
114	111
114	111
114	111
114	111
114	111
114	111
114	111
114	111
114	111
114	111
114	112
114	112
114	112
114	112
114	112
114	112
114	112
114	112
114	110
114	110
114	110
114	110
114	110
114	110
114	110
114	110
