93	0
93	0
93	0
93	0
93	0
93	0
92	0
92	0
92	0
92	0
92	0
92	0
92	0
93	0
93	0
93	0
93	0
93	0
93	0
93	0
93	0
93	0
93	0
93	0
93	0
93	0
94	0
94	0
94	0
94	0
94	0
94	0
94	0
94	0
94	0
94	0
94	0
94	0
94	0
94	0
94	0
94	0
94	0
94	0
94	0
94	0
94	0
94	0
94	0
94	96
94	96
94	96
94	96
94	96
94	96
94	96
94	96
93	51
93	51
93	51
93	51
93	51
93	51
93	51
93	51
93	51
93	51
93	51
93	51
93	51
93	51
93	51
93	54
93	54
93	54
93	54
93	54
93	54
93	54
93	54
93	50
93	50
93	50
93	50
93	50
93	50
93	50
93	50
93	50
92	50
92	50
92	50
92	50
92	50
92	50
92	50
92	51
92	51
92	51
92	51
92	51
92	51
92	51
92	50
92	50
92	50
92	50
92	50
92	50
92	50
92	50
92	50
92	50
92	50
92	50
92	50
92	50
92	50
92	50
91	53
91	53
91	53
91	53
91	53
91	53
91	53
91	53
91	56
91	56
91	56
91	56
91	56
91	56
91	56
91	58
91	58
91	58
91	58
91	58
91	58
91	58
91	58
91	61
91	61
91	61
91	61
91	61
91	61
91	61
91	61
91	62
91	62
91	62
91	62
91	62
91	62
91	62
91	62
91	64
91	64
91	64
91	64
91	64
91	64
91	64
91	63
91	63
91	63
91	63
91	63
91	63
91	63
91	63
93	63
93	63
93	63
93	63
93	63
93	63
93	63
93	63
93	64
93	64
93	64
93	64
93	64
93	64
93	64
94	64
94	64
94	64
94	64
94	64
94	64
94	64
94	64
94	67
94	67
94	67
94	67
94	67
94	67
94	67
94	67
94	64
94	64
94	64
94	64
94	64
94	64
94	64
94	64
94	62
94	62
94	62
94	62
94	62
94	62
94	62
94	62
94	62
94	62
94	62
94	62
94	62
94	62
94	62
94	62
94	62
94	62
94	62
94	62
94	62
94	62
94	62
94	61
94	61
94	61
94	61
94	61
94	61
94	61
94	61
94	61
94	61
94	61
94	61
94	61
94	61
94	61
94	57
94	57
94	57
94	57
94	57
94	57
94	57
94	57
94	56
94	56
94	56
94	56
94	56
94	56
94	56
94	56
95	56
95	56
95	56
95	56
95	56
95	56
95	56
95	55
95	55
95	55
95	55
95	55
95	55
95	55
95	55
96	56
96	56
97	56
97	56
97	56
97	56
97	56
97	56
97	59
97	59
97	59
97	59
97	59
97	59
97	59
97	59
98	62
98	62
98	62
98	62
98	62
98	62
98	62
98	60
98	60
98	60
98	60
98	60
98	60
98	60
98	60
98	59
98	59
98	59
98	59
98	59
98	59
98	59
98	59
98	60
98	60
97	60
97	60
97	60
97	60
97	60
97	60
96	59
96	59
96	59
96	59
96	59
96	59
96	59
95	56
95	56
95	56
95	56
95	56
95	56
95	56
95	56
95	56
95	56
95	56
95	56
95	56
95	56
95	56
95	56
94	54
94	54
94	54
94	54
94	54
94	54
94	54
94	54
94	51
94	51
93	51
93	51
93	51
93	51
93	51
93	50
93	50
93	50
93	50
93	50
93	50
93	50
93	50
93	53
93	53
93	53
93	53
93	53
93	53
93	53
93	53
93	49
93	49
93	49
93	49
93	49
93	49
93	49
92	54
92	54
92	54
92	54
92	54
92	54
92	54
92	54
92	57
92	57
92	57
92	57
92	57
92	57
92	57
92	57
92	60
92	60
92	60
92	60
92	60
92	60
92	60
92	60
91	63
91	63
91	63
91	63
91	63
91	63
91	63
91	66
91	66
91	66
91	66
91	66
91	66
91	66
91	66
92	64
92	64
92	64
92	64
92	64
92	64
92	64
92	64
92	62
92	62
92	62
92	62
92	62
92	62
92	62
92	62
93	65
93	65
93	65
93	65
93	65
93	65
93	65
93	70
93	70
93	70
93	70
93	70
93	70
93	70
93	70
93	73
93	73
93	73
93	73
93	73
93	73
93	73
93	73
93	72
93	72
93	72
93	72
93	72
93	72
93	72
94	70
94	70
94	70
94	70
94	70
94	70
94	70
94	70
94	75
94	75
94	75
94	75
94	75
94	75
94	75
94	75
95	75
95	75
95	75
95	75
95	75
95	75
95	75
95	75
95	72
95	72
95	72
95	72
95	72
95	72
95	72
95	77
95	77
95	77
95	77
95	77
95	77
95	77
95	77
95	80
96	80
96	80
96	80
96	80
96	80
96	80
96	80
96	83
96	83
96	83
96	83
96	83
96	83
96	83
96	83
96	85
96	85
96	85
96	85
96	85
96	85
96	85
97	83
97	83
97	83
97	83
97	83
97	83
97	83
97	83
97	87
97	87
97	87
97	87
97	87
97	87
97	87
97	87
97	85
97	85
97	85
97	85
97	85
97	85
97	85
97	85
97	84
97	84
97	84
97	84
97	84
97	84
97	84
97	87
97	87
97	87
97	87
97	87
97	87
97	87
97	87
97	90
97	90
97	90
97	90
97	90
97	90
97	90
97	90
97	93
97	93
97	93
97	93
97	93
97	93
97	93
97	93
97	93
97	93
97	93
97	93
97	93
97	93
97	93
97	91
97	91
97	91
97	91
97	91
97	91
97	91
97	91
97	94
97	94
97	94
97	94
97	94
97	94
97	94
97	94
97	94
97	94
97	94
97	94
97	94
97	94
97	94
97	94
97	94
97	94
97	94
97	94
97	94
97	94
97	94
96	93
96	93
96	93
96	93
96	93
96	93
96	93
96	93
96	96
96	96
96	96
96	96
96	96
96	96
96	96
96	96
96	99
96	99
96	99
96	99
96	99
96	99
96	99
97	102
97	102
97	102
97	102
97	102
97	102
97	102
97	102
97	104
97	104
97	104
97	104
97	104
97	104
97	104
97	104
97	103
97	103
96	103
96	103
96	103
96	103
96	103
96	103
96	103
96	103
96	103
96	103
96	103
96	103
96	103
96	106
96	106
96	106
96	106
96	106
96	106
96	106
96	106
96	107
96	107
96	107
96	107
96	107
96	107
96	107
96	107
96	105
96	105
96	105
96	105
96	105
96	105
96	105
97	105
97	105
97	105
97	105
97	105
97	105
97	105
97	105
97	103
97	103
97	103
97	103
97	103
97	103
97	103
97	103
97	101
97	101
97	101
97	101
97	101
97	101
97	101
97	101
97	104
97	104
97	104
97	104
97	104
97	104
97	104
97	104
97	104
97	104
97	104
97	104
97	104
97	104
97	104
97	103
97	103
97	103
97	103
97	103
97	103
97	103
97	103
97	107
97	107
97	107
97	107
97	107
97	107
97	107
97	105
97	105
97	105
97	105
97	105
97	105
97	105
97	105
96	108
96	108
96	108
96	108
96	108
96	108
96	108
96	108
96	105
96	105
96	105
96	105
96	105
96	105
96	105
96	105
96	108
96	108
96	108
96	108
96	108
96	108
96	108
96	111
96	111
96	111
96	111
96	111
96	111
96	111
96	111
96	109
96	109
96	109
96	109
96	109
96	109
96	109
96	109
96	114
96	114
96	114
96	114
96	114
96	114
96	114
96	114
95	111
95	111
95	111
95	111
95	111
95	111
95	111
95	114
95	114
95	114
95	114
95	114
95	114
95	114
95	114
95	110
95	110
95	110
95	110
95	110
95	110
95	110
95	110
96	112
96	112
96	112
96	112
96	112
96	112
96	112
96	115
96	115
96	115
96	115
96	115
96	115
96	115
96	115
97	113
97	113
97	113
97	113
97	113
97	113
97	113
97	113
98	113
98	113
98	113
98	113
98	113
98	113
98	113
98	113
99	111
99	111
99	111
99	111
99	111
99	111
99	111
99	114
99	114
99	114
99	114
99	114
99	114
99	114
99	114
99	117
99	117
99	117
99	117
99	117
99	117
99	117
99	117
99	121
99	121
99	121
99	121
99	121
99	121
99	121
99	121
98	120
98	120
98	120
98	120
98	120
98	120
98	120
98	120
98	120
98	120
98	120
98	120
98	120
98	120
98	120
98	120
98	120
98	120
98	120
98	120
98	120
98	120
98	120
97	123
97	123
97	123
97	123
97	123
97	123
97	123
96	128
96	128
96	128
96	128
96	128
96	128
96	128
96	128
96	125
96	125
96	125
96	125
96	125
96	125
96	125
96	125
96	129
96	129
96	129
96	129
96	129
96	129
96	129
96	129
96	131
96	131
96	131
96	131
96	131
96	131
96	131
97	133
97	133
97	133
97	133
97	133
97	133
97	133
97	133
98	131
98	131
98	131
98	131
98	131
98	131
98	131
98	131
98	134
98	134
98	134
98	134
98	134
98	134
98	134
98	134
97	138
97	138
97	138
97	138
97	138
97	138
97	138
97	136
97	136
97	136
97	136
97	136
96	136
96	136
96	136
96	134
96	134
96	134
96	134
96	134
96	134
96	134
96	134
95	132
95	132
95	132
95	132
95	132
95	132
95	132
95	130
95	130
94	130
94	130
94	130
94	130
94	130
94	130
94	128
94	128
94	128
94	128
94	128
94	128
94	128
94	128
94	132
94	132
94	132
94	132
94	132
94	132
94	132
94	132
94	133
94	133
94	133
94	133
94	133
94	133
94	133
94	135
94	135
94	135
94	135
94	135
94	135
94	135
94	135
94	135
94	135
94	135
94	135
94	135
94	135
94	135
94	135
93	133
93	133
93	133
93	133
93	133
93	133
93	133
93	133
93	135
93	135
93	135
93	135
93	135
93	135
93	135
93	133
93	133
93	133
93	133
93	133
93	133
93	133
93	133
93	131
93	131
93	131
93	131
93	131
93	131
93	131
93	131
93	129
93	129
93	129
93	129
93	129
93	129
93	129
93	132
93	132
93	132
93	132
93	132
93	132
93	132
93	132
93	130
93	130
93	130
93	130
93	130
93	130
93	130
93	130
93	133
93	133
93	133
93	133
93	133
93	133
93	133
93	133
93	136
93	136
93	136
93	136
93	136
93	136
93	136
93	134
92	134
92	134
92	134
92	134
92	134
92	134
92	134
92	132
92	132
92	132
92	132
92	132
92	132
92	132
92	132
92	135
92	135
92	135
92	135
92	135
92	135
92	135
92	135
93	133
93	133
93	133
93	133
93	133
93	133
93	133
93	131
93	131
93	131
93	131
93	131
93	131
93	131
93	131
93	129
93	129
94	129
94	129
94	129
94	129
94	129
94	129
94	127
94	127
94	127
94	127
94	127
94	127
94	127
94	125
94	125
94	125
94	125
94	125
94	125
94	125
94	125
95	123
95	123
95	123
95	123
95	123
95	123
95	123
95	123
95	126
95	126
95	126
95	126
95	126
95	126
95	126
95	126
95	124
95	124
96	124
96	124
96	124
96	124
96	124
96	127
96	127
96	127
96	127
96	127
96	127
96	127
96	127
96	131
96	131
96	131
96	131
96	131
96	131
96	131
96	131
96	129
96	129
96	129
96	129
96	129
96	129
96	129
96	129
96	127
96	127
96	127
96	127
96	127
96	127
96	127
97	125
97	125
97	125
97	125
97	125
97	125
97	125
97	125
97	123
97	123
97	123
97	123
97	123
97	123
97	123
97	123
97	121
97	121
97	121
97	121
97	121
97	121
97	121
97	119
97	119
97	119
97	119
97	119
97	119
97	119
97	119
97	124
97	124
97	124
97	124
97	124
97	124
97	124
97	124
97	124
97	124
97	124
97	124
97	124
97	124
97	124
97	124
96	122
96	122
96	122
96	122
96	122
96	122
96	122
96	125
96	125
96	125
96	125
96	125
96	125
96	125
96	125
96	128
96	128
96	128
96	128
96	128
96	128
96	128
96	128
96	127
96	127
96	127
96	127
96	127
96	127
96	127
96	127
96	125
96	125
96	125
96	125
96	125
96	125
96	125
96	125
96	125
96	125
96	125
96	125
96	125
96	125
96	125
96	123
96	123
96	123
96	123
96	123
96	123
96	123
96	123
96	121
96	121
96	121
96	121
96	121
96	121
96	121
96	121
96	121
96	121
96	121
96	121
96	121
96	121
96	121
96	120
96	120
95	120
95	120
95	120
95	120
95	120
95	120
95	118
95	118
95	118
95	118
95	118
95	118
95	118
95	118
95	117
95	117
95	117
95	117
95	117
95	117
95	117
94	117
94	117
94	117
94	117
94	117
94	117
94	117
94	117
94	117
94	117
94	117
94	117
94	117
94	117
94	117
94	117
94	117
94	117
94	117
94	117
94	117
94	117
94	117
94	117
94	115
94	115
94	115
94	115
94	115
94	115
94	115
94	114
94	114
94	114
94	114
94	114
94	114
94	114
94	114
95	113
95	113
95	113
95	113
95	113
95	113
95	113
95	113
95	111
95	111
95	111
95	111
95	111
95	111
95	111
95	109
94	109
94	109
94	109
94	109
94	109
94	109
94	109
94	107
94	107
94	107
94	107
94	107
94	107
94	107
94	107
94	105
94	105
94	105
94	105
94	105
94	105
94	105
94	105
94	108
94	108
94	108
94	108
94	108
94	108
94	108
94	107
94	107
94	107
94	107
94	107
94	107
94	107
94	107
95	110
95	110
95	110
95	110
95	110
95	110
95	110
95	110
96	108
96	108
96	108
96	108
96	108
96	108
96	108
96	108
96	106
96	106
96	106
96	106
96	106
96	106
96	106
96	106
96	106
96	106
96	106
96	106
96	106
96	106
96	106
96	104
96	104
96	104
96	104
96	104
96	104
96	104
96	104
96	102
96	102
96	102
96	102
96	102
96	102
96	102
95	105
95	105
95	105
95	105
95	105
95	105
95	105
95	105
96	108
96	108
96	108
96	108
96	108
96	108
96	108
96	108
96	113
96	113
96	113
96	113
96	113
96	113
96	113
96	113
96	111
96	111
96	111
96	111
96	111
96	111
96	111
96	109
97	109
97	109
97	109
97	109
97	109
97	109
97	109
97	112
97	112
97	112
97	112
97	112
97	112
97	112
97	112
97	110
97	110
97	110
97	110
97	110
97	110
97	110
97	110
97	110
97	110
97	110
97	110
97	110
97	110
97	110
97	108
97	108
97	108
97	108
97	108
97	108
97	108
97	108
97	110
97	110
97	110
97	110
97	110
97	110
97	110
97	110
97	113
97	113
97	113
97	113
97	113
97	113
97	113
97	110
97	110
97	110
97	110
97	110
97	110
97	110
97	110
97	109
97	109
97	109
97	109
97	109
97	109
97	109
97	109
97	107
97	107
97	107
97	107
97	107
97	107
97	107
97	107
98	107
98	107
98	107
98	107
98	107
98	107
98	107
98	109
98	109
98	109
98	109
98	109
98	109
98	109
98	109
98	109
98	109
98	109
98	109
98	109
98	109
98	109
98	109
98	107
98	107
98	107
98	107
98	107
98	107
98	107
98	107
98	105
98	105
98	105
98	105
98	105
98	105
98	105
98	103
98	103
98	103
98	103
98	103
98	103
98	103
98	103
97	107
97	107
97	107
97	107
97	107
97	107
97	107
97	107
98	105
98	105
98	105
98	105
98	105
98	105
98	105
98	103
98	103
98	103
98	103
98	103
98	103
98	103
98	103
98	108
98	108
98	108
98	108
98	108
98	108
98	108
98	108
97	106
97	106
97	106
97	106
97	106
97	106
97	106
97	106
97	109
97	109
97	109
97	109
97	109
97	109
97	109
96	111
96	111
96	111
96	111
96	111
96	111
96	111
96	111
96	110
96	110
96	110
96	110
96	110
96	110
96	110
96	110
95	108
95	108
95	108
95	108
95	108
95	108
95	108
95	108
95	112
95	112
95	112
95	112
95	112
95	112
95	112
95	115
95	115
95	115
95	115
95	115
95	115
95	115
95	115
95	113
95	113
95	113
95	113
95	113
95	113
95	113
95	113
96	114
96	114
96	114
96	114
96	114
96	114
96	114
96	117
96	117
96	117
96	117
96	117
96	117
96	117
96	117
97	113
97	113
97	113
97	113
97	113
97	113
97	113
97	113
97	111
97	111
97	111
97	111
97	111
97	111
97	111
97	111
98	114
98	114
98	114
98	114
98	114
98	114
98	114
98	117
98	117
98	117
98	117
98	117
98	117
98	117
98	117
98	115
98	115
98	115
98	115
98	115
98	115
98	115
98	115
98	113
98	113
99	113
99	113
99	113
99	113
99	113
99	113
99	113
99	113
99	113
99	113
99	113
99	113
99	113
100	111
100	111
100	111
100	111
100	111
100	111
100	111
100	111
100	114
100	114
100	114
100	114
100	114
100	114
100	114
100	114
101	112
101	112
101	112
101	112
101	112
101	112
101	112
101	112
102	112
102	112
102	112
102	112
102	112
102	112
102	112
101	115
101	115
101	115
101	115
101	115
101	115
101	115
101	115
101	113
101	113
101	113
101	113
101	113
101	113
101	113
101	113
101	116
101	116
101	116
101	116
101	116
101	116
101	116
101	114
101	114
101	114
101	114
101	114
101	114
101	114
101	114
102	119
102	119
102	119
102	119
102	119
102	119
102	119
102	119
102	117
102	117
102	117
102	117
102	117
102	117
102	117
102	120
102	120
102	120
102	120
102	120
102	120
102	120
102	120
103	125
103	125
103	125
103	125
103	125
103	125
103	125
103	125
103	123
103	123
103	123
103	123
103	123
103	123
103	123
103	123
103	121
102	121
102	121
102	121
102	121
102	121
102	121
102	126
102	126
102	126
102	126
102	126
102	126
102	126
102	126
102	126
102	126
102	126
102	126
102	126
102	126
102	126
102	126
102	129
102	129
102	129
102	129
102	129
102	129
102	129
102	132
102	132
102	132
102	132
102	132
102	132
102	132
102	132
103	130
104	130
104	130
104	130
104	130
104	130
104	130
104	130
104	128
104	128
104	128
104	128
104	128
104	128
104	128
104	128
104	131
104	131
104	131
104	131
104	131
104	131
104	131
104	136
104	136
104	136
104	136
104	136
104	136
104	136
104	136
103	134
103	134
103	134
103	134
103	134
103	134
103	134
103	134
103	132
103	132
103	132
103	132
103	132
103	132
103	132
103	132
101	130
101	130
101	130
101	130
101	130
101	130
101	130
101	130
101	130
101	130
101	130
101	130
101	130
101	130
101	130
100	131
100	131
100	131
100	131
100	131
100	131
100	131
100	131
100	129
100	129
100	129
100	129
100	129
100	129
100	129
101	132
101	132
101	132
101	132
101	132
101	132
101	132
101	132
100	130
100	130
100	130
100	130
100	130
100	130
100	130
100	130
100	133
100	133
100	133
100	133
100	133
100	133
100	133
100	133
100	136
100	136
100	136
100	136
100	136
100	136
100	136
100	134
100	134
100	134
100	134
100	134
100	134
100	134
100	134
100	137
99	137
99	137
99	137
99	137
99	137
99	137
99	137
99	139
99	139
99	139
99	139
99	139
99	139
99	139
99	137
99	137
99	137
99	137
99	137
99	137
99	137
99	137
99	135
99	135
99	135
99	135
99	135
99	135
99	135
99	135
99	133
99	133
99	133
99	133
99	133
99	133
99	133
99	133
98	137
98	137
98	137
98	137
98	137
98	137
98	137
98	137
98	137
98	137
98	137
98	137
98	137
98	137
98	137
97	138
97	138
97	138
97	138
97	138
97	138
97	138
97	138
97	136
97	136
97	136
97	136
97	136
97	136
97	136
97	136
96	134
96	134
96	134
96	134
96	134
96	134
96	134
96	132
96	132
96	132
96	132
96	132
96	132
96	132
96	132
96	130
96	130
96	130
96	130
96	130
96	130
96	130
96	130
96	128
96	128
96	128
96	128
96	128
96	128
96	128
96	126
96	126
96	126
96	126
96	126
96	126
96	126
96	126
96	124
96	124
96	124
96	124
96	124
96	124
96	124
96	124
95	129
95	129
95	129
95	129
95	129
95	129
95	129
95	129
94	127
94	127
94	127
94	127
94	127
94	127
94	127
94	130
94	130
94	130
94	130
94	130
94	130
94	130
94	130
93	128
93	128
93	128
93	128
93	128
93	128
93	128
93	128
93	126
93	126
93	126
93	126
93	126
93	126
93	126
93	124
93	124
93	124
93	124
93	124
93	124
93	124
93	124
93	122
93	122
93	122
93	122
93	122
93	122
93	122
93	122
92	120
92	120
92	120
92	120
92	120
92	120
92	120
92	120
92	118
92	118
92	118
92	118
92	118
92	118
92	118
91	116
91	116
91	116
91	116
91	116
91	116
91	116
91	116
91	119
91	119
91	119
91	119
91	119
91	119
91	119
91	119
91	117
91	117
91	117
91	117
91	117
91	117
91	117
91	117
91	118
91	118
91	118
91	118
91	118
91	118
91	118
91	121
91	121
91	121
91	121
91	121
91	121
91	121
91	121
91	125
91	125
91	125
91	125
91	125
91	125
91	125
91	125
91	123
91	123
91	123
91	123
91	123
91	123
91	123
91	126
91	126
91	126
91	126
91	126
91	126
91	126
91	126
91	129
91	129
91	129
91	129
91	129
91	129
91	129
91	129
92	127
92	127
92	127
92	127
92	127
92	127
92	127
92	127
92	125
92	125
92	125
92	125
92	125
92	125
92	125
93	123
93	123
93	123
93	123
93	123
93	123
93	123
93	123
93	121
93	121
93	121
93	121
93	121
93	121
93	121
93	121
93	119
93	119
93	119
93	119
93	119
93	119
93	119
94	122
94	122
94	122
94	122
94	122
94	122
94	122
94	122
94	125
94	125
94	125
94	125
94	125
94	125
94	125
94	125
94	129
94	129
94	129
94	129
94	129
94	129
94	129
94	129
94	127
94	127
94	127
94	127
94	127
94	127
94	127
94	129
94	129
94	129
94	129
94	129
94	129
94	129
94	129
94	129
94	129
94	129
94	129
94	129
94	129
94	129
94	129
94	131
94	131
94	131
94	131
94	131
94	131
94	131
94	129
93	129
93	129
93	129
93	129
93	129
93	129
93	129
93	127
93	127
93	127
93	127
93	127
93	127
93	127
93	127
92	125
92	125
92	125
92	125
92	125
92	125
92	125
92	125
92	123
92	123
92	123
92	123
92	123
92	123
92	123
91	124
91	124
91	124
91	124
91	124
91	124
91	124
91	124
91	127
90	127
90	127
90	127
90	127
90	127
90	127
90	127
90	125
90	125
90	125
90	125
90	125
90	125
90	125
89	124
89	124
89	124
89	124
89	124
89	124
89	124
89	124
89	122
89	122
89	122
89	122
89	122
89	122
89	122
89	122
90	123
90	123
90	123
90	123
90	123
90	123
90	123
90	123
90	121
91	121
91	121
91	121
91	121
91	121
91	121
91	119
91	119
91	119
91	119
91	119
91	119
91	119
91	119
91	117
91	117
91	117
91	117
91	117
91	117
91	117
91	117
92	115
92	115
92	115
92	115
92	115
92	115
92	115
92	113
92	113
92	113
92	113
92	113
92	113
92	113
92	113
92	113
92	113
92	113
92	113
92	113
92	113
92	113
92	113
92	116
92	116
92	116
92	116
92	116
92	116
92	116
92	116
92	121
92	121
92	121
92	121
92	121
92	121
92	121
91	119
91	119
91	119
91	119
91	119
91	119
91	119
91	119
90	117
90	117
90	117
90	117
90	117
90	117
90	117
90	117
90	115
90	115
89	115
89	115
89	115
89	115
89	115
89	118
89	118
89	118
89	118
89	118
89	118
89	118
89	118
88	122
88	122
88	122
88	122
88	122
88	122
88	122
88	122
87	120
87	120
87	120
87	120
87	120
87	120
87	120
87	120
87	118
87	118
87	118
87	118
87	118
87	118
87	118
86	119
86	119
86	119
86	119
86	119
86	119
86	119
86	119
85	117
85	117
85	117
85	117
85	117
85	117
85	117
85	117
84	115
84	115
84	115
84	115
84	115
84	115
84	115
85	118
85	118
85	118
85	118
85	118
85	118
85	118
85	118
85	121
85	121
85	121
85	121
85	121
85	121
85	121
85	121
87	124
87	124
87	124
87	124
87	124
87	124
87	124
87	124
89	127
89	127
89	127
89	127
89	127
89	127
89	127
89	130
89	130
89	130
89	130
89	130
89	130
89	130
89	130
89	132
89	132
89	132
89	132
89	132
89	132
89	132
89	132
88	130
88	130
88	130
88	130
88	130
88	130
88	130
88	132
88	132
88	132
88	132
88	132
88	132
88	132
88	132
88	130
88	130
88	130
88	130
88	130
88	130
88	130
88	130
88	128
88	128
88	128
88	128
88	128
88	128
88	128
88	128
88	126
88	126
88	126
88	126
88	126
88	126
88	126
89	124
89	124
89	124
89	124
89	124
89	124
89	124
89	124
90	122
90	122
91	122
91	122
91	122
91	122
91	122
91	122
91	120
91	120
91	120
91	120
91	120
91	120
91	120
92	121
92	121
92	121
92	121
92	121
92	121
92	121
92	121
92	119
92	119
92	119
92	119
92	119
92	119
92	119
92	119
92	117
92	117
92	117
92	117
92	117
92	117
92	117
92	117
91	115
91	115
91	115
91	115
91	115
91	115
91	115
91	120
91	120
91	120
91	120
91	120
91	120
91	120
91	120
91	118
91	118
91	118
91	118
91	118
91	118
91	118
91	118
90	117
90	117
90	117
90	117
90	117
90	117
90	117
90	115
90	115
90	115
90	115
90	115
90	115
90	115
90	115
90	118
90	118
90	118
90	118
90	118
90	118
90	118
90	118
91	121
91	121
91	121
91	121
91	121
91	121
91	121
91	121
91	124
91	124
91	124
91	124
91	124
91	124
91	124
91	122
91	122
91	122
91	122
91	122
91	122
91	122
91	122
91	125
91	125
91	125
91	125
91	125
91	125
91	125
91	125
91	127
91	127
91	127
91	127
91	127
91	127
91	127
91	125
91	125
91	125
91	125
91	125
91	125
91	125
91	125
91	123
91	123
91	123
91	123
91	123
91	123
91	123
91	123
92	121
92	121
92	121
92	121
92	121
92	121
92	121
92	121
92	119
92	119
92	119
92	119
92	119
92	119
92	119
92	117
92	117
92	117
92	117
92	117
92	117
92	117
92	117
92	119
92	119
92	119
92	119
92	119
92	119
92	119
92	119
92	117
92	117
92	117
92	117
92	117
92	117
92	117
92	117
92	117
92	117
92	117
92	117
92	117
92	117
92	117
93	115
93	115
93	115
93	115
93	115
93	115
93	115
93	115
93	117
93	117
93	117
93	117
93	117
93	117
93	117
93	117
93	116
93	116
93	116
93	116
93	116
93	116
93	116
94	114
94	114
94	114
94	114
94	114
94	114
94	114
94	114
94	112
94	112
94	112
94	112
94	112
94	112
94	112
94	112
94	110
94	110
94	110
94	110
94	110
94	110
94	110
94	108
94	108
94	108
94	108
94	108
94	108
94	108
94	108
94	106
94	106
94	106
94	106
94	106
94	106
94	106
94	106
94	104
94	104
94	104
94	104
94	104
94	104
94	104
94	104
93	102
93	102
93	102
93	102
93	102
93	102
93	102
93	100
93	100
93	100
93	100
93	100
93	100
93	100
93	100
93	98
93	98
93	98
93	98
93	98
93	98
93	98
93	98
93	101
93	101
93	101
93	101
93	101
93	101
93	101
93	104
93	104
93	104
93	104
93	104
93	104
93	104
93	104
93	109
93	109
93	109
93	109
93	109
93	109
93	109
93	109
93	107
93	107
93	107
93	107
93	107
93	107
93	107
93	107
93	110
93	110
93	110
93	110
93	110
93	110
93	110
93	110
93	110
93	110
93	110
93	110
93	110
93	110
93	110
93	108
93	108
93	108
93	108
93	108
93	108
93	108
93	108
93	111
93	111
93	111
93	111
93	111
93	111
93	111
93	111
94	114
94	114
94	114
94	114
94	114
94	114
94	114
94	118
94	118
95	118
95	118
95	118
95	118
95	118
95	118
96	119
96	119
96	119
96	119
96	119
96	119
96	119
96	119
96	119
96	119
96	119
96	119
96	119
96	119
96	119
97	119
97	119
97	119
97	119
97	119
97	119
97	119
97	119
97	117
97	117
97	117
97	117
97	117
97	117
97	117
97	117
98	116
98	116
99	116
99	116
99	116
99	116
99	116
99	116
100	116
100	116
100	116
100	116
100	116
100	116
100	116
101	119
101	119
101	119
101	119
101	119
101	119
101	119
101	119
102	120
102	120
102	120
102	120
102	120
102	120
102	120
102	120
104	118
104	118
104	118
104	118
104	118
104	118
104	118
105	116
105	116
105	116
105	116
105	116
105	116
105	116
105	116
106	115
106	115
106	115
106	115
106	115
106	115
106	115
106	115
107	116
107	116
107	116
107	116
107	116
107	116
107	116
107	116
107	114
107	114
107	114
107	114
107	114
107	114
107	114
107	112
107	112
107	112
107	112
107	112
107	112
107	112
107	112
107	115
107	115
107	115
107	115
107	115
107	115
107	115
107	115
107	118
107	118
107	118
107	118
107	118
107	118
107	118
107	122
107	122
107	122
107	122
107	122
107	122
107	122
107	122
107	122
107	122
107	122
107	122
107	122
107	122
107	122
107	122
107	120
107	120
107	120
107	120
107	120
107	120
107	120
107	120
107	118
107	118
107	118
107	118
107	118
107	118
107	118
106	121
106	121
106	121
106	121
106	121
106	121
106	121
106	121
106	124
106	124
106	124
106	124
106	124
106	124
106	124
106	124
106	127
106	127
106	127
106	127
106	127
106	127
106	127
105	125
105	125
105	125
105	125
105	125
105	125
105	125
105	125
105	123
105	123
105	123
105	123
105	123
105	123
105	123
105	123
105	121
105	121
105	121
105	121
105	121
105	121
105	121
105	121
106	124
106	124
106	124
106	124
106	124
106	124
106	124
106	122
106	122
106	122
106	122
106	122
106	122
106	122
106	122
107	120
107	120
107	120
107	120
107	120
107	120
107	120
107	120
107	118
107	118
107	118
107	118
107	118
107	118
107	118
107	118
108	116
108	116
108	116
108	116
108	116
108	116
108	116
108	119
108	119
108	119
108	119
108	119
108	119
108	119
108	119
108	119
108	119
108	119
108	119
108	119
108	119
108	119
108	119
107	118
107	118
107	118
107	118
107	118
107	118
107	118
107	116
107	116
106	116
106	116
106	116
106	116
106	116
106	116
106	119
106	119
106	119
106	119
106	119
106	119
106	119
106	119
105	117
105	117
105	117
105	117
105	117
105	117
105	117
105	117
104	121
104	121
104	121
104	121
104	121
104	121
104	121
104	119
104	119
104	119
104	119
104	119
104	119
104	119
104	119
104	122
104	122
104	122
104	122
104	122
104	122
104	122
104	122
103	127
103	127
103	127
103	127
103	127
103	127
103	127
103	129
103	129
103	129
103	129
103	129
103	129
103	129
103	129
103	127
103	127
103	127
103	127
103	127
103	127
103	127
103	127
104	127
104	127
104	127
104	127
104	127
104	127
104	127
104	127
104	126
104	126
105	126
105	126
105	126
105	126
105	126
105	129
105	129
105	129
105	129
105	129
105	129
105	129
105	129
105	127
105	127
105	127
105	127
105	127
105	127
105	127
105	127
107	130
107	130
107	130
107	130
107	130
107	130
107	130
108	128
108	128
108	128
108	128
108	128
108	128
108	128
108	128
110	126
110	126
111	126
111	126
111	126
111	126
111	126
111	126
113	123
113	123
113	123
113	123
113	123
113	123
113	123
113	123
113	126
113	126
113	126
113	126
113	126
113	126
113	126
113	125
113	125
113	125
113	125
113	125
113	125
113	125
113	125
114	125
114	125
114	125
114	125
114	125
114	125
114	125
114	125
114	128
114	128
114	128
114	128
114	128
114	128
114	128
113	126
113	126
113	126
113	126
113	126
113	126
113	126
113	126
113	124
113	124
113	124
113	124
113	124
113	124
113	124
113	124
113	127
113	127
113	127
113	127
113	127
113	127
113	127
113	127
114	125
114	125
114	125
114	125
114	125
114	125
114	125
114	128
114	128
115	128
115	128
115	128
115	128
115	128
115	128
115	126
115	126
115	126
115	126
115	126
115	126
115	126
115	126
115	124
115	124
115	124
115	124
115	124
115	124
115	124
115	122
115	122
115	122
115	122
115	122
115	122
115	122
115	122
115	125
115	125
115	125
115	125
115	125
115	125
115	125
115	125
114	125
114	125
114	125
114	125
114	125
114	125
114	125
114	125
114	123
114	123
114	123
114	123
114	123
114	123
114	123
113	126
113	126
113	126
113	126
113	126
113	126
113	126
113	126
113	126
113	126
113	126
113	126
113	126
113	126
113	126
113	126
113	124
113	124
113	124
113	124
113	124
113	124
113	124
112	127
112	127
112	127
112	127
112	127
112	127
112	127
112	127
112	125
112	125
112	125
112	125
112	125
112	125
112	125
112	125
112	128
112	128
112	128
112	128
112	128
112	128
112	128
112	128
113	133
113	133
113	133
113	133
113	133
113	133
113	133
114	131
114	131
114	131
114	131
114	131
114	131
114	131
114	131
115	133
115	133
115	133
115	133
115	133
115	133
115	133
115	133
117	131
117	131
117	131
117	131
117	131
117	131
117	131
117	129
117	129
117	129
117	129
117	129
117	129
117	129
117	129
117	132
117	132
117	132
117	132
117	132
117	132
117	132
117	132
117	134
117	134
117	134
117	134
117	134
117	134
117	134
117	134
117	137
117	137
117	137
117	137
117	137
117	137
117	137
116	135
116	135
116	135
116	135
116	135
116	135
116	135
116	135
115	133
115	133
115	133
115	133
115	133
115	133
115	133
115	133
114	131
114	131
114	131
114	131
114	131
114	131
114	131
114	130
114	130
114	130
114	130
114	130
114	130
114	130
114	130
114	128
114	128
114	128
114	128
114	128
114	128
114	128
114	128
114	129
114	129
114	129
114	129
114	129
114	129
114	129
114	129
114	132
114	132
114	132
114	132
114	132
114	132
114	132
114	130
114	130
114	130
114	130
114	130
114	130
114	130
114	130
114	129
114	129
114	129
114	129
114	129
114	129
114	129
114	129
113	132
113	132
113	132
113	132
113	132
113	132
113	132
113	130
113	130
113	130
113	130
113	130
113	130
113	130
113	130
113	129
113	129
113	129
113	129
113	129
113	129
113	129
113	129
114	127
114	127
114	127
114	127
114	127
114	127
114	127
114	127
114	125
114	125
114	125
114	125
114	125
114	125
114	125
114	126
114	126
114	126
114	126
114	126
114	126
114	126
114	126
114	126
114	126
114	126
114	126
114	126
114	126
114	126
114	126
113	127
113	127
113	127
113	127
113	127
113	127
113	127
113	127
113	127
113	127
113	127
113	127
113	127
113	127
113	127
112	125
112	125
112	125
112	125
112	125
112	125
112	125
112	125
111	123
111	123
111	123
111	123
111	123
111	123
111	123
111	123
111	121
111	121
111	121
111	121
111	121
111	121
111	121
111	119
111	119
111	119
111	119
111	119
111	119
111	119
111	119
112	122
112	122
112	122
112	122
112	122
112	122
112	122
112	122
112	120
112	120
112	120
112	120
112	120
112	120
112	120
112	120
112	118
112	118
112	118
112	118
112	118
112	118
112	118
112	116
112	116
112	116
112	116
112	116
112	116
112	116
112	116
112	114
112	114
112	114
112	114
112	114
112	114
112	114
112	114
112	112
112	112
112	112
112	112
112	112
112	112
112	112
112	110
112	110
112	110
112	110
112	110
112	110
112	110
112	110
112	108
112	108
112	108
112	108
112	108
112	108
112	108
112	108
112	106
112	106
112	106
112	106
112	106
112	106
112	106
112	106
112	109
112	109
112	109
112	109
112	109
112	109
112	109
112	112
112	112
112	112
112	112
112	112
112	112
112	112
112	112
112	116
112	116
112	116
112	116
112	116
112	116
112	116
112	116
112	114
112	114
112	114
112	114
112	114
112	114
112	114
112	119
112	119
112	119
112	119
112	119
112	119
112	119
112	119
112	121
112	121
112	121
112	121
112	121
112	121
112	121
112	121
111	117
111	117
111	117
111	117
111	117
111	117
111	117
111	117
111	116
111	116
111	116
111	116
111	116
111	116
111	116
111	116
111	116
111	116
111	116
111	116
111	116
111	116
111	116
111	114
111	114
111	114
111	114
111	114
111	114
111	114
111	114
110	112
110	112
110	112
110	112
110	112
110	112
110	112
110	115
110	115
110	115
110	115
110	115
110	115
110	115
110	115
110	115
110	115
110	115
110	115
110	115
110	115
110	115
110	115
110	115
110	115
110	115
110	115
110	115
110	115
110	115
110	115
111	118
111	118
111	118
111	118
111	118
111	118
111	118
111	116
111	116
111	116
111	116
111	116
111	116
111	116
111	116
110	114
110	114
110	114
110	114
110	114
110	114
110	114
110	114
110	112
110	112
110	112
110	112
110	112
110	112
110	112
109	115
109	115
108	115
108	115
108	115
108	115
108	115
108	115
108	118
108	118
108	118
108	118
108	118
108	118
108	118
108	118
108	118
108	118
108	118
108	118
108	118
108	118
108	118
108	118
108	118
108	118
108	118
108	118
108	118
108	118
108	118
108	121
108	121
108	121
108	121
108	121
108	121
108	121
107	121
107	119
107	119
107	119
107	119
107	119
107	119
107	119
107	119
107	117
107	117
107	117
107	117
107	117
107	117
107	117
107	117
107	115
107	115
107	115
107	115
107	115
107	115
107	115
107	118
107	118
107	118
107	118
107	118
107	118
107	118
107	118
108	116
108	116
108	116
108	116
108	116
108	116
108	116
108	116
107	114
107	114
107	114
107	114
107	114
107	114
107	114
107	112
107	112
107	112
107	112
107	112
107	112
107	112
107	112
107	110
107	110
107	110
107	110
107	110
107	110
107	110
107	110
107	113
107	113
107	113
107	113
107	113
107	113
107	113
107	113
108	114
108	114
108	114
108	114
108	114
108	114
108	114
108	112
108	112
107	112
107	112
107	112
107	112
107	112
107	112
107	110
107	110
107	110
107	110
107	110
107	110
107	110
107	110
107	108
107	108
107	108
107	108
107	108
107	108
107	108
107	106
107	106
107	106
107	106
107	106
107	106
107	106
107	106
107	104
107	104
107	104
107	104
107	104
107	104
107	104
107	104
107	102
107	102
106	102
106	102
106	102
106	102
106	102
106	102
106	105
106	105
106	105
106	105
106	105
106	105
106	105
106	108
106	108
106	108
106	108
106	108
106	108
106	108
106	108
105	107
105	107
105	107
105	107
105	107
105	107
105	107
105	107
104	110
104	110
104	110
104	110
104	110
104	110
104	110
103	108
103	108
103	108
103	108
103	108
103	108
103	108
103	108
103	106
103	106
103	106
103	106
103	106
103	106
103	106
103	106
103	104
103	104
103	104
103	104
103	104
103	104
103	104
103	104
104	107
104	107
104	107
104	107
104	107
104	107
104	107
104	105
104	105
104	105
104	105
104	105
104	105
104	105
104	105
106	109
106	109
107	109
107	109
107	109
107	109
107	109
107	109
109	111
109	111
109	111
109	111
109	111
109	111
109	111
110	109
110	109
110	109
110	109
110	109
110	109
110	109
110	109
110	107
110	107
110	107
110	107
110	107
110	107
110	107
110	107
109	107
109	107
109	107
109	107
109	107
109	107
109	107
109	107
108	105
108	105
107	105
107	105
107	105
107	105
107	105
106	103
106	103
106	103
106	103
106	103
106	103
106	103
106	103
105	106
105	106
105	106
105	106
105	106
105	106
105	106
105	106
104	109
104	109
104	109
104	109
104	109
104	109
104	109
103	107
103	107
103	107
103	107
103	107
103	107
103	107
103	107
103	105
103	105
102	105
102	105
102	105
102	105
102	105
102	105
102	103
102	103
102	103
102	103
102	103
102	103
102	103
102	103
102	106
102	106
102	106
102	106
102	106
102	106
102	106
102	108
102	108
102	108
102	108
102	108
102	108
102	108
102	108
102	109
102	109
102	109
102	109
102	109
102	109
102	109
102	109
102	112
102	112
101	112
101	112
101	112
101	112
101	112
101	112
101	113
101	113
101	113
101	113
101	113
101	113
101	113
100	111
100	111
100	111
100	111
100	111
100	111
100	111
100	111
100	107
100	107
100	107
100	107
100	107
100	107
100	107
100	107
100	112
100	112
100	112
100	112
100	112
100	112
100	112
100	111
100	111
100	111
100	111
100	111
100	111
100	111
100	111
99	109
99	109
99	109
99	109
99	109
99	109
99	109
99	109
98	107
98	107
98	107
98	107
98	107
98	107
98	107
98	107
98	111
98	111
98	111
98	111
98	111
98	111
98	111
98	111
98	111
98	111
98	111
98	111
98	111
98	111
98	111
98	109
98	109
98	109
98	109
98	109
98	109
98	109
98	109
98	110
98	110
98	110
98	110
98	110
98	110
98	110
98	108
98	108
98	108
98	108
98	108
98	108
98	108
98	108
99	111
99	111
99	111
99	111
99	111
99	111
99	111
99	111
99	109
99	109
99	109
99	109
99	109
99	109
99	109
99	109
98	111
98	111
98	111
98	111
98	111
98	111
98	111
98	108
98	108
98	108
98	108
98	108
98	108
98	108
98	108
98	108
98	108
98	108
98	108
98	108
98	108
98	108
98	108
98	108
98	108
98	108
98	108
98	108
98	108
98	108
98	108
98	108
98	108
98	108
98	108
98	108
98	108
98	108
97	108
95	108
95	108
95	108
95	108
95	108
95	108
95	108
95	106
95	106
95	106
95	106
95	106
95	106
95	106
95	106
95	106
95	106
95	106
95	106
95	106
95	106
95	106
96	109
96	109
96	109
96	109
96	109
96	109
96	109
96	109
96	112
96	112
96	112
96	112
96	112
96	112
96	112
96	112
97	116
97	116
97	116
97	116
97	116
97	116
97	116
97	116
97	115
97	115
97	115
97	115
97	115
97	115
97	115
96	118
96	118
96	118
96	118
96	118
96	118
96	118
96	118
96	121
96	121
96	121
96	121
96	121
96	121
96	121
96	121
95	119
95	119
95	119
95	119
95	119
95	119
95	119
95	122
96	122
96	122
96	122
96	122
96	122
96	122
96	122
96	122
96	122
96	122
96	122
96	122
96	122
96	122
96	122
96	120
96	120
96	120
96	120
96	120
96	120
96	120
96	120
97	118
97	118
97	118
97	118
97	118
97	118
97	118
97	121
97	121
97	121
97	121
97	121
97	121
97	121
97	121
97	119
97	119
97	119
97	119
97	119
97	119
97	119
97	119
97	117
97	117
97	117
97	117
97	117
97	117
97	117
98	118
98	118
98	118
98	118
98	118
98	118
98	118
98	118
99	118
99	118
99	118
99	118
99	118
99	118
99	118
99	118
100	116
100	116
100	116
100	116
100	116
100	116
101	116
101	116
101	113
101	113
101	113
101	113
101	113
101	113
101	113
101	111
101	111
101	111
101	111
101	111
101	111
101	111
101	111
101	114
101	114
101	114
101	114
101	114
101	114
101	114
101	114
102	112
102	112
102	112
102	112
102	112
102	112
102	112
103	110
103	110
103	110
103	110
103	110
103	110
103	110
103	110
104	113
104	113
104	113
104	113
104	113
104	113
104	113
104	113
105	114
105	114
105	114
105	114
105	114
105	114
105	114
105	114
104	114
104	114
104	114
104	114
104	114
104	114
104	114
104	115
104	115
104	115
104	115
104	115
104	115
104	115
104	115
102	112
102	112
102	112
102	112
102	112
102	112
102	112
102	112
101	112
101	112
101	112
101	112
101	112
101	112
101	112
101	112
100	115
100	115
100	115
100	115
100	115
100	115
100	115
100	118
100	118
100	118
100	118
100	118
100	118
100	118
100	118
101	116
101	116
101	116
101	116
101	116
101	116
101	116
101	116
101	116
101	116
101	116
101	116
101	116
101	116
101	116
102	115
102	115
102	115
102	115
102	115
102	115
102	115
102	115
103	118
103	118
103	118
103	118
103	118
103	118
103	118
103	118
103	121
103	121
103	121
103	121
103	121
103	121
103	121
103	121
103	119
103	119
103	119
103	119
103	119
103	119
103	119
103	123
103	123
103	123
103	123
103	123
103	123
103	123
103	123
103	123
103	123
102	123
102	123
102	123
102	123
102	123
102	123
102	124
102	124
102	124
102	124
102	124
102	124
102	124
101	127
101	127
101	127
101	127
101	127
101	127
101	127
101	127
101	125
101	125
101	125
101	125
101	125
101	125
101	125
101	125
101	123
101	123
101	123
101	123
101	123
101	123
101	123
101	123
101	121
101	121
101	121
101	121
101	121
101	121
101	121
101	119
101	119
101	119
101	119
101	119
101	119
101	119
101	119
101	117
101	117
101	117
101	117
101	117
101	117
101	117
101	117
101	115
101	115
101	115
101	115
101	115
101	115
101	115
101	115
101	113
101	113
101	113
101	113
101	113
101	113
101	113
100	111
100	111
99	111
99	111
99	111
99	111
99	111
99	111
98	109
98	109
98	109
98	109
98	109
98	109
98	109
98	109
97	112
97	112
97	112
97	112
97	112
97	112
97	112
97	109
97	109
97	109
97	109
97	109
97	109
97	109
97	109
97	109
97	109
97	109
97	109
97	109
97	109
97	109
97	109
96	110
96	110
97	110
97	110
97	110
97	110
97	110
97	110
97	111
97	111
97	111
97	111
97	111
97	111
97	111
97	111
97	111
97	111
97	111
97	111
97	111
97	111
97	111
96	112
96	112
96	112
96	112
96	112
96	112
96	112
96	112
96	111
96	111
96	111
96	111
96	111
96	111
96	111
94	109
94	109
93	109
93	109
93	109
93	109
93	109
93	109
92	112
92	112
92	112
92	112
92	112
92	112
92	112
92	112
92	110
92	110
92	110
92	110
92	110
92	110
92	110
92	110
92	109
92	109
92	109
92	109
92	109
92	109
92	109
92	106
92	106
92	106
92	106
92	106
92	106
92	106
92	106
92	106
92	106
92	106
92	106
92	106
92	106
92	106
92	106
93	107
93	107
93	107
93	107
93	107
93	107
93	107
94	109
94	109
94	109
94	109
94	109
94	109
94	109
94	109
95	112
95	112
95	112
95	112
95	112
95	112
95	112
95	112
95	115
95	115
95	115
95	115
95	115
95	115
95	115
95	115
96	118
96	118
96	118
96	118
96	118
96	118
96	118
96	120
96	120
96	120
96	120
96	120
96	120
96	120
96	120
95	123
95	123
95	123
95	123
95	123
95	123
95	123
95	123
95	123
95	123
95	123
95	123
95	123
95	123
95	123
94	126
94	126
94	126
94	126
94	126
94	126
94	126
94	126
93	126
93	126
94	126
94	126
94	126
94	126
94	126
94	126
94	124
94	124
94	124
94	124
94	124
94	124
94	124
94	124
95	122
95	122
95	122
95	122
95	122
95	122
95	122
96	120
96	120
96	120
96	120
96	120
96	120
96	120
96	120
97	118
97	118
97	118
97	118
97	118
97	118
97	118
97	118
97	116
98	116
98	116
98	116
98	116
98	116
98	116
98	116
97	114
97	114
97	114
97	114
97	114
97	114
97	114
97	116
97	116
97	116
97	116
97	116
97	116
97	116
97	116
97	119
97	119
97	119
97	119
97	119
97	119
97	119
97	119
97	117
97	117
97	117
97	117
97	117
97	117
97	117
97	122
96	122
96	122
96	122
96	122
96	122
96	122
96	122
97	120
97	120
97	120
97	120
97	120
97	120
97	120
97	120
97	118
97	118
97	118
97	118
97	118
97	118
97	118
97	118
98	116
98	116
98	116
98	116
98	116
98	116
98	116
99	114
99	114
99	114
99	114
99	114
99	114
99	114
99	114
99	112
99	112
99	112
99	112
99	112
99	112
99	112
99	112
98	110
98	110
98	110
98	110
98	110
98	110
98	110
98	108
98	108
98	108
98	108
98	108
98	108
98	108
98	108
96	106
96	106
96	106
96	106
96	106
96	106
96	106
96	106
96	110
96	110
96	110
96	110
96	110
96	110
96	110
96	110
95	111
95	111
96	111
96	111
96	111
96	111
96	111
96	111
96	111
96	111
96	111
96	111
96	111
96	111
96	111
96	109
96	109
96	109
96	109
96	109
96	109
96	109
96	109
96	107
96	107
96	107
96	107
96	107
96	107
96	107
97	105
97	105
97	105
97	105
97	105
97	105
97	105
97	105
97	103
97	103
97	103
97	103
97	103
97	103
97	103
97	103
96	101
96	101
96	101
96	101
96	101
96	101
96	101
96	101
96	102
96	102
96	102
96	102
96	102
96	102
96	102
96	105
96	105
96	105
96	105
96	105
96	105
96	105
96	105
96	104
96	104
96	104
96	104
96	104
96	104
96	104
96	104
96	102
96	102
96	102
96	102
96	102
96	102
96	102
96	102
96	100
96	100
96	100
96	100
96	100
96	100
96	100
96	103
96	103
96	103
96	103
96	103
96	103
96	103
96	103
96	101
96	101
96	101
96	101
96	101
96	101
96	101
96	101
97	104
97	104
97	104
97	104
97	104
97	104
97	104
97	108
97	108
98	108
98	108
98	108
98	108
98	108
98	108
98	106
98	106
98	106
98	106
98	106
98	106
98	106
98	106
99	104
99	104
99	104
99	104
99	104
99	104
99	104
99	104
100	102
100	102
100	102
100	102
100	102
100	102
100	102
101	100
101	100
101	100
101	100
101	100
101	100
101	100
101	100
101	100
101	100
102	100
102	100
102	100
102	100
102	100
102	100
103	103
103	103
103	103
103	103
103	103
103	103
103	103
104	101
104	101
104	101
104	101
104	101
104	101
104	101
104	101
104	101
104	101
104	101
104	101
104	101
104	101
104	101
104	101
105	101
105	101
105	101
105	101
105	101
105	101
105	101
105	101
105	99
105	99
104	99
104	99
104	99
104	99
104	99
104	103
104	103
104	103
104	103
104	103
104	103
104	103
104	103
104	103
104	103
104	103
104	103
104	103
104	103
104	103
104	103
104	101
104	101
104	101
104	101
104	101
104	101
104	101
104	100
104	100
104	100
104	100
104	100
104	100
104	100
104	100
104	103
104	103
104	103
104	103
104	103
104	103
104	103
104	103
104	101
104	101
104	101
104	101
104	101
104	101
104	101
104	101
104	101
104	101
104	101
104	101
104	101
104	101
104	101
105	99
105	99
105	99
105	99
105	99
105	99
105	99
105	99
105	101
105	101
105	101
105	101
105	101
105	101
105	101
105	101
105	103
105	103
105	103
105	103
105	103
105	103
105	103
106	102
106	102
106	102
106	102
106	102
106	102
106	102
106	102
105	102
105	102
105	102
105	102
105	102
105	102
105	102
105	102
105	100
105	100
105	100
105	100
105	100
105	100
105	100
105	100
106	98
106	98
106	98
106	98
106	98
106	98
106	98
106	103
106	103
107	103
107	103
107	103
107	103
107	103
107	103
107	101
107	101
107	101
107	101
107	101
107	101
107	101
107	101
108	99
108	99
108	99
108	99
108	99
108	99
108	99
109	102
109	102
109	102
109	102
109	102
109	102
109	102
109	102
109	105
109	105
109	105
109	105
109	105
109	105
109	105
109	105
109	105
108	105
108	105
108	105
108	105
108	105
108	105
108	105
108	105
108	105
108	105
108	105
108	105
108	105
108	105
107	105
107	105
107	105
107	105
107	105
107	105
107	105
107	105
107	105
107	105
107	105
107	105
107	105
107	105
107	105
107	105
106	103
106	103
106	103
106	103
106	103
106	103
106	103
106	104
106	104
106	104
106	104
106	104
106	104
106	104
106	104
106	104
106	104
106	104
106	104
106	104
106	104
106	104
106	104
107	105
107	105
107	105
107	105
107	105
107	105
107	105
107	105
107	104
107	104
107	104
107	104
107	104
107	104
107	104
108	108
108	108
108	108
108	108
108	108
108	108
108	108
108	108
108	110
108	110
109	110
109	110
109	110
109	110
109	110
109	110
109	108
109	108
109	108
109	108
109	108
109	108
109	108
109	109
109	109
109	109
109	109
109	109
109	109
109	109
109	109
110	109
110	109
110	109
110	109
110	109
110	109
110	109
110	109
111	107
111	107
111	107
111	107
111	107
111	107
111	107
111	107
112	109
112	109
112	109
112	109
112	109
112	109
112	109
113	107
113	107
113	107
113	107
113	107
113	107
113	107
113	107
114	110
114	110
114	110
114	110
114	110
114	110
114	110
114	110
115	110
115	110
115	110
115	110
115	110
115	110
115	110
116	110
116	110
116	110
116	110
116	110
116	110
116	110
116	110
117	108
117	108
117	108
117	108
117	108
117	108
117	108
117	108
117	111
117	111
117	111
117	111
117	111
117	111
117	111
117	111
117	113
117	113
117	113
117	113
117	113
117	113
117	113
117	115
117	115
117	115
117	115
117	115
117	115
117	115
117	115
116	114
116	114
116	114
116	114
116	114
116	114
116	114
116	114
115	112
115	112
114	112
114	112
114	112
114	112
114	112
114	111
114	111
114	111
114	111
114	111
114	111
114	111
114	111
113	109
113	109
113	109
113	109
113	109
113	109
113	109
113	109
112	107
112	107
112	107
112	107
112	107
112	107
112	107
112	107
112	109
112	109
112	109
112	109
112	109
112	109
112	109
111	107
111	107
111	107
111	107
111	107
111	107
111	107
111	107
111	110
111	110
111	110
111	110
111	110
111	110
111	110
111	110
111	113
111	113
111	113
111	113
111	113
111	113
111	113
111	115
111	115
111	115
111	115
111	115
111	115
111	115
111	115
111	113
111	113
111	113
111	113
111	113
111	113
111	113
111	113
111	111
111	111
110	111
110	111
110	111
110	111
110	111
110	107
110	107
110	107
110	107
110	107
110	107
110	107
110	107
110	110
110	110
110	110
110	110
110	110
110	110
110	110
110	110
110	113
110	113
110	113
110	113
110	113
110	113
110	113
110	113
110	117
110	117
110	117
110	117
110	117
110	117
110	117
111	120
111	120
111	120
111	120
111	120
111	120
111	120
111	120
112	121
112	121
112	121
112	121
112	121
112	121
112	121
112	121
112	119
112	119
112	119
112	119
112	119
112	119
112	119
112	118
112	118
112	118
112	118
112	118
112	118
112	118
112	118
113	118
113	118
113	118
113	118
113	118
113	118
113	118
113	118
113	116
113	116
113	116
113	116
113	116
113	116
113	116
113	116
113	119
113	119
113	119
113	119
113	119
113	119
113	119
113	122
113	122
113	122
113	122
113	122
113	122
113	122
113	122
113	126
113	126
113	126
113	126
113	126
113	126
113	126
113	126
113	124
113	124
113	124
113	124
113	124
113	124
113	124
113	122
113	122
113	122
113	122
113	122
113	122
113	122
113	122
113	120
113	120
113	120
113	120
113	120
113	120
113	120
113	120
113	118
113	118
113	118
113	118
113	118
113	118
113	118
113	118
114	119
114	119
114	119
114	119
114	119
114	119
114	119
114	122
114	122
114	122
114	122
114	122
114	122
114	122
114	122
114	125
114	125
115	125
115	125
115	125
115	125
115	125
115	125
115	123
115	123
115	123
115	123
115	123
115	123
115	123
116	121
116	121
116	121
116	121
116	121
116	121
116	121
116	121
116	120
116	120
116	120
116	120
116	120
116	120
116	120
116	120
116	120
116	120
116	120
116	120
116	120
116	120
116	120
116	120
116	118
116	118
116	118
116	118
116	118
116	118
116	118
116	120
116	120
116	120
116	120
116	120
116	120
116	120
116	120
117	118
117	118
117	118
117	118
117	118
117	118
117	118
117	118
117	114
117	114
117	114
117	114
117	114
117	114
117	114
118	115
118	115
118	115
118	115
118	115
118	115
118	115
118	115
118	116
118	116
118	116
118	116
118	116
118	116
118	116
118	116
118	117
118	117
118	117
118	117
118	117
118	117
118	117
118	117
118	115
118	115
118	115
118	115
118	115
118	115
118	115
118	116
118	116
118	116
118	116
118	116
118	116
118	116
118	116
119	116
119	116
119	116
119	116
119	116
119	116
119	116
119	116
119	115
119	115
119	115
119	115
119	115
119	115
119	115
119	118
119	118
119	118
119	118
119	118
119	118
119	118
119	118
119	121
119	121
119	121
119	121
119	121
119	121
119	121
119	121
119	119
119	119
119	119
119	119
119	119
119	119
119	119
120	117
120	117
120	117
120	117
120	117
120	117
120	117
120	117
120	115
120	115
120	115
120	115
120	115
120	115
120	115
120	115
120	116
120	116
120	116
120	116
120	116
120	116
120	116
120	116
119	115
119	115
119	115
119	115
119	115
119	115
119	115
119	115
119	115
119	115
119	115
119	115
119	115
119	115
119	115
119	118
119	118
119	118
119	118
119	118
119	118
119	118
119	118
119	117
119	117
119	117
119	117
119	117
119	117
119	117
119	115
119	115
119	115
119	115
119	115
119	115
119	115
119	115
119	120
119	120
119	120
119	120
119	120
119	120
119	120
119	120
120	119
120	119
120	119
120	119
120	119
120	119
120	119
120	119
120	118
120	118
120	118
120	118
120	118
120	118
120	118
120	118
120	118
120	118
120	118
120	118
120	118
120	118
120	118
120	117
120	117
120	117
120	117
120	117
120	117
120	117
120	117
120	116
120	116
120	116
120	116
120	116
120	116
120	116
120	116
120	116
120	116
120	116
120	116
120	116
120	116
120	116
120	116
120	116
120	116
120	116
120	116
120	116
120	116
120	116
120	115
120	115
120	115
120	115
120	115
120	115
120	115
120	115
121	118
121	118
121	118
121	118
121	118
121	118
121	118
121	118
121	118
121	118
121	118
121	118
121	118
121	118
121	118
121	119
121	119
121	119
121	119
121	119
121	119
121	119
121	119
122	118
122	118
122	118
122	118
122	118
122	118
122	118
122	120
122	120
122	120
122	120
122	120
122	120
122	120
122	120
122	119
122	119
122	119
122	119
122	119
122	119
122	119
122	119
122	117
122	117
122	117
122	117
122	117
122	117
122	117
122	117
123	115
123	115
123	115
123	115
123	115
123	115
123	115
123	118
123	118
123	118
123	118
123	118
123	118
123	118
123	118
123	119
123	119
124	119
124	119
124	119
124	119
124	119
124	119
124	119
124	119
124	119
124	119
124	119
124	119
124	119
124	122
124	122
124	122
124	122
124	122
124	122
124	122
124	122
125	120
125	120
125	120
125	120
125	120
125	120
125	120
125	120
125	118
125	118
125	118
125	118
125	118
125	118
125	118
125	118
125	122
125	122
125	122
125	122
125	122
125	122
125	122
125	123
125	123
125	123
125	123
125	123
125	123
125	123
125	123
124	121
124	121
124	121
124	121
124	121
124	121
124	121
124	121
124	120
124	120
124	120
124	120
124	120
124	120
124	120
124	120
124	120
124	120
124	120
124	120
124	120
124	120
124	120
124	120
124	120
124	120
124	120
124	120
124	120
124	120
124	120
125	118
125	118
125	118
125	118
125	118
125	118
125	118
125	118
125	122
125	122
125	122
125	122
125	122
126	122
126	122
126	122
126	122
126	122
126	122
126	122
126	122
126	122
126	122
126	122
126	122
126	122
126	122
126	122
126	122
126	122
126	122
126	125
126	125
125	125
125	125
125	125
125	125
125	125
125	122
125	122
125	122
125	122
125	122
125	122
125	122
125	122
125	120
125	120
125	120
125	120
125	120
125	120
125	120
125	120
125	122
125	122
125	122
125	122
125	122
125	122
125	122
125	122
126	125
126	125
126	125
126	125
126	125
126	125
126	125
126	123
126	123
126	123
126	123
126	123
126	123
126	123
126	123
126	124
126	124
126	124
126	124
126	124
126	124
126	124
126	124
126	122
126	122
126	122
126	122
126	122
126	122
126	122
125	120
125	120
125	120
125	120
125	120
125	120
125	120
125	120
125	118
125	118
125	118
125	118
125	118
125	118
125	118
125	118
125	122
125	122
124	122
124	122
124	122
124	122
124	122
124	122
124	121
124	121
124	121
124	121
124	121
124	121
124	121
123	120
123	120
123	120
123	120
123	120
123	120
123	120
123	120
122	118
122	118
122	118
122	118
122	118
122	118
122	118
122	118
122	116
122	116
122	116
122	116
122	116
122	116
122	116
121	114
121	114
121	114
121	114
121	114
121	114
121	114
121	114
120	112
120	112
120	112
120	112
120	112
120	112
120	112
120	112
120	115
120	115
120	115
120	115
120	115
120	115
120	115
120	115
119	118
119	118
119	118
119	118
119	118
119	118
119	118
119	117
119	117
119	117
119	117
119	117
119	117
119	117
119	117
119	115
119	115
119	115
119	115
119	115
119	115
119	115
119	115
119	113
119	113
119	113
119	113
119	113
119	113
119	113
120	111
120	111
120	111
120	111
120	111
120	111
120	111
120	111
120	114
120	114
120	114
120	114
120	114
120	114
120	114
120	114
120	116
120	116
120	116
120	116
120	116
120	116
120	116
120	114
120	114
120	114
120	114
120	114
120	114
120	114
120	114
120	115
120	115
120	115
120	115
120	115
120	115
120	115
120	115
119	118
119	118
119	118
119	118
119	118
119	118
119	118
119	118
119	121
119	121
119	121
119	121
119	121
119	121
119	121
119	124
119	124
119	124
119	124
119	124
119	124
119	124
119	124
119	126
119	126
120	126
120	126
120	126
120	126
120	126
120	126
120	125
120	125
120	125
120	125
120	125
120	125
120	125
120	125
120	125
120	125
120	125
120	125
120	125
120	125
120	125
120	124
120	124
120	124
120	124
120	124
120	124
120	124
120	124
121	122
121	122
121	122
121	122
121	122
121	122
121	122
121	122
121	120
121	120
121	120
121	120
121	120
121	120
121	120
121	120
121	120
121	120
121	120
121	120
121	120
121	120
121	120
120	119
120	119
120	119
120	119
120	119
120	119
120	119
120	119
119	117
119	117
119	117
119	117
119	117
119	117
119	117
118	120
118	120
118	120
118	120
118	120
118	120
118	120
118	120
118	125
118	125
117	125
117	125
117	125
117	125
117	125
117	125
116	129
116	129
116	129
116	129
116	129
116	129
116	129
116	129
116	128
116	128
116	128
116	128
116	128
116	128
116	128
116	131
116	131
116	131
116	131
116	131
116	131
116	131
116	131
116	129
116	129
116	129
116	129
116	129
116	129
116	129
116	129
116	127
116	127
116	127
116	127
116	127
116	127
116	127
116	130
116	130
116	130
116	130
116	130
116	130
116	130
116	130
116	128
116	128
116	128
116	128
116	128
116	128
116	128
116	128
117	126
117	126
117	126
117	126
117	126
117	126
117	126
117	126
117	124
117	124
117	124
117	124
117	124
117	124
117	124
117	122
117	122
117	122
117	122
117	122
117	122
117	122
117	122
116	125
116	125
116	125
116	125
116	125
116	125
116	125
116	125
116	123
116	123
116	123
116	123
116	123
116	123
116	123
116	121
116	121
116	121
116	121
116	121
116	121
116	121
116	121
116	122
116	122
116	122
116	122
116	122
116	122
116	122
116	122
116	125
116	125
116	125
116	125
116	125
116	125
116	125
116	125
116	123
116	123
116	123
116	123
116	123
116	123
116	123
116	126
116	126
116	126
116	126
116	126
116	126
116	126
116	126
116	124
116	124
116	124
116	124
116	124
116	124
116	124
116	124
116	122
116	122
116	122
116	122
116	122
116	122
116	122
116	125
116	125
116	125
116	125
116	125
116	125
116	125
116	125
116	128
116	128
116	128
116	128
116	128
116	128
116	128
116	128
116	131
116	131
116	131
116	131
116	131
116	131
116	131
116	131
116	134
116	134
116	134
116	134
116	134
116	134
116	134
116	131
116	131
116	131
116	131
116	131
116	131
116	131
116	131
115	130
115	130
115	130
115	130
115	130
115	130
115	130
115	130
115	129
115	129
115	129
115	129
115	129
115	129
115	129
115	127
115	127
115	127
115	127
115	127
115	127
115	127
115	127
115	126
115	126
115	126
115	126
115	126
115	126
115	126
115	126
116	124
116	124
116	124
116	124
116	124
116	124
116	124
116	124
116	122
116	122
116	122
116	122
116	122
116	122
116	122
116	120
116	120
116	120
116	120
116	120
116	120
116	120
116	120
115	118
115	118
115	118
115	118
115	118
115	118
115	118
115	118
115	116
115	116
115	116
115	116
115	116
115	116
115	116
115	112
115	112
115	112
115	112
115	112
115	112
115	112
115	112
115	115
115	115
115	115
115	115
115	115
115	115
115	115
115	115
114	111
114	111
114	111
114	111
114	111
114	111
114	111
114	111
114	112
114	112
114	112
114	112
114	112
114	112
114	112
114	110
114	110
114	110
114	110
114	110
114	110
114	110
114	110
114	110
114	110
114	110
114	110
114	110
114	110
114	110
114	110
114	110
113	110
113	110
113	110
113	110
113	110
113	110
113	110
113	110
113	110
113	110
113	110
113	110
113	110
113	110
113	113
113	113
113	113
113	113
113	113
113	113
113	113
113	113
112	111
112	111
112	111
112	111
112	111
112	111
112	111
112	111
112	109
112	109
112	109
112	109
112	109
112	109
112	109
112	112
112	112
112	112
112	112
112	112
112	112
112	112
112	112
111	110
111	110
111	110
111	110
111	110
111	110
111	110
111	110
111	108
111	108
111	108
111	108
111	108
111	108
111	108
111	108
111	108
111	108
111	108
111	108
111	108
111	108
111	108
111	108
111	108
111	108
111	108
111	108
111	108
111	108
111	108
111	109
111	109
111	109
111	109
111	109
111	109
111	109
111	109
111	108
111	108
111	108
111	108
111	108
111	108
111	108
111	108
111	108
111	108
111	108
111	108
111	108
111	108
111	108
111	106
111	106
111	106
111	106
111	106
111	106
111	106
111	106
111	104
111	104
111	104
111	104
111	104
111	104
111	104
111	108
111	108
111	108
111	108
111	108
111	108
111	108
111	108
112	108
112	108
112	108
112	108
112	108
112	108
112	108
112	108
112	109
112	109
112	109
112	109
112	109
112	109
112	109
112	109
112	109
112	109
112	109
112	109
112	109
112	109
112	109
112	108
112	108
112	108
112	108
112	108
112	108
112	108
112	108
111	108
111	108
111	108
111	108
111	108
111	108
111	108
111	108
111	106
111	106
111	106
111	106
111	106
111	106
111	106
111	109
111	109
111	109
111	109
111	109
111	109
111	109
111	109
111	107
111	107
111	107
111	107
111	107
111	107
111	107
111	107
111	107
111	107
111	107
111	107
111	107
111	107
111	107
111	107
111	107
111	107
111	107
111	107
111	107
111	107
111	107
111	108
111	108
111	108
111	108
111	108
111	108
111	108
111	108
111	111
111	111
111	111
111	111
111	111
111	111
111	111
111	111
112	110
112	110
112	110
112	110
112	110
112	110
112	110
112	110
112	110
112	110
112	110
112	110
112	110
112	110
112	110
113	110
114	110
114	110
114	110
114	110
114	110
114	110
114	110
115	108
115	108
115	108
115	108
115	108
115	108
115	108
115	108
115	111
115	111
115	111
115	111
115	111
115	111
115	111
116	109
116	109
116	109
116	109
116	109
116	109
116	109
116	109
115	107
115	107
115	107
115	107
115	107
115	107
115	107
115	107
115	105
114	105
114	105
114	105
114	105
114	105
114	105
114	105
114	108
114	108
114	108
114	108
114	108
114	108
114	108
114	106
114	106
114	106
114	106
114	106
114	106
114	106
114	106
113	104
113	104
113	104
113	104
113	104
113	104
113	104
113	104
113	102
113	102
113	102
113	102
113	102
113	102
113	102
113	105
113	105
113	105
113	105
113	105
113	105
113	105
113	105
113	108
113	108
113	108
113	108
113	108
113	108
113	108
113	108
113	110
113	110
113	110
113	110
113	110
113	110
113	110
113	110
113	110
113	110
113	110
113	110
113	110
113	110
113	110
113	113
113	113
113	113
113	113
113	113
113	113
113	113
113	113
113	116
113	116
113	116
113	116
113	116
113	116
113	116
113	116
112	119
112	119
112	119
112	119
112	119
112	119
112	119
112	117
112	117
112	117
112	117
112	117
112	117
112	117
112	117
113	117
113	117
113	117
113	117
113	117
113	117
113	117
113	117
113	117
113	117
113	117
113	117
113	117
113	117
113	117
113	117
113	117
113	117
113	117
113	117
113	117
113	117
113	117
114	120
114	120
114	120
114	120
114	120
114	120
114	120
114	120
113	118
113	118
113	118
113	118
113	118
113	118
113	118
113	118
113	116
113	116
113	116
113	116
113	116
113	116
113	116
112	116
112	116
112	116
112	116
112	116
112	116
112	116
112	116
112	117
111	117
111	117
111	117
111	117
111	117
111	117
111	117
111	115
111	115
111	115
111	115
111	115
111	115
111	115
111	115
111	113
111	113
111	113
111	113
111	113
111	113
111	113
111	111
111	111
111	111
111	111
111	111
111	111
111	111
111	111
111	107
111	107
111	107
111	107
111	107
111	107
111	107
111	107
111	106
111	106
111	106
111	106
111	106
111	106
111	106
111	106
111	109
111	109
111	109
111	109
111	109
111	109
111	109
111	108
111	108
111	108
111	108
111	108
111	108
111	108
111	108
110	108
110	108
110	108
110	108
110	108
110	108
110	108
110	108
110	108
110	108
110	108
110	108
110	108
110	108
110	108
110	106
109	106
109	106
109	106
109	106
109	106
109	106
109	106
109	107
109	107
109	107
109	107
109	107
109	107
109	107
109	107
109	105
109	105
109	105
109	105
109	105
109	105
109	105
109	105
110	105
110	105
110	105
110	105
110	105
110	105
110	105
110	105
110	105
110	105
110	105
110	105
110	105
110	105
110	105
110	105
110	105
110	105
110	105
110	105
110	105
110	105
110	105
109	108
109	108
109	108
109	108
109	108
109	108
109	108
109	106
109	106
109	106
109	106
109	106
109	106
109	106
109	106
109	109
109	109
109	109
109	109
109	109
109	109
109	109
109	109
109	106
109	106
109	106
109	106
109	106
109	106
109	106
109	106
109	107
109	107
110	107
110	107
110	107
110	107
110	107
110	108
110	108
110	108
110	108
110	108
110	108
110	108
110	108
110	107
110	107
110	107
110	107
110	107
110	107
110	107
110	107
110	107
110	107
110	107
110	107
110	107
110	107
110	107
110	108
110	108
110	108
110	108
110	108
110	108
110	108
110	108
110	107
110	107
109	107
109	107
109	107
109	107
109	107
109	107
109	106
109	106
109	106
109	106
109	106
109	106
109	106
109	106
109	105
109	105
109	105
109	105
109	105
109	105
109	105
109	106
109	106
109	106
109	106
109	106
109	106
109	106
109	106
109	106
109	106
109	106
109	106
109	106
109	106
109	106
109	106
109	106
109	106
109	106
109	106
109	106
109	106
109	106
109	106
110	106
110	106
110	106
110	106
110	106
110	106
110	106
110	106
110	106
110	106
110	106
110	106
110	106
110	106
110	106
110	107
110	107
110	107
110	107
110	107
110	107
110	107
110	107
110	107
110	107
110	107
110	107
110	107
110	107
110	107
110	106
110	106
110	106
110	106
110	106
110	106
110	106
110	106
109	106
109	106
109	106
109	106
109	106
109	106
109	106
109	106
108	104
108	104
108	104
108	104
108	104
108	104
108	104
108	104
108	105
108	105
108	105
108	105
108	105
108	105
108	105
107	105
107	105
107	105
107	105
107	105
107	105
107	105
107	105
107	104
108	104
108	104
108	104
108	104
108	104
108	104
108	104
108	105
108	105
108	105
108	105
108	105
108	105
108	105
109	105
109	105
109	105
109	105
109	105
109	105
109	105
109	105
108	106
108	106
108	106
108	106
108	106
108	106
108	106
108	106
108	104
108	104
108	104
108	104
108	104
108	104
108	104
108	104
108	104
108	104
108	104
108	104
108	104
108	104
108	104
108	104
108	104
108	104
108	104
108	104
108	104
108	104
108	104
107	104
107	104
107	104
107	104
107	104
107	104
107	104
107	104
107	105
107	105
107	105
107	105
107	105
107	105
107	105
107	104
107	104
107	104
107	104
107	104
107	104
107	104
107	104
107	106
108	106
108	106
108	106
108	106
108	106
108	106
108	106
108	106
108	106
108	106
108	106
108	106
108	106
108	106
108	106
109	109
109	109
109	109
109	109
109	109
109	109
109	109
109	107
109	107
109	107
109	107
109	107
109	107
109	107
109	107
109	110
109	110
109	110
109	110
109	110
109	110
109	110
109	110
109	113
110	113
110	113
110	113
110	113
110	113
110	113
110	113
110	115
110	115
110	115
110	115
110	115
110	115
110	115
110	113
110	113
110	113
110	113
110	113
110	113
110	113
110	113
110	115
110	115
110	115
110	115
110	115
110	115
110	115
110	115
111	113
111	113
111	113
111	113
111	113
111	113
111	113
111	118
111	118
111	118
111	118
111	118
111	118
111	118
111	118
111	121
111	121
111	121
111	121
111	121
111	121
111	121
111	121
112	124
112	124
112	124
112	124
112	124
112	124
112	124
112	124
112	127
112	127
112	127
112	127
112	127
112	127
112	127
112	130
112	130
112	130
112	130
112	130
112	130
112	130
112	130
112	128
112	128
112	128
112	128
112	128
112	128
112	128
112	128
112	130
112	130
112	130
112	130
112	130
112	130
112	130
112	131
112	131
112	131
112	131
112	131
112	131
112	131
112	131
112	134
112	134
112	134
112	134
112	134
112	134
112	134
112	134
111	132
111	132
111	132
111	132
111	132
111	132
111	132
111	132
111	130
111	130
111	130
111	130
111	130
111	130
111	130
111	128
111	128
111	128
111	128
111	128
111	128
111	128
111	128
111	126
111	126
111	126
111	126
111	126
111	126
111	126
111	126
111	129
111	129
111	129
111	129
111	129
111	129
111	129
111	129
111	132
111	132
111	132
111	132
111	132
111	132
111	132
111	130
111	130
111	130
111	130
111	130
111	130
111	130
111	130
110	128
110	128
110	128
110	128
110	128
110	128
110	128
110	128
110	126
110	126
110	126
110	126
110	126
110	126
110	126
110	127
110	127
110	127
110	127
110	127
110	127
110	127
110	127
110	129
110	129
110	129
110	129
110	129
110	129
110	129
110	129
109	127
109	127
109	127
109	127
109	127
109	127
109	127
109	127
108	125
108	125
108	125
108	125
108	125
108	125
108	125
108	123
108	123
108	123
108	123
108	123
108	123
108	123
108	123
107	126
107	126
107	126
107	126
107	126
107	126
107	126
107	126
107	124
107	124
107	124
107	124
107	124
107	124
107	124
107	122
107	122
107	122
107	122
107	122
107	122
107	122
107	122
107	122
107	122
107	122
107	122
107	122
107	122
107	122
107	122
107	120
107	120
107	120
107	120
107	120
107	120
107	120
107	120
107	118
107	118
107	118
107	118
107	118
107	118
107	118
107	121
107	121
107	121
107	121
107	121
107	121
107	121
107	121
106	119
106	119
106	119
106	119
106	119
106	119
106	119
106	119
106	122
106	122
106	122
106	122
106	122
106	122
106	122
106	122
106	121
106	121
106	121
106	121
106	121
106	121
106	121
106	118
106	118
106	118
106	118
106	118
106	118
106	118
106	118
106	116
106	116
106	116
106	116
106	116
106	116
106	116
106	116
106	119
106	119
106	119
106	119
106	119
106	119
106	119
106	118
106	118
106	118
106	118
106	118
106	118
106	118
106	118
105	121
105	121
105	121
105	121
105	121
105	121
105	121
105	121
105	119
105	119
105	119
105	119
105	119
105	119
105	119
105	119
104	121
104	121
104	121
104	121
104	121
104	121
104	121
103	124
104	124
104	124
104	124
104	124
104	124
104	124
104	124
104	122
104	122
104	122
104	122
104	122
104	122
104	122
104	122
104	125
104	125
104	125
104	125
104	125
104	125
104	125
105	122
105	122
105	122
105	122
105	122
105	122
105	122
105	122
105	125
105	125
105	125
105	125
105	125
105	125
105	125
105	125
105	123
105	123
105	123
105	123
105	123
105	123
105	123
105	123
105	121
105	121
105	121
105	121
105	121
105	121
105	121
105	119
105	119
105	119
105	119
105	119
105	119
105	119
105	119
105	117
105	117
105	117
105	117
105	117
105	117
105	117
105	117
105	115
105	115
105	115
105	115
105	115
105	115
105	115
105	115
105	112
105	112
105	112
105	112
105	112
105	112
105	112
105	112
105	112
105	112
105	112
105	112
105	112
105	112
105	112
105	114
105	114
105	114
105	114
105	114
105	114
105	114
105	114
104	112
104	112
104	112
104	112
104	112
104	112
104	112
104	115
104	115
104	115
104	115
104	115
104	115
104	115
104	115
103	115
103	115
102	115
102	115
102	115
102	115
102	115
102	115
102	118
102	118
102	118
102	118
102	118
102	118
102	118
102	118
102	120
102	120
102	120
102	120
102	120
102	120
102	120
102	118
102	118
102	118
102	118
102	118
102	118
102	118
102	118
103	116
103	116
103	116
103	116
103	116
103	116
103	116
103	116
103	114
103	114
103	114
103	114
103	114
103	114
103	114
104	117
104	117
104	117
104	117
104	117
104	117
104	117
104	117
104	120
104	120
104	120
104	120
104	120
104	120
104	120
104	120
104	123
104	123
104	123
104	123
104	123
104	123
104	123
104	123
104	121
104	121
104	121
104	121
104	121
104	121
104	121
105	119
105	119
105	119
105	119
105	119
105	119
105	119
105	119
105	117
105	117
105	117
105	117
105	117
105	117
105	117
105	117
105	118
105	118
105	118
105	118
105	118
105	118
105	118
105	118
105	116
105	116
105	116
105	116
105	116
105	116
105	116
105	117
105	117
105	117
105	117
105	117
105	117
105	117
105	117
106	122
106	122
106	122
106	122
106	122
106	122
106	122
106	122
107	120
107	120
107	120
107	120
107	120
107	120
107	120
107	119
107	119
107	119
107	119
107	119
107	119
107	119
107	119
108	120
108	120
108	120
108	120
108	120
108	120
108	120
108	120
108	118
108	118
108	118
108	118
108	118
108	118
108	118
108	118
109	121
109	121
109	121
109	121
109	121
109	121
109	121
110	124
110	124
110	124
110	124
110	124
110	124
110	124
110	124
110	123
110	123
110	123
110	123
110	123
110	123
110	123
110	123
110	126
110	126
110	126
110	126
110	126
110	126
110	126
109	130
109	130
109	130
109	130
109	130
109	130
109	130
109	130
109	131
110	131
110	131
110	131
110	131
110	131
110	131
110	131
110	129
110	129
110	129
110	129
110	129
110	129
110	129
110	129
111	127
111	127
111	127
111	127
111	127
111	127
111	127
111	125
111	125
111	125
111	125
111	125
111	125
111	125
111	125
111	130
111	130
111	130
111	130
111	130
111	130
111	130
111	130
112	131
112	131
112	131
112	131
112	131
112	131
112	131
112	131
112	133
112	133
112	133
112	133
112	133
112	133
112	133
112	131
112	131
112	131
112	131
112	131
112	131
112	131
112	131
111	129
111	129
111	129
111	129
111	129
111	129
111	129
111	129
110	128
110	128
110	128
110	128
110	128
110	128
110	128
110	127
110	127
110	127
110	127
110	127
110	127
110	127
110	127
110	128
110	128
110	128
110	128
110	128
110	128
110	128
110	128
110	129
110	129
110	129
110	129
110	129
110	129
110	129
110	129
111	127
111	127
111	127
111	127
111	127
111	127
111	127
111	125
111	125
111	125
111	125
111	125
111	125
111	125
111	125
111	123
111	123
111	123
111	123
111	123
111	123
111	123
111	123
111	126
111	126
111	126
111	126
111	126
111	126
111	126
111	124
111	124
111	124
111	124
111	124
111	124
111	124
111	124
111	122
111	122
111	122
111	122
111	122
111	122
111	122
111	122
111	120
111	120
111	120
111	120
111	120
111	120
111	120
111	120
111	121
110	121
110	121
110	121
110	121
110	121
110	121
110	119
110	119
110	119
110	119
110	119
110	119
110	119
110	119
110	117
110	117
110	117
110	117
110	117
110	117
110	117
110	117
110	116
110	116
110	116
110	116
110	116
110	116
110	116
110	118
110	118
110	118
110	118
110	118
110	118
110	118
110	118
111	116
111	116
111	116
111	116
111	116
111	116
111	116
111	116
111	114
111	114
111	114
111	114
111	114
111	114
111	114
111	114
111	112
111	112
111	112
111	112
111	112
111	112
111	112
112	110
112	110
112	110
112	110
112	110
112	110
112	110
112	110
112	113
112	113
112	113
112	113
112	113
112	113
112	113
112	113
112	111
112	111
112	111
112	111
112	111
112	111
112	111
112	111
112	109
112	109
112	109
112	109
112	109
112	109
112	109
112	107
112	107
112	107
112	107
112	107
112	107
112	107
112	107
112	109
112	109
112	109
112	109
112	109
112	109
112	109
112	109
113	110
113	110
113	110
113	110
113	110
113	110
113	110
113	110
113	110
113	110
113	110
113	110
113	110
113	110
113	110
113	110
113	110
113	110
113	110
113	110
113	110
113	110
113	110
113	111
113	111
113	111
113	111
113	111
113	111
113	111
113	111
113	111
113	111
113	111
113	111
113	111
113	111
113	111
113	110
113	110
113	110
113	110
113	110
113	110
113	110
113	110
113	110
113	110
113	110
113	110
113	110
113	110
113	110
113	110
113	110
113	110
113	110
113	110
113	110
113	110
113	110
113	109
113	109
113	109
113	109
113	109
113	109
113	109
113	109
113	108
113	108
113	108
113	108
113	108
113	108
113	108
113	108
112	109
112	109
112	109
112	109
112	109
112	109
112	109
112	109
112	110
112	110
112	110
112	110
112	110
112	110
112	110
112	109
112	109
112	109
112	109
112	109
112	109
112	109
112	109
112	108
112	108
112	108
112	108
112	108
112	108
112	108
112	108
112	107
112	107
112	107
112	107
112	107
112	107
112	107
112	107
112	107
112	107
112	107
112	107
112	107
112	107
111	107
111	107
111	107
111	107
111	107
111	107
111	107
111	107
111	107
110	106
110	106
110	106
110	106
110	106
110	106
110	106
110	106
110	107
110	107
110	107
110	107
110	107
110	107
110	107
109	107
109	107
109	107
109	107
109	107
109	107
109	107
109	107
109	106
109	106
109	106
109	106
109	106
109	106
109	106
109	106
109	106
109	106
109	106
109	106
109	106
109	106
109	106
109	106
108	105
108	105
108	105
108	105
108	105
108	105
108	105
108	105
108	105
108	105
108	105
108	105
108	105
108	105
108	105
108	104
108	104
108	104
108	104
108	104
108	104
108	104
108	104
108	105
108	105
108	105
108	105
108	105
108	105
108	105
108	106
108	106
108	106
108	106
108	106
108	106
108	106
108	106
107	104
107	104
107	104
107	104
107	104
107	104
107	104
107	104
107	104
107	104
107	104
107	104
107	104
107	104
107	104
107	104
107	103
107	103
107	103
107	103
107	103
107	103
107	103
107	103
107	103
107	103
107	103
107	103
107	103
107	103
107	103
107	103
107	103
107	103
107	103
107	103
107	103
107	103
107	103
107	103
107	103
107	103
107	103
107	103
107	103
107	103
107	103
107	106
107	106
107	106
107	106
107	106
107	106
107	106
108	104
108	104
108	104
108	104
108	104
108	104
108	104
108	104
108	105
108	105
108	105
108	105
108	105
108	105
108	105
108	105
108	105
108	105
108	105
108	105
108	105
108	105
108	105
108	105
108	105
108	105
108	105
108	105
108	105
108	105
108	105
108	105
108	105
108	105
108	105
108	105
108	105
108	105
108	105
108	108
108	108
108	108
108	108
108	108
108	108
108	108
108	108
107	111
107	111
107	111
107	111
107	111
107	111
107	111
107	114
107	114
107	114
107	114
107	114
107	114
107	114
107	114
107	118
107	118
107	118
107	118
107	118
107	118
107	118
107	118
107	116
107	116
107	116
107	116
107	116
107	116
107	116
107	119
107	119
107	119
107	119
107	119
107	119
107	119
107	119
107	119
107	119
107	119
107	119
107	119
107	119
107	119
107	119
107	117
106	117
106	117
106	117
106	117
106	117
106	117
106	117
106	118
106	118
106	118
106	118
106	118
106	118
106	118
106	118
106	118
106	118
106	118
106	118
106	118
106	118
106	118
106	116
106	116
106	116
106	116
106	116
106	116
106	116
106	116
106	112
106	112
106	112
106	112
106	112
106	112
106	112
106	112
106	110
106	110
106	110
106	110
106	110
106	110
106	110
106	113
106	113
106	113
106	113
106	113
106	113
106	113
106	113
106	110
106	110
106	110
106	110
106	110
106	110
106	110
106	110
105	111
105	111
105	111
105	111
105	111
105	111
105	111
105	110
105	110
105	110
105	110
105	110
105	110
105	110
105	110
105	108
105	108
105	108
105	108
105	108
105	108
105	108
105	108
105	106
105	106
105	106
105	106
105	106
105	106
105	106
105	106
105	111
105	111
105	111
105	111
105	111
105	111
105	111
105	110
105	110
105	110
105	110
105	110
105	110
105	110
105	110
105	110
105	110
105	110
105	110
105	110
105	110
105	110
105	110
105	108
105	108
105	108
105	108
105	108
105	108
105	108
105	107
105	107
105	107
105	107
105	107
105	107
105	107
105	107
106	106
106	106
106	106
106	106
106	106
106	106
106	106
106	106
106	106
106	106
106	106
106	106
106	106
106	106
106	106
106	106
106	106
106	106
106	106
106	106
106	106
106	106
106	106
107	106
108	106
108	106
108	106
108	106
108	106
108	106
108	106
108	104
108	104
108	104
108	104
108	104
108	104
108	104
108	104
108	105
108	105
108	105
108	105
108	105
108	105
108	105
108	104
108	104
108	104
108	104
108	104
108	104
108	104
108	104
108	102
108	102
108	102
108	102
108	102
108	102
108	102
108	102
108	103
107	103
107	103
107	103
107	103
107	103
107	103
107	103
107	103
107	103
107	103
107	103
107	103
107	103
107	103
107	104
107	104
107	104
107	104
107	104
107	104
107	104
107	104
108	104
108	104
108	104
108	104
108	104
108	104
108	104
108	104
109	105
109	105
109	105
109	105
109	105
109	105
109	105
109	105
109	105
109	105
109	105
109	105
109	105
109	105
109	105
109	108
109	108
109	108
109	108
109	108
109	108
109	108
109	108
109	108
109	108
109	108
109	108
109	108
109	108
109	108
109	108
108	107
108	107
108	107
108	107
108	107
108	107
108	107
108	105
108	105
108	105
108	105
108	105
108	105
108	105
108	105
108	103
108	103
108	103
108	103
108	103
108	103
108	103
108	103
107	101
107	101
107	101
107	101
107	101
107	101
107	101
107	101
107	104
107	104
107	104
107	104
107	104
107	104
107	104
106	108
106	108
106	108
106	108
106	108
106	108
106	108
106	108
105	107
105	107
105	107
105	107
105	107
105	107
105	107
105	107
104	105
104	105
104	105
104	105
104	105
104	105
104	105
104	103
104	103
104	103
104	103
104	103
104	103
104	103
104	103
104	104
104	104
104	104
104	104
104	104
104	104
104	104
104	104
105	103
105	103
105	103
105	103
105	103
105	103
105	103
105	103
105	104
105	104
105	104
105	104
105	104
105	104
105	104
105	106
105	106
105	106
105	106
105	106
105	106
105	106
105	106
105	107
105	107
105	107
105	107
105	107
105	107
105	107
105	107
105	105
105	105
105	105
105	105
105	105
105	105
105	105
105	105
105	109
105	109
105	109
105	109
105	109
105	109
105	109
105	110
105	110
105	110
105	110
105	110
105	110
105	110
105	110
105	113
106	113
106	113
106	113
106	113
106	113
106	113
106	113
106	116
106	116
106	116
106	116
106	116
106	116
106	116
107	114
107	114
107	114
107	114
107	114
107	114
107	114
107	114
107	112
107	112
107	112
107	112
107	112
107	112
107	112
107	112
107	115
107	115
107	115
107	115
107	115
107	115
107	115
107	115
107	120
107	120
107	120
107	120
107	120
107	120
107	120
107	124
107	124
107	124
107	124
107	124
107	124
107	124
107	124
108	122
108	122
108	122
108	122
108	122
108	122
108	122
108	122
108	120
108	120
108	120
108	120
108	120
108	120
108	120
108	124
108	124
108	124
108	124
108	124
108	124
108	124
108	124
109	122
110	122
110	122
110	122
110	122
110	122
110	122
110	122
110	125
110	125
110	125
110	125
110	125
110	125
110	125
110	125
111	123
111	123
111	123
111	123
111	123
111	123
111	123
111	126
111	126
111	126
111	126
111	126
111	126
111	126
111	126
