85	0
85	0
85	0
85	0
85	0
85	0
85	0
85	0
85	0
85	0
85	0
85	0
85	0
85	0
85	0
85	0
85	0
85	0
85	0
85	0
85	0
85	0
85	0
85	0
85	0
85	0
85	0
85	0
85	0
85	0
85	0
85	0
85	0
85	0
85	0
85	0
85	0
85	0
85	0
85	0
85	0
85	0
85	0
85	0
85	0
85	0
85	0
85	0
85	0
85	57
85	57
85	57
85	57
85	57
85	57
85	57
85	84
85	84
85	84
85	84
85	84
85	84
85	84
85	84
85	83
85	83
85	83
85	83
85	83
85	83
86	83
84	82
84	82
84	82
84	82
84	82
84	82
84	82
84	82
84	82
84	82
84	82
84	82
84	82
84	82
84	82
84	82
84	82
84	82
84	82
84	82
84	82
84	82
83	81
83	81
83	81
83	81
83	81
83	81
83	81
83	81
83	80
83	80
83	80
83	80
83	80
83	80
83	80
83	81
83	81
83	81
83	81
83	81
83	81
83	81
83	81
83	81
83	81
83	81
83	81
83	81
83	81
83	81
84	0
84	0
84	0
84	0
84	0
84	0
83	0
83	0
83	0
83	0
83	0
83	0
83	0
83	0
83	0
83	0
83	0
83	0
83	0
83	0
83	0
83	0
83	0
83	0
83	0
83	0
83	0
83	0
83	0
83	0
83	0
83	0
83	0
83	0
84	0
84	0
84	0
84	0
84	0
84	0
84	0
84	0
84	0
84	0
84	0
84	0
84	0
84	0
84	0
84	52
84	52
84	52
84	52
84	52
84	52
84	52
85	53
85	53
85	53
85	53
85	53
85	53
85	53
85	54
85	54
85	54
85	54
85	54
85	54
85	54
85	54
85	52
85	52
85	52
85	52
85	52
85	52
85	52
86	50
86	50
86	50
86	50
86	50
86	50
86	50
86	49
86	49
86	49
86	49
86	49
86	49
86	49
86	49
86	49
86	49
86	49
86	49
86	49
86	49
86	49
87	48
87	48
87	48
87	48
87	48
87	48
87	48
86	49
86	49
86	49
86	49
86	49
86	49
86	49
86	49
87	50
87	50
87	50
87	50
87	50
87	50
87	50
87	50
87	50
87	50
87	50
87	50
87	50
87	50
87	50
87	50
88	50
88	50
88	50
88	50
88	50
88	50
89	54
89	54
89	54
89	54
89	54
89	54
89	54
90	56
90	56
90	56
90	56
90	56
90	56
90	56
90	56
91	58
91	58
91	58
91	58
91	58
91	58
91	58
90	57
90	57
90	57
90	57
90	57
90	57
90	57
90	58
90	58
90	58
91	58
91	58
91	58
91	58
91	58
91	57
91	57
91	57
91	57
91	57
91	57
91	57
93	54
93	54
93	54
93	54
93	54
93	54
93	54
94	54
94	54
94	54
94	54
94	54
94	54
94	54
94	54
94	57
94	57
94	57
94	57
94	57
94	57
94	57
96	60
96	60
96	60
98	60
98	60
98	60
98	60
98	60
100	62
100	62
100	62
100	62
100	62
100	62
100	62
101	62
101	62
101	62
101	62
101	62
101	62
101	62
102	61
102	61
102	61
102	61
102	61
102	61
102	61
102	61
102	59
102	59
102	59
102	59
102	59
102	59
102	59
103	57
103	57
102	57
102	57
102	57
102	57
102	57
102	55
102	55
102	55
102	55
102	55
102	55
102	55
102	55
101	53
101	53
101	53
101	53
101	53
101	53
101	53
101	50
101	50
101	50
101	50
101	50
101	50
101	50
100	51
100	51
100	51
100	51
100	51
100	51
100	51
100	51
99	52
99	52
99	52
99	52
99	52
99	52
99	52
100	53
100	53
100	53
100	53
100	53
100	53
100	53
100	53
100	53
100	53
100	53
100	53
100	53
100	53
100	53
100	54
100	54
100	54
100	54
100	54
100	54
100	54
100	54
100	54
100	54
100	54
100	54
100	54
100	54
100	54
101	55
102	55
102	55
102	55
102	55
102	55
102	55
103	55
103	55
103	55
103	55
103	55
103	55
103	55
103	55
103	55
103	55
103	55
103	55
103	55
103	55
103	55
104	53
104	53
104	53
104	53
104	53
104	53
104	53
104	51
104	51
104	51
104	51
104	51
104	51
104	51
103	51
103	49
102	49
102	49
102	49
102	49
102	49
102	49
102	49
102	49
102	49
102	49
102	49
102	49
102	49
102	49
102	49
102	49
102	49
102	49
102	49
102	49
102	49
102	49
102	49
102	49
102	49
102	49
102	49
102	49
102	49
102	49
102	49
102	49
102	49
102	49
102	49
102	52
102	52
102	52
102	52
102	52
102	52
102	52
102	52
102	52
102	52
102	52
102	52
102	52
102	52
102	52
102	50
102	50
102	50
102	50
102	50
102	50
102	50
102	50
102	50
102	50
102	50
102	50
102	50
102	50
102	50
102	50
102	50
102	50
102	50
102	50
102	50
102	50
101	53
101	53
101	53
101	53
101	53
101	53
101	53
101	53
100	51
100	51
100	51
100	51
100	51
100	51
100	51
100	49
100	49
100	49
100	49
100	49
100	49
100	49
100	48
100	48
100	48
100	48
100	48
100	48
100	48
100	48
100	47
100	47
100	47
100	47
100	47
100	47
100	47
100	48
100	48
100	48
100	48
100	48
100	48
100	48
100	49
100	49
100	49
100	49
100	49
100	49
100	49
100	49
101	49
101	49
101	49
101	49
101	49
101	49
101	49
101	49
101	49
101	49
101	49
101	49
101	49
101	49
101	49
101	49
101	49
101	49
101	49
101	49
101	49
101	49
100	52
100	52
100	52
100	52
100	52
100	52
100	52
100	52
100	52
100	52
100	52
100	52
100	52
100	52
100	52
100	50
100	50
100	50
100	50
100	50
100	50
100	50
100	50
100	50
100	50
100	50
100	50
100	50
100	50
100	51
100	51
100	51
100	51
100	51
100	51
100	51
100	51
99	51
99	51
99	51
99	51
99	51
99	51
99	51
99	53
99	53
99	53
99	53
99	53
99	53
99	53
99	53
99	53
99	53
99	53
99	53
99	53
99	53
99	53
99	56
99	56
99	56
99	56
99	56
99	56
99	56
99	59
99	59
99	59
99	59
99	59
99	59
99	59
99	61
99	61
99	61
99	61
99	61
99	61
99	61
99	61
99	61
99	61
99	61
99	61
99	61
100	61
100	61
100	59
100	59
100	59
100	59
100	59
100	59
100	59
100	59
101	58
101	58
101	58
101	58
101	58
101	58
101	58
101	56
101	56
101	56
101	56
101	56
101	56
101	56
101	54
101	54
101	54
101	54
101	54
101	54
101	54
101	54
101	52
101	52
101	52
101	52
101	52
101	52
101	52
101	53
101	53
101	53
101	53
101	53
101	53
101	53
101	52
101	52
101	52
101	52
101	52
101	52
101	52
101	52
101	52
101	52
101	52
101	52
101	52
101	52
101	52
101	53
101	53
101	53
101	53
101	53
101	53
101	53
101	53
101	54
101	54
101	54
101	54
101	54
101	54
101	54
101	56
101	56
101	56
101	56
101	56
101	56
101	56
101	54
101	54
101	54
101	54
101	54
101	54
101	54
101	54
101	52
101	52
101	52
101	52
101	52
101	52
101	52
101	51
101	51
101	51
101	51
101	51
101	51
101	51
102	54
102	54
102	54
102	54
102	54
102	54
102	54
102	54
102	52
102	52
102	52
102	52
102	52
102	52
102	52
101	50
101	50
101	50
101	50
101	50
101	50
101	50
101	49
101	49
101	49
101	49
101	49
101	49
101	49
101	49
101	47
101	47
101	47
101	47
101	47
101	47
101	47
102	48
102	48
102	48
102	48
102	48
103	48
103	48
103	48
105	49
105	49
105	49
105	49
105	49
105	49
105	49
106	48
106	48
106	48
106	48
106	48
106	48
106	48
106	48
106	48
106	48
106	48
106	48
106	48
106	48
106	48
106	50
106	50
106	50
106	50
106	50
106	50
106	50
105	53
105	53
105	53
105	53
105	53
105	53
105	53
104	53
104	53
104	53
104	53
104	53
104	53
104	53
104	53
103	53
103	53
103	53
103	53
103	53
103	53
103	53
103	53
103	53
103	53
103	53
103	53
103	53
103	53
103	53
103	51
103	51
103	51
103	51
103	51
103	51
103	51
102	52
102	52
102	52
102	52
102	52
101	52
101	52
102	53
102	53
102	53
102	53
102	53
102	53
102	53
102	53
102	50
102	50
102	50
102	50
102	50
102	50
102	50
103	54
103	54
103	54
103	54
103	54
103	54
103	54
104	54
104	54
104	54
104	54
104	54
104	54
104	54
104	54
105	53
105	53
105	53
105	53
105	53
105	53
105	53
104	52
104	52
104	52
104	52
104	52
104	52
104	52
104	52
104	52
104	52
104	52
104	52
104	52
104	52
104	52
104	52
104	52
104	52
104	52
104	52
104	52
104	52
104	52
104	52
104	52
104	52
104	52
104	52
104	52
104	52
104	50
104	50
104	50
104	50
104	50
104	50
104	50
103	51
103	51
103	51
103	51
103	51
103	51
103	51
103	50
103	50
103	50
103	50
103	50
103	50
103	50
103	50
102	50
102	50
102	50
102	50
102	50
102	50
102	50
102	49
102	49
102	49
102	49
102	49
102	49
102	49
102	49
102	49
102	49
101	49
101	49
101	49
101	49
101	49
101	49
101	49
101	49
101	49
101	49
101	49
101	49
100	51
100	51
100	51
100	51
100	51
100	51
100	51
100	51
99	51
99	51
99	51
99	51
99	51
99	51
99	51
99	51
99	51
99	51
99	51
99	51
99	51
99	51
99	51
99	51
99	51
98	51
98	51
98	51
98	51
98	51
97	49
97	49
97	49
97	49
97	49
97	49
97	49
97	52
97	52
97	52
97	52
97	52
97	52
97	52
97	55
97	55
97	55
97	55
97	55
97	55
97	55
97	55
96	55
96	55
96	55
96	55
96	55
96	55
96	55
97	54
97	54
97	54
97	54
97	54
97	54
97	54
98	56
98	56
98	56
98	56
98	56
98	56
98	56
98	56
98	55
98	55
98	55
98	55
98	55
98	55
98	55
98	52
98	52
98	52
98	52
98	52
98	52
98	52
98	52
98	54
98	54
98	54
98	54
98	54
98	54
98	54
98	55
97	55
97	55
97	55
97	55
97	55
97	55
97	56
97	56
97	56
97	56
97	56
97	56
97	56
97	56
97	59
97	59
97	59
97	59
97	59
97	59
97	59
97	59
97	59
97	59
97	59
97	59
97	59
97	59
97	61
97	61
97	61
97	61
97	61
97	61
97	61
97	61
97	63
97	63
97	63
97	63
97	63
97	63
97	63
97	64
97	64
97	64
97	64
97	64
97	64
97	64
97	61
97	61
97	61
97	61
97	61
97	61
97	61
97	61
97	58
97	58
97	58
97	58
97	58
97	58
97	58
97	59
97	59
97	59
97	59
97	59
97	59
97	59
97	59
97	62
97	62
97	62
97	62
97	62
97	62
97	62
96	61
96	61
96	61
96	61
96	61
96	61
96	61
96	59
96	59
96	59
96	59
96	59
96	59
96	59
96	59
96	57
96	57
96	57
96	57
96	57
96	57
96	57
96	55
96	55
96	55
96	55
96	55
96	55
96	55
96	53
97	53
97	53
97	53
97	53
97	53
97	53
97	53
99	56
99	56
99	56
99	56
99	56
99	56
99	56
99	60
99	60
99	60
99	60
99	60
99	60
99	60
99	60
100	63
100	63
100	63
100	63
100	63
100	63
100	63
100	64
100	64
100	64
100	64
100	64
100	64
100	64
98	60
98	60
98	60
98	60
98	60
98	60
98	60
98	60
97	62
97	62
97	62
97	62
97	62
97	62
97	62
96	65
96	65
96	65
96	65
96	65
96	65
96	65
96	63
96	63
96	63
96	63
96	63
96	63
96	63
96	63
96	65
96	65
96	65
96	65
96	65
95	65
95	65
94	68
94	68
94	68
94	68
94	68
94	68
94	68
94	68
94	68
94	68
94	68
94	68
94	68
94	68
94	68
93	68
93	68
93	68
93	68
93	68
93	68
93	68
94	68
94	68
94	68
94	68
94	68
94	68
94	68
94	68
95	67
95	67
95	67
95	67
95	67
96	67
96	67
97	65
97	65
97	65
97	65
97	65
97	65
97	65
99	65
99	65
99	65
99	65
99	65
99	65
99	65
99	65
100	65
100	65
100	65
100	65
100	65
100	65
100	65
101	64
101	64
101	64
101	64
101	64
101	64
101	64
102	64
102	64
102	64
102	64
102	64
102	64
102	64
102	64
101	63
101	63
101	63
101	63
101	63
101	63
101	63
102	68
102	68
102	68
102	68
102	68
102	68
102	68
102	68
102	69
102	69
102	69
102	69
102	69
102	69
102	69
102	70
102	70
102	70
102	70
102	70
102	70
102	70
103	68
103	68
103	68
103	68
103	68
103	68
103	68
103	68
104	71
104	71
104	71
104	71
104	71
104	71
104	71
104	74
104	74
104	74
104	74
104	74
104	74
104	74
104	74
104	74
104	74
104	74
104	74
104	74
104	74
104	74
104	71
104	71
104	71
104	71
104	71
104	71
104	71
104	74
104	74
104	74
104	74
104	74
104	74
104	74
104	74
104	77
104	77
104	77
104	77
104	77
104	77
104	77
104	75
104	75
104	75
104	75
104	75
104	75
104	75
105	75
105	75
105	75
105	75
105	75
105	75
105	75
105	75
102	74
102	74
102	74
102	74
102	74
102	74
102	74
100	74
100	74
100	74
97	74
97	74
97	74
97	74
97	77
97	77
97	77
97	77
97	77
97	77
97	77
97	77
96	79
96	79
96	79
96	79
96	79
96	79
96	79
97	76
97	76
97	76
97	76
97	76
97	76
97	76
97	79
97	79
97	79
97	79
97	79
97	79
97	79
97	79
98	79
98	79
98	79
99	79
99	79
99	79
99	79
99	80
99	80
99	80
99	80
99	80
99	80
99	80
99	80
100	83
100	83
100	83
100	83
100	83
100	83
100	83
100	81
100	81
100	81
100	81
100	81
100	81
100	81
100	80
100	80
100	80
100	80
100	80
100	80
100	80
100	80
99	83
99	83
99	83
98	83
98	83
98	83
98	83
96	83
96	83
96	83
96	83
96	83
96	83
96	83
96	87
96	87
96	87
96	87
96	87
96	87
96	87
96	87
96	87
96	87
96	87
96	87
96	87
96	87
96	87
96	85
96	85
96	85
96	85
96	85
96	85
96	85
96	85
96	85
96	85
96	85
96	85
96	85
96	85
96	85
97	83
97	83
97	83
97	83
97	83
97	83
97	83
98	86
98	86
98	86
98	86
98	86
98	86
98	86
98	86
99	88
99	88
99	88
99	88
99	88
99	88
99	88
99	89
99	89
99	89
99	89
99	89
99	89
99	89
99	89
99	89
99	89
99	89
99	89
99	89
99	89
99	89
99	87
99	87
99	87
99	87
99	87
99	87
99	87
98	85
98	85
98	85
98	85
98	85
98	85
98	85
98	86
98	86
98	86
98	86
98	86
98	86
98	86
98	86
98	87
98	87
98	87
98	87
98	87
98	87
98	87
98	85
99	85
99	85
99	85
99	85
99	85
99	85
99	85
99	88
99	88
99	88
99	88
99	88
99	88
99	88
100	91
100	91
100	91
100	91
100	91
100	91
100	91
101	91
101	91
101	91
101	91
101	91
101	91
101	91
101	91
101	95
101	95
101	95
101	95
101	95
101	95
101	95
101	98
101	98
101	98
101	98
101	98
101	98
101	98
101	101
101	101
101	101
101	101
101	101
101	101
101	101
101	101
101	100
101	100
101	100
101	100
101	100
101	100
101	100
101	100
101	100
101	100
101	100
101	100
101	100
101	100
101	100
101	99
101	99
101	99
101	99
101	99
101	99
101	99
101	100
101	100
101	100
101	100
101	100
101	100
101	100
101	100
101	100
101	100
101	100
101	100
101	100
101	100
101	100
101	100
101	100
101	100
101	100
101	100
101	100
101	100
101	100
101	100
101	100
101	100
101	100
101	100
101	100
100	101
100	101
100	101
100	101
100	101
100	101
101	101
101	101
101	101
101	101
101	101
101	101
101	101
101	101
101	101
102	101
102	101
102	101
102	101
102	101
102	101
102	101
102	101
102	100
102	100
102	100
102	100
102	100
102	100
102	100
102	100
102	100
102	100
102	100
102	100
102	100
102	100
102	101
102	101
102	101
102	101
102	101
102	101
102	101
102	101
102	101
102	101
102	101
102	101
102	101
102	101
102	101
100	100
100	100
100	100
100	100
100	100
100	100
100	100
100	99
100	99
100	99
100	99
100	99
100	99
100	99
100	99
100	100
100	100
100	100
100	100
100	100
100	100
100	100
99	99
99	99
99	99
99	99
99	99
99	99
99	99
99	98
99	98
99	98
99	98
99	98
99	98
99	98
99	98
99	98
99	98
99	98
99	98
99	98
99	98
99	98
99	97
99	97
99	97
99	97
99	97
99	97
99	97
99	97
99	97
99	97
99	97
99	97
99	97
99	97
99	97
100	98
100	98
100	98
100	98
100	98
100	98
100	98
100	98
100	98
100	98
100	98
100	98
100	98
100	98
100	98
100	99
100	99
100	99
100	99
100	99
100	99
100	99
100	99
100	99
100	99
100	99
100	99
100	99
100	99
100	99
100	99
100	99
100	99
100	99
100	99
100	99
100	99
99	99
99	99
99	99
99	99
99	99
99	99
99	99
98	99
98	99
98	99
98	99
98	99
98	99
98	99
98	99
97	97
97	97
97	97
97	97
97	97
97	97
97	97
96	96
96	96
96	96
96	96
96	96
96	96
96	96
96	95
96	95
96	95
96	95
96	95
96	95
96	95
96	95
97	96
97	96
97	96
97	96
97	96
97	96
97	96
97	96
97	96
97	96
97	96
97	96
97	96
97	96
99	96
99	96
99	96
99	96
99	96
99	96
99	96
99	96
99	95
99	95
99	95
99	95
99	95
99	95
99	95
99	96
99	96
99	96
99	96
99	96
99	96
99	96
98	96
98	96
98	96
98	96
98	96
98	96
98	96
98	96
97	96
97	96
97	96
97	96
97	96
97	96
97	96
96	98
96	98
96	98
96	98
96	98
96	98
96	98
96	98
97	97
97	97
97	97
97	97
97	97
97	97
97	97
97	97
97	97
97	97
97	97
97	97
97	97
97	97
97	96
97	96
97	96
97	96
97	96
97	96
97	96
97	96
97	96
97	96
97	96
97	96
97	96
97	96
97	96
96	95
96	95
96	95
96	95
96	95
95	95
95	95
95	93
95	93
95	93
95	93
95	93
95	93
95	93
95	93
95	91
95	91
95	91
95	91
95	91
95	91
95	91
94	91
94	91
94	91
94	91
94	91
94	91
94	91
94	91
94	94
94	94
94	94
94	94
94	94
94	94
94	94
94	93
94	93
94	93
94	93
94	93
95	93
95	93
96	94
96	94
96	94
96	94
96	94
96	94
96	94
96	94
97	96
97	96
97	96
97	96
97	96
97	96
97	96
98	97
98	97
98	97
98	97
98	97
98	97
98	97
99	98
99	98
99	98
99	98
99	98
99	98
99	98
99	98
99	98
99	98
99	98
99	98
99	98
99	98
99	98
100	98
100	98
100	98
100	98
100	98
100	98
100	98
100	99
100	99
100	99
100	99
100	99
100	99
100	99
100	99
100	100
100	100
100	100
100	100
100	100
100	100
100	100
101	100
101	100
101	100
101	100
101	100
101	100
101	100
101	100
101	100
101	100
101	100
101	100
101	100
100	100
100	100
100	99
100	99
100	99
100	99
100	99
100	99
100	99
100	100
100	100
100	100
100	100
100	100
100	100
100	100
100	100
99	99
99	99
99	99
99	99
99	99
99	99
99	99
99	98
99	98
99	98
99	98
99	98
99	98
99	98
99	99
99	99
99	99
99	99
99	99
99	99
99	99
99	99
99	98
99	98
99	98
99	98
99	98
99	98
99	98
99	98
99	98
99	98
99	98
99	98
99	98
99	98
99	98
99	99
99	99
99	99
99	99
99	99
99	99
99	99
100	99
100	99
100	99
100	99
100	99
100	99
100	99
100	98
100	98
100	98
100	98
100	98
100	98
100	98
100	98
100	99
100	99
100	99
100	99
100	99
100	99
100	99
100	100
100	100
100	100
100	100
100	100
100	100
100	100
100	100
100	100
100	100
100	100
100	100
100	100
100	100
100	100
99	100
99	100
99	100
99	100
99	100
99	100
99	100
99	98
99	98
99	98
99	98
99	98
99	98
99	98
99	95
99	95
99	95
99	95
99	95
99	95
99	95
99	95
99	97
99	97
99	97
99	97
99	97
99	97
99	97
100	96
100	96
100	96
100	96
100	96
100	96
100	96
100	96
100	96
100	96
100	96
100	96
100	96
100	96
100	96
99	96
99	96
99	96
97	96
97	96
97	96
97	96
97	96
97	96
97	96
97	96
97	96
97	96
97	96
97	96
97	96
97	96
97	96
97	96
97	96
97	96
97	96
98	96
98	96
98	96
98	96
98	96
98	96
98	96
98	97
98	97
98	97
98	97
98	97
98	97
98	97
98	97
98	98
98	98
98	98
98	98
98	98
98	98
98	98
97	98
97	98
97	98
97	98
97	98
97	98
97	98
97	97
97	97
97	97
97	97
97	97
97	97
97	97
97	97
97	99
97	99
97	99
97	99
97	99
97	99
97	99
98	98
98	98
98	98
98	98
98	98
98	98
98	98
98	98
99	99
100	99
100	99
100	99
100	99
100	99
100	99
101	100
101	100
101	100
101	100
101	100
101	100
101	100
102	100
102	100
102	100
102	100
102	100
102	100
102	100
102	100
102	100
102	100
102	100
102	100
102	100
102	100
102	100
102	100
102	100
102	100
102	100
102	100
102	100
102	100
102	100
102	100
102	100
102	100
102	100
102	100
102	100
102	100
101	99
101	99
101	99
101	99
101	99
101	99
101	99
100	100
100	100
100	100
100	100
100	100
100	100
100	100
101	101
101	101
101	101
101	101
101	101
101	101
101	101
101	101
102	101
102	101
102	101
102	101
102	101
102	101
102	101
102	102
102	102
102	102
102	102
102	102
102	102
102	102
102	102
102	100
102	100
102	100
102	100
102	100
102	100
102	100
102	100
102	100
102	100
102	100
102	100
102	100
102	100
101	100
101	100
101	100
101	100
101	100
101	100
101	100
101	100
100	101
100	101
100	101
100	101
100	101
100	101
100	101
99	103
99	103
99	103
99	103
99	103
99	103
99	103
99	104
99	104
99	104
99	104
99	104
99	104
99	104
99	104
99	105
99	105
99	105
99	105
99	105
99	105
99	105
99	105
99	105
99	105
99	105
99	105
99	105
99	105
99	105
101	107
101	107
101	107
101	107
101	107
101	107
101	107
102	107
102	107
102	107
102	107
102	107
102	107
102	107
101	111
101	111
101	111
101	111
101	111
101	111
101	111
101	111
99	109
99	109
99	109
99	109
99	109
99	109
99	109
98	111
98	111
98	111
98	111
98	111
98	111
98	111
96	108
96	108
96	108
96	108
96	108
94	108
94	108
94	108
93	106
93	106
93	106
93	106
93	106
93	106
93	106
93	105
93	105
93	105
93	105
93	105
93	105
93	105
91	103
91	103
91	103
91	103
91	103
91	103
91	103
91	103
91	101
91	101
91	101
91	101
91	101
91	101
91	101
90	104
90	104
90	104
90	104
90	104
90	104
90	104
90	104
89	102
89	102
89	102
89	102
89	102
89	102
89	102
89	101
89	101
89	101
89	101
89	101
89	101
89	101
88	99
88	99
88	99
88	99
88	99
88	99
88	99
88	99
88	97
88	97
88	97
88	97
88	97
88	97
88	97
88	94
88	94
88	94
88	94
88	94
88	94
88	94
89	92
89	92
89	92
89	92
89	92
89	92
89	92
89	92
89	90
89	90
89	90
89	90
89	90
89	90
89	90
89	87
89	87
89	87
89	87
89	87
89	87
89	87
89	86
89	86
89	86
89	86
89	86
89	86
89	86
89	86
88	90
88	90
88	90
88	90
87	90
87	90
87	90
86	91
86	91
86	91
86	91
86	91
86	91
86	91
86	91
86	91
86	91
86	91
86	91
86	91
86	91
86	91
85	91
85	91
85	91
85	91
85	91
85	91
85	91
85	91
85	91
85	91
85	91
85	91
85	91
85	91
85	91
85	93
85	93
85	93
85	93
85	93
85	93
85	93
86	91
86	91
86	91
86	91
86	91
86	91
86	91
87	91
87	91
87	91
87	91
87	91
87	91
87	91
87	91
88	90
88	90
88	90
88	90
88	90
88	90
88	90
87	89
87	89
87	89
87	89
87	89
87	89
87	89
87	92
87	92
87	92
84	92
84	92
84	92
84	92
84	92
83	92
83	92
83	92
83	92
83	92
83	92
83	92
82	91
82	91
82	91
82	91
82	91
82	91
82	91
82	91
82	89
82	89
82	89
82	89
82	89
82	89
82	89
82	87
82	87
82	87
82	87
82	87
82	87
82	87
82	87
82	87
82	87
82	87
82	87
82	87
82	87
82	87
81	85
81	85
81	85
81	85
81	85
81	85
81	85
81	85
81	85
81	85
81	85
81	85
81	85
81	85
80	86
80	86
80	86
80	86
80	86
80	86
80	86
80	86
80	87
80	87
80	87
80	87
80	87
80	87
80	87
80	87
80	87
81	87
81	87
81	87
81	87
81	87
81	87
81	86
81	86
81	86
81	86
81	86
81	86
81	86
82	85
82	85
82	85
82	85
82	85
82	85
82	85
83	82
83	82
83	82
83	82
83	82
83	82
83	82
83	82
83	82
83	82
83	82
83	82
83	82
83	82
83	82
83	82
82	82
82	82
82	82
82	82
82	82
82	82
81	84
81	84
81	84
81	84
81	84
81	84
81	84
81	84
81	82
81	82
81	82
81	82
81	82
81	82
81	82
80	81
80	81
80	81
80	81
80	81
80	81
80	81
80	83
80	83
80	83
80	83
80	83
80	83
80	83
80	83
80	85
80	85
80	85
80	85
80	85
80	85
80	85
80	87
80	87
80	87
80	87
80	87
80	87
80	87
80	87
81	87
81	87
81	87
81	87
81	87
81	87
81	87
82	86
82	86
82	86
82	86
82	86
82	86
82	86
82	85
82	85
82	85
82	85
82	85
82	85
82	85
82	85
82	88
82	88
82	88
82	88
82	88
82	88
82	88
82	89
82	89
82	89
82	89
82	89
82	89
82	89
82	89
82	89
82	89
82	89
82	89
82	89
82	89
82	89
83	89
83	89
83	89
83	89
83	89
83	89
83	89
83	89
83	89
83	89
83	89
83	89
83	89
83	89
84	88
85	88
85	88
85	88
85	88
85	88
85	88
85	88
85	87
85	87
85	87
85	87
85	87
85	87
85	87
86	85
86	85
86	85
86	85
86	85
86	85
86	85
86	85
86	85
86	85
86	85
86	85
86	85
86	85
86	85
86	84
86	84
86	84
86	84
86	84
86	84
86	84
88	82
88	82
88	82
88	82
88	82
88	82
88	82
88	82
89	80
89	80
89	80
89	80
89	80
89	80
89	80
90	80
90	80
90	80
90	80
90	80
90	80
90	80
92	78
92	78
92	78
92	78
92	78
92	78
92	78
92	78
92	76
92	76
92	76
92	76
92	76
93	76
93	76
94	75
94	75
94	75
94	75
94	75
94	75
94	75
93	75
93	75
93	75
93	75
93	75
93	75
93	75
93	75
92	76
92	76
92	76
92	76
92	76
92	76
92	76
90	80
90	80
90	80
90	80
90	80
90	80
90	80
90	80
89	80
89	80
89	80
89	80
89	80
88	80
88	80
87	83
87	83
87	83
87	83
87	83
87	83
87	83
87	84
87	84
87	84
87	84
87	84
87	84
87	84
87	84
87	84
87	84
87	84
87	84
87	84
87	84
87	84
87	86
87	86
87	86
87	86
87	86
87	86
87	86
89	89
89	89
89	89
89	89
89	89
89	89
89	89
89	89
90	89
90	89
90	89
90	89
90	89
90	89
90	89
90	89
90	89
90	89
90	89
90	89
90	89
90	89
90	89
91	90
91	90
91	90
91	90
91	90
91	90
91	90
91	91
91	91
91	91
91	91
91	91
91	91
91	91
92	92
92	92
92	92
92	92
92	92
92	92
92	92
92	92
93	93
93	93
93	93
93	93
93	93
93	93
93	93
94	95
94	95
94	95
94	95
94	95
94	95
94	95
95	96
96	96
96	96
96	96
96	96
96	96
96	96
96	96
96	97
96	97
96	97
96	97
96	97
96	97
96	97
97	96
97	96
97	96
97	96
97	96
97	96
97	96
97	96
97	96
97	96
97	96
97	96
97	96
97	96
97	96
97	96
97	96
97	96
97	96
97	96
97	96
97	96
97	96
97	96
97	96
97	96
97	96
97	96
97	96
97	96
98	97
98	97
98	97
98	97
98	97
98	97
98	97
98	98
98	98
98	98
98	98
98	98
98	98
98	98
100	99
100	99
100	99
100	99
100	99
100	99
100	99
100	99
100	99
100	99
100	99
100	99
100	99
100	99
100	99
101	100
101	100
101	100
101	100
101	100
101	100
101	100
101	100
101	100
101	100
101	100
101	100
101	100
101	100
101	100
101	102
101	102
101	102
101	102
101	102
101	102
101	102
101	102
101	102
101	102
101	102
101	102
101	102
101	102
102	103
102	103
102	103
102	103
102	103
102	103
102	103
102	103
102	102
102	102
102	102
102	102
102	102
102	102
102	102
103	102
103	102
103	102
103	102
103	102
103	102
103	102
103	102
103	102
103	102
103	102
103	102
103	102
103	102
103	102
104	102
104	102
104	102
104	102
104	102
104	102
104	102
104	102
104	102
104	102
104	102
104	102
104	102
104	102
104	102
105	100
105	100
105	100
105	100
105	100
105	100
105	100
105	98
105	98
105	98
105	98
105	98
105	98
105	98
106	97
106	97
106	97
106	97
106	97
106	97
106	97
106	97
106	97
106	97
106	97
106	97
106	97
106	97
106	97
106	96
106	96
106	96
106	96
106	96
106	96
106	96
106	97
106	97
106	97
106	97
106	97
106	97
106	97
106	97
107	99
107	99
107	99
107	99
107	99
107	99
107	99
108	100
108	100
108	100
108	100
108	100
108	100
108	100
108	100
109	100
109	100
109	100
109	100
109	100
109	100
109	100
110	99
110	99
110	99
110	99
110	99
110	99
110	99
110	101
110	101
110	101
110	101
110	101
110	101
110	101
110	101
111	104
111	104
111	104
111	104
111	104
111	104
111	104
111	107
111	107
111	107
111	107
111	107
111	107
111	107
111	109
111	109
111	109
111	109
111	109
111	109
111	109
111	109
111	110
111	110
111	110
111	110
111	110
111	110
111	110
111	110
111	110
111	110
111	110
111	110
111	110
111	110
112	111
112	111
112	111
112	111
112	111
112	111
112	111
112	111
112	111
112	111
112	111
112	111
112	111
112	111
112	111
112	112
112	112
112	112
112	112
112	112
112	112
112	112
112	112
112	112
112	112
112	112
112	112
112	112
112	112
112	112
113	112
113	112
113	112
113	112
113	112
113	112
113	112
113	112
113	112
113	112
113	112
113	112
113	112
113	112
113	112
113	112
113	112
113	112
113	112
113	112
113	112
113	112
114	113
114	113
114	113
114	113
114	113
114	113
114	113
114	113
114	113
114	113
115	113
115	113
115	113
115	113
115	113
115	114
115	114
115	114
115	114
115	114
115	114
115	114
115	114
115	114
115	114
115	114
115	114
115	114
115	114
115	114
116	114
116	114
116	114
116	114
116	114
116	114
116	114
116	116
116	116
116	116
116	116
116	116
116	116
116	116
116	116
116	116
116	116
116	116
116	116
116	116
116	116
116	116
116	116
116	116
116	116
116	116
116	116
116	116
116	116
116	114
116	114
116	114
116	114
116	114
116	114
116	114
116	113
116	113
116	113
116	113
116	113
116	113
116	113
116	113
116	113
116	113
116	113
116	113
116	113
116	113
116	113
117	112
117	112
117	112
117	112
117	112
117	112
117	112
118	114
118	114
118	114
118	114
118	114
118	114
118	114
118	114
118	117
118	117
118	117
118	117
118	117
118	117
118	117
119	117
119	117
119	117
119	117
119	117
119	117
119	117
119	117
120	117
120	117
120	117
120	117
120	117
120	117
120	117
120	115
120	115
120	115
120	115
120	115
120	115
120	115
120	117
120	117
120	117
120	117
120	117
120	117
120	117
120	117
120	119
120	119
120	119
120	119
120	119
120	119
120	119
121	121
121	121
121	121
121	121
121	121
121	121
121	121
120	120
120	120
120	120
120	120
120	120
120	120
120	120
120	120
120	118
120	118
120	118
120	118
120	118
120	118
120	118
119	119
119	119
119	119
119	119
119	119
119	119
119	119
119	119
119	118
119	118
119	118
119	118
119	118
119	118
119	118
119	116
119	116
119	116
119	116
119	116
119	116
119	116
119	117
119	117
119	117
119	117
119	117
119	117
119	117
119	117
119	118
119	118
119	118
119	118
119	118
119	118
119	118
119	119
119	119
119	119
119	119
119	119
119	119
119	119
119	120
119	120
119	120
119	120
119	120
119	120
119	120
119	120
119	120
119	120
119	120
119	120
119	120
119	120
119	120
119	120
119	120
119	120
119	120
119	120
119	120
119	120
118	118
118	118
118	118
118	118
118	118
118	118
118	118
118	118
117	115
117	115
117	115
117	115
117	115
117	115
117	115
117	116
117	116
117	116
117	116
117	116
117	116
117	116
117	116
116	114
116	114
116	114
116	114
116	114
116	114
116	114
114	113
114	113
114	113
114	113
114	113
114	113
114	113
114	113
114	113
114	113
114	113
114	113
114	113
114	113
114	113
114	113
114	113
114	113
114	113
114	113
114	113
114	113
115	113
115	113
115	113
115	113
115	113
115	113
115	113
115	110
115	110
115	110
115	110
115	110
115	110
115	110
115	110
115	114
115	114
115	114
115	114
115	114
116	114
116	114
116	117
116	117
116	117
116	117
116	117
116	117
116	117
116	117
116	117
116	117
116	117
116	117
116	117
116	117
116	117
116	117
116	117
116	117
116	117
116	117
116	117
116	117
116	114
116	114
116	114
116	114
116	114
116	114
116	114
116	114
117	113
117	113
117	113
117	113
117	113
117	113
117	113
117	114
117	114
117	114
117	114
117	114
117	114
117	114
118	114
118	114
118	114
118	114
118	114
118	114
118	114
118	114
118	116
118	116
118	116
118	116
118	116
118	116
118	116
118	117
118	117
118	117
118	117
118	117
118	117
118	117
118	117
118	117
118	117
118	117
118	117
119	117
119	117
119	117
119	115
119	115
119	115
119	115
119	115
119	115
119	115
120	113
120	113
120	113
120	113
120	113
120	113
120	113
120	113
120	110
120	110
120	110
120	110
120	110
120	110
120	110
121	108
121	108
121	108
121	108
121	108
121	108
121	108
121	106
121	106
121	106
121	106
121	106
121	106
121	106
121	106
121	104
121	104
121	104
121	104
121	104
121	104
121	104
122	102
122	102
122	102
122	102
122	102
122	102
122	102
122	100
122	100
122	100
122	100
122	100
122	100
122	100
122	100
122	98
122	98
122	98
122	98
122	98
122	98
122	98
122	96
122	96
122	96
123	96
123	96
123	96
123	96
123	96
122	99
122	99
122	99
122	99
122	99
122	99
122	99
122	102
122	102
122	102
122	102
122	102
122	102
122	102
122	101
122	101
122	101
122	101
122	101
122	101
122	101
122	101
121	105
121	105
121	105
121	105
121	105
121	105
121	105
121	102
121	102
121	102
120	102
120	102
120	102
120	102
120	100
120	100
120	100
120	100
120	100
120	100
120	100
120	100
121	98
121	98
121	98
121	98
121	98
121	98
121	98
122	99
122	99
122	99
122	99
122	99
122	99
122	99
122	99
122	99
122	99
122	99
122	99
122	99
122	99
122	99
122	100
122	100
122	100
122	100
122	100
122	100
122	100
121	102
121	102
121	102
121	102
121	102
121	102
121	102
121	102
120	101
120	101
120	101
120	101
120	101
120	101
120	101
120	103
120	103
120	103
120	103
120	103
120	103
120	103
119	101
119	101
119	101
119	101
119	101
119	101
119	101
119	101
119	104
119	104
119	104
119	104
119	104
119	104
119	104
118	105
118	105
118	105
118	105
118	105
118	105
118	105
118	107
118	107
118	107
118	107
118	107
118	107
118	107
118	107
118	105
118	105
118	105
118	105
118	105
118	105
118	105
118	103
118	103
118	103
118	103
118	103
118	103
118	103
118	101
117	101
117	101
117	101
117	101
117	101
117	101
117	101
118	104
118	104
118	104
118	104
118	104
118	104
118	104
118	107
118	107
118	107
118	107
118	107
118	107
118	107
118	107
118	104
118	104
118	104
118	104
118	104
118	104
118	104
119	108
119	108
119	108
119	108
119	108
119	108
119	108
118	108
118	108
118	108
118	108
118	108
118	108
118	108
118	108
117	109
117	109
117	109
117	109
117	109
117	109
117	109
117	112
117	112
117	112
117	112
117	112
117	112
117	112
117	115
117	115
117	115
117	115
117	115
117	115
117	115
117	115
118	116
118	116
118	116
118	116
118	116
118	116
118	116
118	116
118	116
118	116
118	116
118	116
118	116
118	116
118	116
118	116
118	116
118	116
118	116
118	116
118	116
118	116
118	116
118	116
118	116
118	116
118	116
118	116
118	116
117	115
117	115
117	115
117	115
117	115
117	115
117	115
117	115
116	114
116	114
116	114
116	114
116	114
116	114
116	114
115	115
115	115
115	115
115	115
115	115
115	115
115	115
114	114
114	114
114	114
114	114
114	114
114	114
114	114
114	114
114	113
114	113
114	113
114	113
114	113
114	113
114	113
114	114
114	114
114	114
114	114
114	114
114	114
114	114
114	113
114	113
114	113
114	113
114	113
114	113
114	113
114	113
114	113
114	113
114	113
114	113
114	113
114	113
114	113
113	113
113	113
113	113
113	113
113	113
113	113
113	113
113	113
113	113
113	113
113	113
113	113
113	113
113	113
113	113
113	111
113	111
113	111
113	111
113	111
113	111
113	111
113	110
113	110
113	110
110	110
110	110
110	110
110	110
110	110
107	109
107	109
107	109
107	109
107	109
107	109
107	109
104	108
104	108
104	108
104	108
104	108
104	108
104	108
104	105
104	105
104	105
104	105
104	105
104	105
104	105
104	105
105	105
105	105
105	105
105	105
105	105
105	105
105	105
106	105
106	105
106	105
106	105
106	105
107	105
107	105
107	105
107	105
107	105
107	105
107	105
107	105
107	105
107	105
106	104
106	104
106	104
106	104
106	104
106	104
106	104
106	105
106	105
106	105
106	105
106	105
106	105
106	105
106	105
105	104
105	104
105	104
105	104
105	104
105	104
105	104
104	103
104	103
104	103
104	103
104	103
104	103
104	103
104	103
104	103
104	103
104	103
104	103
104	103
104	103
104	103
104	103
104	103
104	103
104	103
104	103
104	103
104	103
105	103
105	103
105	103
105	103
105	103
105	103
105	103
105	103
105	103
105	103
105	103
105	103
105	103
105	103
105	103
105	102
105	102
105	102
105	102
105	102
105	102
105	102
105	102
105	102
105	102
105	102
105	102
105	102
105	102
105	103
105	103
105	103
105	103
105	103
105	103
105	103
104	103
104	103
104	103
104	103
104	103
104	103
104	103
104	103
104	103
104	103
104	103
104	103
104	103
104	103
104	103
104	103
104	103
104	103
104	103
104	103
104	103
104	103
104	103
104	104
104	104
104	104
104	104
104	104
104	104
104	104
105	104
105	104
105	104
105	104
105	104
105	104
105	104
105	104
105	103
104	103
104	103
104	103
104	103
104	103
104	103
104	104
104	104
104	104
104	104
104	104
104	104
104	104
103	102
103	102
103	102
103	102
103	102
103	102
103	102
103	102
103	102
103	102
103	102
103	102
103	102
103	102
103	102
103	102
103	102
103	102
103	102
103	102
103	102
103	102
103	102
103	102
103	102
103	102
103	102
103	102
103	102
103	102
103	102
103	102
103	102
103	102
103	102
103	102
103	102
102	102
102	102
102	102
102	102
102	102
102	102
102	102
102	102
102	103
102	103
102	103
102	103
102	103
102	103
102	103
102	103
102	103
102	103
102	103
102	103
102	103
102	103
101	101
101	101
101	101
101	101
101	101
101	101
101	101
101	101
102	100
102	100
102	100
102	100
102	100
102	100
102	100
103	100
103	100
103	100
103	100
103	100
103	100
103	100
103	101
103	101
103	101
103	101
103	101
103	101
103	101
103	101
103	102
103	102
103	102
103	102
103	102
104	102
104	102
105	104
105	104
105	104
105	104
105	104
105	104
105	104
105	104
105	103
105	103
105	103
105	103
105	103
105	103
105	103
105	105
105	105
105	105
105	105
105	105
105	105
105	105
105	106
105	106
105	106
105	106
105	106
105	106
105	106
105	106
104	105
104	105
104	105
104	105
104	105
103	105
103	105
101	105
101	105
101	105
101	105
101	105
101	105
101	105
101	108
101	108
101	108
101	108
101	108
101	108
101	108
101	108
100	108
100	108
100	108
100	108
100	108
100	108
100	108
100	106
100	106
100	106
100	106
100	106
100	106
100	106
100	104
100	104
100	104
100	104
100	104
100	104
100	104
100	104
100	102
100	102
100	102
100	102
100	102
100	102
100	102
101	101
101	101
101	101
101	101
101	101
101	101
101	101
101	99
101	99
101	99
101	99
101	99
101	99
101	99
101	99
102	102
102	102
102	102
102	102
102	102
102	102
102	102
103	102
103	102
103	102
103	102
103	102
103	102
103	102
103	102
104	102
104	102
104	102
104	102
104	102
104	102
104	102
104	103
104	103
104	103
104	103
104	103
104	103
104	103
104	103
104	103
104	103
104	103
104	103
104	103
104	103
104	103
104	104
104	104
104	104
104	104
104	104
104	104
104	104
104	104
104	104
104	104
103	104
103	104
103	104
103	104
103	103
103	103
103	103
103	103
103	103
103	103
103	103
103	103
104	102
104	102
104	102
104	102
104	102
104	102
104	102
104	103
104	103
104	103
104	103
104	103
104	103
104	103
104	103
104	103
104	103
104	103
104	103
104	103
104	103
104	103
104	102
104	102
104	102
104	102
104	102
104	102
104	102
103	102
103	102
103	102
103	102
103	102
103	102
103	102
103	102
102	101
102	101
102	101
102	101
102	101
102	101
102	101
101	101
101	101
101	101
101	101
101	101
101	101
101	101
100	100
100	100
100	100
100	100
100	100
100	100
100	100
100	100
100	99
99	99
99	99
99	99
99	99
99	99
99	99
99	100
99	100
99	100
99	100
99	100
99	100
99	100
99	97
99	97
99	97
99	97
99	97
99	97
99	97
99	97
99	97
99	97
99	97
99	97
99	97
99	97
99	97
99	96
99	96
99	96
99	96
99	96
99	96
99	96
99	96
98	95
98	95
97	95
97	95
97	95
97	95
97	95
96	94
96	94
96	94
96	94
96	94
96	94
96	94
95	94
95	94
95	94
95	94
95	94
95	94
95	94
95	94
95	92
95	92
95	92
95	92
95	92
95	92
95	92
95	93
95	93
95	93
95	93
95	93
95	93
95	93
95	94
95	94
95	94
95	94
95	94
95	94
95	94
95	94
96	93
96	93
96	93
96	93
96	93
96	93
96	93
97	94
97	94
97	94
97	94
97	94
97	94
97	94
98	97
98	97
98	97
98	97
98	97
98	97
98	97
98	97
99	94
99	94
99	94
99	94
99	94
99	94
99	94
99	93
99	93
99	93
99	93
99	93
99	93
99	93
99	93
99	91
99	91
99	91
99	91
99	91
99	91
99	91
99	91
99	91
99	91
99	91
99	91
99	91
99	91
99	89
99	89
99	89
99	89
99	89
99	89
99	89
99	89
96	89
96	89
96	89
96	89
96	89
96	89
96	89
95	91
95	91
95	91
95	91
95	91
95	91
95	91
95	87
95	87
95	87
95	87
95	87
95	87
95	87
95	87
96	87
96	87
96	87
96	87
96	87
96	87
96	87
96	87
96	87
96	87
96	87
96	87
96	87
96	87
97	88
97	88
97	88
97	88
97	88
97	88
97	88
97	88
97	88
98	88
98	88
98	88
98	88
98	88
98	88
97	87
97	87
97	87
97	87
97	87
97	87
97	87
96	90
96	90
96	90
96	90
96	90
96	90
96	90
96	90
94	89
94	89
94	89
94	89
94	89
94	89
94	89
94	90
94	90
94	90
94	90
94	90
94	90
94	90
93	90
93	90
93	90
93	90
93	90
93	90
93	90
93	90
93	90
93	90
93	90
93	90
93	90
93	90
93	90
93	91
93	91
93	91
93	91
93	91
93	91
93	91
93	91
94	95
94	95
94	95
94	95
94	95
94	95
94	95
94	96
94	96
94	96
94	96
94	96
95	96
95	96
94	95
94	95
94	95
94	95
94	95
94	95
94	95
94	95
94	96
94	96
94	96
94	96
94	96
94	96
94	96
93	94
93	94
93	94
93	94
93	94
93	94
93	94
93	94
93	94
93	94
93	94
93	94
93	94
93	94
93	94
93	93
93	93
93	93
93	93
93	93
94	93
94	93
94	93
94	93
94	93
94	93
94	93
94	93
94	93
95	93
95	93
95	93
95	93
95	93
95	93
95	93
95	93
95	94
95	94
95	94
95	94
95	94
95	94
95	94
95	94
95	94
95	94
95	94
95	94
95	94
95	94
95	94
95	94
95	94
95	94
95	94
95	94
95	94
95	94
95	95
95	95
95	95
95	95
95	95
95	95
95	95
95	94
95	94
95	94
95	94
95	94
95	94
95	94
95	94
96	93
96	93
96	93
96	93
96	93
96	93
96	93
96	94
96	94
96	94
96	94
96	94
96	94
96	94
97	94
97	94
97	94
97	94
97	94
97	94
97	94
97	94
97	96
97	96
97	96
97	96
97	96
97	96
97	96
97	96
97	96
97	96
97	96
97	96
97	96
97	96
96	96
96	96
96	96
96	96
96	96
96	96
96	96
96	96
96	95
96	95
96	95
96	95
96	95
96	95
96	95
96	98
96	98
96	98
96	98
96	98
96	98
96	98
96	98
97	97
97	97
97	97
97	97
97	97
97	97
97	97
98	97
98	97
98	97
98	97
98	97
98	97
98	97
99	97
99	97
99	97
99	97
99	97
99	97
99	97
99	97
100	97
100	97
100	97
100	97
100	97
100	97
100	97
101	95
101	95
101	95
101	95
101	95
101	95
101	95
102	96
102	96
102	96
102	96
102	96
102	96
102	96
102	96
102	96
102	96
102	96
102	96
102	96
102	96
102	96
103	95
103	95
103	95
103	95
103	95
103	95
103	95
104	93
104	93
104	93
104	93
104	93
104	93
104	93
104	93
104	91
104	91
104	91
104	91
104	91
104	91
104	91
104	89
104	89
104	89
104	89
104	89
104	89
104	89
104	88
104	88
104	88
104	88
104	88
104	88
104	88
104	88
105	86
105	86
105	86
105	86
105	86
105	86
105	86
105	87
105	87
105	87
105	87
105	87
105	87
105	87
105	87
105	91
105	91
105	91
106	91
106	91
106	91
106	91
105	93
105	93
105	93
105	93
105	93
105	93
105	93
106	96
106	96
106	96
106	96
106	96
106	96
106	96
106	96
106	99
106	99
106	99
106	99
106	99
106	99
106	99
107	101
107	101
107	101
107	101
107	101
107	101
107	101
107	105
107	105
107	105
107	105
107	105
107	105
107	105
107	105
107	106
107	106
107	106
107	106
107	106
107	106
107	106
107	105
107	105
107	105
107	105
107	105
107	105
107	105
107	107
107	107
107	107
107	107
107	107
107	107
107	107
107	107
108	107
108	107
108	107
108	107
108	107
108	107
108	107
108	107
109	107
109	107
109	107
109	107
109	107
109	107
109	107
109	107
109	107
109	107
109	107
109	107
109	107
109	107
108	107
108	107
108	107
108	107
108	107
108	107
108	107
108	108
108	108
108	108
108	108
108	108
108	108
108	108
108	108
109	109
109	109
109	109
109	109
109	109
109	109
109	109
110	109
111	109
111	109
111	109
111	109
111	109
111	109
111	108
111	108
111	108
111	108
111	108
111	108
111	108
111	108
112	110
112	110
112	110
112	110
112	110
112	110
112	110
111	111
111	111
111	111
111	111
111	111
111	111
111	111
111	111
111	111
111	111
111	111
111	111
111	111
111	111
111	111
111	111
111	111
111	111
111	111
111	111
111	111
111	111
110	110
110	110
110	110
110	110
110	110
110	110
110	110
110	110
110	110
110	110
110	110
110	110
110	110
110	110
110	110
110	110
110	110
110	110
110	110
110	110
110	110
110	110
109	109
109	109
109	109
109	109
109	109
109	109
109	109
110	109
110	109
110	109
110	109
110	109
110	109
110	109
110	109
112	110
112	110
112	110
112	110
112	110
112	110
112	110
114	110
114	110
114	110
114	110
114	110
114	110
114	110
114	110
115	111
115	111
115	111
115	111
115	111
115	111
115	111
116	113
116	113
116	113
116	113
116	113
116	113
116	113
115	113
115	113
115	113
115	113
115	113
115	113
115	113
115	113
115	113
115	113
115	113
115	113
115	113
115	113
115	113
113	113
113	113
113	113
113	113
113	113
113	113
113	113
113	114
113	114
113	114
113	114
113	114
113	114
113	114
113	114
112	114
112	114
112	114
112	114
112	114
113	114
113	114
114	115
114	115
114	115
114	115
114	115
114	115
114	115
114	115
114	114
114	114
114	114
114	114
114	114
114	114
114	114
115	113
115	113
115	113
115	113
115	113
115	113
115	113
116	114
116	114
116	114
116	114
116	114
116	114
116	114
116	114
117	115
117	115
117	115
117	115
117	115
117	115
117	115
118	115
118	115
118	115
118	115
118	115
118	115
118	115
119	115
119	115
119	115
119	115
119	115
119	115
119	115
119	115
119	118
119	118
119	118
119	118
119	118
119	118
119	118
120	119
120	119
120	119
120	119
120	119
120	119
120	119
121	120
121	120
121	120
121	120
121	120
121	120
121	120
121	120
122	119
122	119
122	119
122	119
122	119
122	119
122	119
123	117
123	117
123	117
123	117
123	117
123	117
123	117
123	117
122	115
122	115
122	115
122	115
122	115
122	115
122	115
123	113
123	113
123	113
123	113
123	113
123	113
123	113
123	112
123	112
123	112
123	112
123	112
123	112
123	112
123	112
123	110
123	110
123	110
123	110
123	110
123	110
123	110
123	108
123	108
123	108
123	108
123	108
123	108
123	108
123	106
123	106
123	106
123	106
123	106
123	106
123	106
123	106
123	105
123	105
123	105
123	105
123	105
123	105
123	105
123	103
123	103
123	103
123	103
123	103
123	103
123	103
123	101
123	101
123	101
123	101
123	101
123	101
123	101
123	101
124	98
124	98
124	98
124	98
124	98
124	98
124	98
125	96
125	96
125	96
125	96
125	96
125	96
125	96
126	94
126	94
126	94
126	94
126	94
126	94
126	94
126	94
126	92
126	92
126	92
126	92
126	92
126	92
126	92
127	90
127	90
127	90
127	90
127	90
127	90
127	90
127	90
127	88
127	88
127	88
127	88
127	88
127	88
127	88
127	86
127	86
127	86
127	86
127	86
127	86
127	86
127	84
127	84
127	84
127	84
127	84
127	84
127	84
127	84
128	82
128	82
128	82
128	82
128	82
128	82
128	82
127	81
127	81
127	81
127	81
127	81
127	81
127	81
127	79
127	79
127	79
127	79
127	79
127	79
127	79
127	79
127	77
127	77
127	77
127	77
127	77
127	77
127	77
127	75
127	75
127	75
127	75
127	75
127	75
127	75
128	74
128	74
128	74
128	74
128	74
128	74
128	74
128	74
128	72
128	72
128	72
128	72
128	72
128	72
128	72
129	70
129	70
129	70
129	70
129	70
129	70
129	70
129	70
129	67
129	67
129	67
129	67
129	67
129	67
129	67
129	65
129	65
129	65
129	65
129	65
129	65
129	65
129	63
129	63
129	63
129	63
129	63
129	63
129	63
129	63
129	67
129	67
129	67
129	67
129	67
129	67
129	67
129	70
129	70
129	70
129	70
129	70
130	70
130	70
130	68
130	68
130	68
130	68
130	68
130	68
130	68
130	68
128	66
128	66
128	66
128	66
128	66
128	66
128	66
128	64
128	64
128	64
128	64
128	64
128	64
128	64
128	64
128	63
128	63
128	63
128	63
128	63
128	63
128	63
127	64
127	64
127	64
127	64
127	64
126	64
126	64
125	61
125	61
125	61
125	61
125	61
125	61
125	61
125	61
124	61
124	61
124	61
124	61
124	61
124	61
124	61
124	60
124	60
124	60
124	60
124	60
124	60
124	60
124	60
124	60
124	60
124	60
124	60
124	60
124	60
124	60
124	61
124	61
124	61
126	61
126	61
126	61
126	61
126	61
126	61
126	61
126	61
126	61
126	61
126	61
127	61
127	61
127	61
127	61
127	61
127	61
127	61
127	61
128	60
128	60
128	60
128	60
128	60
128	60
128	60
128	63
128	63
128	63
128	63
128	63
128	63
128	63
128	63
129	67
129	67
129	67
129	67
129	67
129	67
129	67
129	66
129	66
129	66
129	66
129	66
129	66
129	66
129	65
129	65
129	65
129	65
129	65
129	65
129	65
129	65
130	65
130	65
130	65
130	65
130	65
130	65
130	65
128	65
128	65
128	65
128	65
128	65
128	65
128	65
127	66
127	66
127	66
126	66
126	66
126	66
126	66
126	66
126	64
126	64
126	64
126	64
126	64
126	64
126	64
126	62
126	62
126	62
126	62
126	62
126	62
126	62
126	60
126	60
126	60
126	60
126	60
126	60
126	60
126	60
125	58
125	58
125	58
125	58
125	58
125	58
125	58
125	57
125	57
125	57
125	57
125	57
125	57
125	57
125	57
125	55
125	55
125	55
125	55
125	55
125	55
125	55
125	52
125	52
125	52
125	52
125	52
125	52
125	52
126	52
126	52
126	52
126	52
126	52
126	52
126	52
126	52
125	55
125	55
125	55
125	55
125	55
125	55
125	55
125	53
125	53
125	53
125	53
125	53
125	53
125	53
125	51
125	51
125	51
125	51
125	51
125	51
125	51
125	51
125	50
125	50
125	50
125	50
125	50
125	50
125	50
125	53
125	53
125	53
125	53
125	53
125	53
125	53
125	53
125	56
125	56
125	56
125	56
125	56
125	56
125	56
125	56
125	56
125	56
125	56
125	56
125	56
125	56
125	55
125	55
125	55
125	55
125	55
125	55
125	55
125	55
124	59
124	59
124	59
124	59
124	59
124	59
124	59
124	59
124	59
124	59
124	59
124	59
124	59
124	59
124	61
124	61
124	61
124	61
124	61
124	61
124	61
124	61
124	58
124	58
124	58
124	58
124	58
124	58
124	58
125	57
125	57
125	57
125	57
125	57
125	57
125	57
125	55
125	55
125	55
125	55
125	55
125	55
125	55
125	55
126	53
126	53
126	53
126	53
126	53
126	53
126	53
127	54
127	54
127	54
127	54
127	54
127	54
127	54
128	54
128	54
129	54
129	54
129	54
129	54
129	54
129	54
130	51
130	51
130	51
130	51
130	51
130	51
130	51
130	50
130	50
130	50
130	50
130	50
130	50
130	50
130	50
131	54
131	54
131	54
131	54
131	54
131	54
131	54
131	53
131	53
131	53
131	53
131	53
131	53
131	53
130	56
130	56
130	56
130	56
130	56
130	56
130	56
130	56
130	59
130	59
130	59
130	59
130	59
130	59
130	59
129	57
129	57
129	57
129	57
129	57
129	57
129	57
129	57
129	55
129	55
129	55
129	55
129	55
129	55
129	55
129	53
129	53
129	53
129	53
129	53
129	53
129	53
130	51
130	51
130	51
130	51
130	51
130	51
130	51
130	51
131	49
131	49
131	49
131	49
131	49
131	49
131	49
132	47
132	47
132	47
132	47
132	47
132	47
132	47
132	48
132	48
132	48
132	48
132	48
132	48
132	48
132	48
132	49
132	49
132	49
132	49
132	49
132	49
132	49
132	49
132	49
132	49
132	49
132	49
132	49
132	49
132	49
132	49
132	49
132	49
132	49
132	49
132	49
132	49
133	49
133	49
133	49
133	49
133	49
133	49
133	49
133	48
133	48
133	48
133	48
133	48
133	48
133	48
133	48
133	49
133	49
133	49
133	49
133	49
132	49
132	49
132	47
132	47
132	47
132	47
132	47
132	47
132	47
131	47
131	47
131	47
131	47
131	47
131	47
131	47
131	47
131	50
131	50
131	50
131	50
131	50
131	50
131	50
130	53
130	53
130	53
130	53
130	53
130	53
130	53
130	56
130	56
130	56
130	56
130	56
130	56
130	56
130	56
130	55
130	55
130	55
130	55
130	55
130	55
130	55
130	55
130	55
130	55
130	55
130	55
130	55
130	55
130	55
130	55
130	55
130	55
130	55
130	55
130	55
130	55
130	55
130	55
130	55
130	55
130	55
130	55
130	55
129	52
129	52
129	52
129	52
129	52
129	52
129	52
129	52
129	53
129	53
129	53
129	53
129	53
129	53
129	53
129	53
129	53
129	53
129	53
129	53
129	53
129	53
129	51
129	51
129	51
129	51
129	51
129	51
129	51
129	51
129	49
129	49
129	49
129	49
129	49
129	49
129	49
129	49
129	49
129	49
129	49
129	49
129	49
129	49
129	48
129	48
129	48
129	48
129	48
129	48
129	48
129	48
129	48
129	48
129	48
129	48
129	48
129	48
129	48
129	48
129	48
129	48
129	48
129	48
129	48
129	48
129	48
129	49
129	49
129	49
129	49
129	49
129	49
129	49
129	49
129	49
129	49
129	49
129	49
129	49
129	49
129	50
129	50
129	50
129	50
129	50
129	50
129	50
129	50
129	49
129	49
129	49
129	49
129	49
129	49
129	49
129	48
129	48
129	48
129	48
129	48
129	48
129	48
129	47
129	47
129	47
129	47
129	47
129	47
129	47
129	47
129	49
129	49
129	49
129	49
129	49
129	49
129	49
129	53
129	53
129	53
129	53
129	53
129	53
129	53
129	53
127	56
127	56
127	56
127	56
127	56
127	56
127	56
126	56
126	56
126	56
126	56
126	56
126	56
126	56
126	52
126	52
126	52
126	52
126	52
126	52
126	52
126	52
125	55
125	55
125	55
125	55
125	55
125	55
125	55
126	53
126	53
126	53
126	53
126	53
126	53
126	53
126	51
126	51
126	51
126	51
126	51
126	51
126	51
126	51
126	49
126	49
126	49
126	49
126	49
126	49
126	49
126	49
126	49
126	49
126	49
126	49
126	49
126	49
126	49
126	49
126	49
126	49
126	49
126	49
126	49
126	49
126	52
126	52
126	52
126	52
126	52
126	52
126	52
127	54
127	54
127	54
127	54
127	54
127	54
127	54
127	54
127	55
127	55
127	55
127	55
127	55
127	55
127	55
126	57
126	57
126	57
126	57
126	57
126	57
126	57
125	60
125	60
125	60
125	60
125	60
125	60
125	60
125	60
125	63
125	63
125	63
125	63
125	63
125	63
125	63
125	63
125	63
125	63
125	63
125	63
125	63
125	63
126	64
126	64
126	64
126	64
126	64
126	64
126	64
126	64
126	63
126	63
126	63
126	63
126	63
126	63
126	63
126	62
125	62
125	62
125	62
125	62
125	62
125	62
125	62
124	62
124	62
124	62
124	62
124	62
124	62
124	62
124	59
124	59
124	59
124	59
124	59
124	59
124	59
124	58
124	58
124	58
124	58
124	58
124	58
124	58
124	58
124	57
124	57
124	57
124	57
124	57
124	57
124	57
125	57
125	57
125	57
125	57
125	57
125	57
125	57
125	58
125	58
125	58
125	58
125	58
125	58
125	58
125	58
125	58
125	58
125	58
125	58
125	58
125	58
125	58
125	55
125	55
125	55
125	55
125	55
125	55
125	55
125	56
125	56
125	56
125	56
125	56
125	56
125	56
125	56
126	54
126	54
126	54
126	54
126	54
126	54
126	54
126	54
126	54
126	54
126	54
126	54
126	54
126	54
126	54
127	55
127	55
127	55
127	55
127	55
127	55
127	55
127	55
127	55
127	55
127	55
127	55
127	55
127	55
127	55
127	55
127	55
127	55
127	55
127	55
127	55
127	55
128	58
128	58
128	58
128	58
128	58
128	58
128	58
128	54
128	54
128	54
128	54
128	54
128	54
128	54
127	52
127	52
127	52
127	52
127	52
127	52
127	52
127	52
127	55
127	55
127	55
127	55
127	55
127	55
127	55
127	57
127	57
127	57
127	57
127	57
127	57
127	57
127	57
127	56
127	56
127	56
127	56
127	56
127	56
127	56
126	59
126	59
126	59
126	59
126	59
126	59
126	59
124	59
124	59
124	59
124	59
124	59
124	59
124	59
124	59
125	62
125	62
125	62
125	62
125	62
125	62
125	62
125	62
125	62
125	62
125	62
125	62
127	62
127	62
127	60
127	60
127	60
127	60
127	60
127	60
127	60
127	60
128	64
128	64
128	64
128	64
128	64
128	64
128	64
130	63
130	63
130	63
130	63
130	63
130	63
130	63
130	64
130	64
130	64
130	64
130	64
130	64
130	64
130	64
131	63
131	63
131	63
131	63
131	63
130	63
130	63
130	63
130	63
130	63
130	63
130	63
130	63
130	63
130	63
130	63
130	63
130	63
130	63
130	63
130	63
130	63
130	66
129	66
129	66
129	66
129	66
129	66
129	66
130	69
130	69
130	69
130	69
130	69
130	69
130	69
130	69
131	67
131	67
131	67
131	67
131	67
131	67
131	67
132	68
132	68
132	68
132	68
132	68
132	68
132	68
132	69
132	69
132	69
132	69
132	69
132	69
132	69
132	69
132	70
132	70
132	70
132	70
132	70
132	70
132	70
131	69
131	69
131	69
131	69
131	69
131	69
131	69
131	69
130	66
130	66
130	66
130	66
130	66
130	66
130	66
129	63
129	63
129	63
129	63
129	63
129	63
129	63
129	61
129	61
129	61
129	61
129	61
129	61
129	61
129	61
129	59
129	59
129	59
129	59
129	59
129	59
129	59
129	57
129	57
129	57
129	57
129	57
129	57
129	57
128	56
128	56
128	56
128	56
128	56
128	56
128	56
128	56
128	56
128	56
128	56
128	56
128	56
128	56
128	56
128	56
128	56
128	56
128	56
128	56
128	56
128	56
128	57
128	57
128	57
128	57
128	57
128	57
128	57
128	57
128	58
128	58
128	58
128	58
128	58
128	58
128	58
127	60
127	60
127	60
127	60
127	60
127	60
127	60
127	60
127	62
127	62
127	62
127	62
127	62
127	62
127	62
126	66
126	66
126	66
126	66
126	66
126	66
126	66
125	65
125	65
125	65
125	65
125	65
125	65
125	65
125	65
125	65
125	65
125	65
125	65
125	65
125	65
125	65
125	64
125	64
125	64
125	64
125	64
125	64
125	64
125	65
125	65
125	65
125	65
125	65
125	65
125	65
125	65
124	65
124	65
124	65
124	65
124	65
124	65
124	65
124	66
124	66
124	66
124	66
124	66
124	66
124	66
125	69
125	69
125	69
125	69
125	69
125	69
125	69
125	69
125	71
125	71
125	71
125	71
125	71
125	71
125	71
125	71
125	71
125	71
125	71
125	71
125	71
125	71
125	71
126	69
126	69
126	69
126	69
126	69
126	69
126	69
126	69
126	69
126	69
126	69
126	69
126	69
126	69
126	69
126	69
126	69
126	69
126	69
126	69
126	69
126	69
126	68
126	68
126	68
126	68
126	68
126	68
126	68
126	67
126	67
126	67
126	67
126	67
126	67
126	67
127	70
127	70
127	70
127	70
127	70
127	70
127	70
127	70
127	68
127	68
127	68
127	68
127	68
127	68
127	68
127	67
127	67
127	67
127	67
127	67
127	67
127	67
127	67
127	67
127	67
127	67
127	67
127	67
127	67
127	67
127	66
127	66
127	66
127	66
127	66
127	66
127	66
127	66
126	66
126	66
126	66
126	66
126	66
126	66
126	66
126	67
126	67
126	67
126	67
126	67
126	67
126	67
125	67
125	67
125	67
125	67
125	67
125	67
125	67
125	66
125	66
125	66
125	66
125	66
125	66
125	66
125	66
125	70
125	70
125	70
125	70
125	70
125	70
125	70
124	73
124	73
124	73
124	73
124	73
124	73
124	73
124	73
124	73
124	73
124	73
124	73
124	73
124	73
124	73
124	71
124	71
124	71
124	71
124	71
124	71
124	71
124	71
124	71
124	71
124	71
124	71
124	71
124	71
124	72
124	72
124	72
124	72
124	72
124	72
124	72
124	72
124	75
124	75
124	75
124	75
124	75
124	75
124	75
124	73
124	73
124	73
124	73
124	73
124	73
124	73
124	73
124	76
124	76
124	76
124	76
124	76
124	76
124	76
124	79
124	79
124	79
124	79
124	79
124	79
124	79
124	77
124	77
124	77
124	77
124	77
124	77
124	77
124	77
123	81
123	81
123	81
123	81
123	81
123	81
123	81
123	82
123	82
123	82
123	82
123	82
123	82
123	82
123	80
123	80
123	80
123	80
123	80
123	80
123	80
123	80
123	84
123	84
123	84
123	84
123	84
123	84
123	84
123	84
123	84
123	84
123	84
123	84
123	84
123	84
122	85
122	85
122	85
122	85
122	85
122	85
122	85
122	85
121	83
121	83
121	83
121	83
121	83
121	83
121	83
121	82
121	82
121	82
121	82
121	82
121	82
121	82
121	82
120	80
120	80
120	80
120	80
120	80
120	80
120	80
120	81
120	81
120	81
120	81
120	81
120	81
120	81
121	81
121	81
121	81
121	81
121	81
121	81
121	81
121	81
121	79
121	79
121	79
121	79
121	79
121	79
121	79
121	76
121	76
121	76
121	76
121	76
121	76
121	76
121	75
121	75
121	75
121	75
121	75
121	75
121	75
121	75
121	74
121	74
121	74
121	74
121	74
121	74
121	74
121	77
120	77
120	77
120	77
120	77
120	77
120	77
120	78
120	78
120	78
120	78
120	78
120	78
120	78
120	78
120	76
120	76
120	76
120	76
120	76
120	76
120	76
120	74
120	74
120	74
120	74
120	74
120	74
120	74
120	74
120	74
120	74
120	74
120	74
120	74
120	74
120	74
121	72
121	72
121	72
121	72
121	72
121	72
121	72
121	70
121	70
121	70
121	70
121	70
121	70
121	70
121	70
121	68
121	68
121	68
121	68
121	68
121	68
121	68
121	66
121	66
121	66
121	66
121	66
121	66
121	66
121	66
121	66
121	66
121	66
121	66
121	66
120	66
120	66
120	69
120	69
120	69
120	69
120	69
120	69
120	69
120	69
120	69
120	69
120	69
120	69
120	69
120	69
120	69
120	71
120	71
120	71
120	71
120	71
120	71
120	71
120	71
120	71
120	71
120	71
120	71
120	71
120	71
121	69
121	69
121	69
121	69
121	69
121	69
121	69
121	69
121	71
121	71
121	71
121	71
121	71
121	71
121	71
121	69
121	69
121	69
121	69
121	69
121	69
121	69
121	72
121	72
121	72
121	72
121	72
121	72
121	72
121	72
121	75
121	75
121	75
121	75
121	75
121	75
121	75
121	74
121	74
121	74
121	74
121	74
121	74
121	74
121	73
121	73
121	73
121	73
121	73
121	73
121	73
121	73
121	71
121	71
121	71
121	71
121	71
121	71
121	71
122	69
122	69
122	69
122	69
122	69
122	69
122	69
123	67
123	67
123	67
123	67
123	67
123	67
123	67
123	67
123	71
123	71
123	71
123	71
123	71
123	71
123	71
123	73
123	73
123	73
123	73
123	73
123	73
123	73
123	73
123	72
123	72
123	72
123	72
123	72
123	72
123	72
122	72
122	72
122	72
122	72
122	72
122	72
122	72
122	76
122	76
122	76
122	76
122	76
122	76
122	76
122	76
121	74
121	74
121	74
121	74
121	74
121	74
121	74
121	75
121	75
121	75
121	75
121	75
121	75
121	75
121	74
121	74
121	74
121	74
121	74
121	74
121	74
121	74
121	71
121	71
121	71
121	71
121	71
121	71
121	71
121	69
121	69
121	69
121	69
121	69
121	69
121	69
121	68
121	68
121	68
122	68
122	68
122	68
122	68
122	68
122	68
122	68
122	68
122	68
122	68
122	68
122	68
122	70
122	70
122	70
122	70
122	70
122	70
122	70
122	70
123	67
123	67
123	67
123	67
123	67
123	67
123	67
123	69
123	69
123	69
123	69
123	69
123	69
123	69
123	71
123	71
123	71
123	71
123	71
123	71
123	71
123	71
124	71
124	71
124	71
124	71
124	71
124	71
124	71
124	72
124	72
124	72
124	72
124	72
124	72
124	72
125	73
125	73
125	73
125	73
125	73
125	73
125	73
125	73
125	74
125	74
125	74
125	74
125	74
125	74
125	74
125	76
125	76
125	76
125	76
125	76
125	76
125	76
125	77
125	77
125	77
125	77
125	77
125	77
125	77
125	77
125	78
125	78
125	78
125	78
125	78
125	78
125	78
125	78
125	78
125	78
125	78
125	78
125	78
125	78
125	78
126	79
126	79
126	79
126	79
126	79
126	79
126	79
126	79
126	79
126	79
126	79
126	79
126	79
126	79
125	80
125	80
125	80
125	80
125	80
125	80
125	80
125	80
125	80
125	80
125	80
125	80
125	80
125	80
125	80
125	81
125	81
125	81
125	81
125	81
125	81
125	81
125	81
125	81
125	81
125	81
125	81
125	81
125	81
125	81
124	82
124	82
124	82
124	82
124	82
124	82
124	82
124	84
124	84
124	84
124	84
124	84
124	84
124	84
124	84
123	84
123	84
123	84
123	84
123	84
123	84
123	84
124	85
124	85
124	85
124	85
124	85
124	85
124	85
124	82
124	82
124	82
124	82
124	82
124	82
124	82
125	82
125	84
125	84
125	84
125	84
125	84
125	84
125	84
125	82
125	82
125	82
125	82
125	82
125	82
125	82
125	83
125	83
125	83
125	83
125	83
125	83
125	83
125	83
125	81
125	81
125	81
125	81
125	81
125	81
125	81
125	83
125	83
125	83
125	83
125	83
125	83
125	83
124	83
124	83
124	83
124	83
124	83
124	83
124	83
124	83
124	81
124	81
124	81
124	81
124	81
124	81
124	81
124	81
124	81
124	81
124	81
124	81
124	81
124	81
124	81
123	80
123	80
123	80
123	80
123	80
123	80
123	80
123	78
123	78
123	78
123	78
123	78
123	78
123	78
123	76
123	76
123	76
123	76
123	76
123	76
123	76
123	76
122	75
122	75
122	75
122	75
122	75
122	75
122	75
122	77
122	77
122	77
122	77
122	77
122	77
122	77
122	79
122	79
122	79
122	79
122	79
122	79
122	79
122	79
122	78
122	78
122	78
122	78
122	78
122	78
122	78
120	78
120	78
120	78
120	78
120	78
120	78
120	78
119	77
119	77
119	77
119	77
119	77
119	77
119	77
119	77
119	79
119	79
119	79
119	79
119	79
119	79
119	79
118	79
118	79
118	79
118	79
118	79
118	79
118	79
118	79
118	79
118	79
118	79
118	79
118	79
117	79
117	79
118	78
118	78
118	78
118	78
118	78
118	78
118	78
118	79
118	79
118	79
118	79
118	79
118	79
118	79
118	79
118	80
118	80
118	80
118	80
118	80
118	80
118	80
118	82
118	82
118	82
118	82
118	82
118	82
118	82
118	85
118	85
118	85
118	85
118	85
118	85
118	85
118	85
118	88
118	88
118	88
118	88
118	88
118	88
118	88
117	91
117	91
117	91
117	91
117	91
117	91
117	91
117	91
116	90
116	90
116	90
116	90
116	90
116	90
116	90
116	89
116	89
116	89
116	89
116	89
116	89
116	89
116	90
116	90
116	90
116	90
116	90
116	90
116	90
116	90
116	89
116	89
116	89
116	89
116	89
116	89
116	89
116	94
116	94
116	94
116	94
116	94
116	94
116	94
116	92
116	92
116	92
116	92
116	92
116	92
116	92
116	92
116	90
116	90
116	90
116	90
116	90
116	90
116	90
116	91
116	91
116	91
116	91
116	91
116	91
116	91
117	94
117	94
117	94
117	94
117	94
117	94
117	94
117	94
115	97
115	97
115	97
115	97
115	97
115	97
115	97
114	94
114	94
114	94
114	94
114	94
114	94
114	94
114	94
114	92
114	92
114	92
114	92
114	92
114	92
114	92
115	95
115	95
115	95
115	95
115	95
115	95
115	95
115	93
115	93
115	93
115	93
115	93
115	93
115	93
115	93
116	91
116	91
116	91
116	91
116	91
116	91
116	91
117	94
117	94
117	94
117	94
117	94
117	94
117	94
118	94
118	94
118	94
118	94
118	94
118	94
118	94
118	94
119	94
119	94
119	94
119	94
119	94
119	94
119	94
120	93
120	93
120	93
120	93
120	93
120	93
120	93
120	93
120	94
120	94
120	94
120	94
120	94
120	94
120	94
122	96
122	96
122	96
122	96
122	96
122	96
122	96
123	100
123	100
123	100
123	100
123	100
123	100
123	100
123	100
123	98
123	98
123	98
123	98
123	98
123	98
123	98
123	99
123	99
123	99
123	99
123	99
123	99
123	99
123	100
123	100
123	100
123	100
123	100
123	100
123	100
123	100
123	101
123	101
123	101
123	101
123	101
123	101
123	101
123	102
123	102
123	102
123	102
123	102
123	102
123	102
123	105
123	105
123	105
123	105
123	105
123	105
123	105
123	105
123	104
123	104
123	104
123	104
123	104
123	104
123	104
123	104
123	104
123	104
123	104
123	104
123	104
123	104
123	104
123	106
123	106
123	106
123	106
123	106
123	106
123	106
123	103
123	103
123	103
123	103
123	103
123	103
123	103
124	100
124	100
124	100
124	100
124	100
124	100
124	100
124	100
124	100
124	100
124	100
124	100
124	100
124	100
124	100
124	97
124	97
124	97
124	97
124	97
124	97
124	97
125	95
125	95
125	95
125	95
125	95
125	95
125	95
125	95
126	94
126	94
126	94
126	94
126	94
126	94
126	94
126	92
126	92
126	92
126	92
126	92
126	92
126	92
126	92
126	90
126	90
126	90
126	90
126	90
126	90
126	90
127	87
127	87
127	87
127	87
127	87
127	87
127	87
127	85
127	85
127	85
127	85
127	85
127	85
127	85
127	85
127	83
127	83
127	83
127	83
127	83
127	83
127	83
128	81
128	81
128	81
128	81
128	81
128	81
128	81
128	82
128	82
128	82
128	82
128	82
128	82
128	82
128	82
127	85
127	85
127	85
127	85
127	85
127	85
127	85
127	84
127	84
127	84
127	84
127	84
127	84
127	84
127	85
127	85
127	85
127	85
127	85
127	85
127	85
127	85
127	85
127	85
127	85
127	85
127	85
127	85
127	85
128	85
128	85
128	85
128	85
128	85
128	85
128	85
128	85
128	84
128	84
128	84
128	84
128	84
128	84
128	84
128	82
128	82
128	82
128	82
128	82
128	82
128	82
128	83
128	83
128	83
128	83
128	83
128	83
128	83
128	83
129	83
129	83
129	83
129	83
129	83
129	83
129	83
129	85
129	85
129	85
129	85
129	85
129	85
129	85
130	83
130	83
130	83
130	83
130	83
130	83
130	83
130	83
130	81
130	81
130	81
130	81
130	81
130	81
130	81
131	80
131	80
131	80
131	80
131	80
131	80
131	80
131	80
131	78
131	78
131	78
131	78
131	78
131	78
131	78
131	76
131	76
131	76
131	76
131	76
131	76
131	76
131	74
131	74
131	74
131	74
131	74
131	74
131	74
131	74
131	73
131	73
131	73
131	73
131	73
131	73
131	73
131	75
131	75
131	75
131	75
131	75
131	75
131	75
131	73
131	73
131	73
131	73
131	73
131	73
131	73
131	73
130	77
130	77
130	77
130	77
130	77
130	77
130	77
130	77
130	77
130	77
130	77
130	77
130	77
130	77
130	76
130	76
130	76
130	76
130	76
130	76
130	76
130	76
129	78
129	78
129	78
129	78
129	78
129	78
129	78
129	78
129	78
129	78
129	78
129	78
129	78
129	78
129	78
129	80
129	80
129	80
129	80
129	80
129	80
129	80
129	81
129	81
129	81
129	81
129	81
129	81
129	81
129	79
129	79
129	79
129	79
129	79
129	79
129	79
129	79
128	81
128	81
128	81
128	81
128	81
128	81
128	81
127	79
127	79
127	79
127	79
127	79
127	79
127	79
127	77
127	77
127	77
127	77
127	77
127	77
127	77
127	77
127	80
128	80
128	80
128	80
128	80
128	80
128	80
128	81
128	81
128	81
128	81
128	81
128	81
128	81
129	81
129	81
129	81
129	81
129	81
129	81
129	81
129	81
130	79
130	79
130	79
130	79
130	79
130	79
130	79
129	76
129	76
129	76
129	76
129	76
129	76
129	76
129	76
129	78
128	78
128	78
128	78
128	78
128	78
128	78
126	76
126	76
126	76
126	76
126	76
126	76
126	76
125	75
125	75
125	75
125	75
125	75
125	75
125	75
125	75
124	76
124	76
124	76
124	76
124	76
124	76
124	76
123	78
123	78
123	78
123	78
123	78
123	78
123	78
120	77
120	77
120	77
120	77
120	77
120	77
120	77
120	77
120	78
120	78
120	78
120	78
120	78
120	78
120	78
120	76
120	76
120	76
120	76
120	76
120	76
120	76
120	76
120	74
120	74
120	74
120	74
120	74
120	74
120	74
120	77
120	77
120	77
120	77
120	77
120	77
120	77
121	77
121	77
121	77
121	77
121	77
121	77
121	77
121	77
122	77
122	77
122	77
122	77
122	77
122	77
122	77
123	75
123	75
123	75
123	75
123	75
123	75
123	75
123	74
123	74
123	74
123	74
123	74
