98	97
98	97
98	96
98	96
98	96
98	96
98	96
98	96
98	96
98	96
98	95
96	95
96	95
96	95
96	95
96	95
96	95
96	94
96	94
96	94
96	94
96	94
96	94
96	94
96	94
96	94
96	94
96	94
96	94
96	94
96	94
96	94
96	94
95	96
95	96
95	96
95	96
95	96
95	96
95	96
95	97
95	97
95	97
95	97
95	97
95	97
95	97
94	97
94	98
97	98
97	98
97	98
97	98
97	98
97	98
97	98
97	98
97	98
97	98
97	98
97	98
97	98
97	98
98	98
98	98
98	98
98	98
98	98
98	98
98	98
98	98
98	98
98	98
98	98
98	98
98	98
98	98
98	98
98	98
98	97
98	97
98	97
98	97
98	97
98	97
98	97
98	97
97	97
97	97
97	97
97	97
97	97
97	97
97	97
97	98
97	98
97	98
97	98
97	98
97	98
97	98
97	98
97	98
97	98
97	98
97	98
97	98
97	98
97	98
97	98
97	99
97	99
97	99
97	99
97	99
97	99
97	99
99	100
99	100
99	100
99	100
99	100
99	100
99	100
99	100
99	100
99	100
99	100
99	100
99	100
99	100
99	100
99	100
99	102
99	102
99	102
99	102
99	102
99	102
99	102
100	102
100	102
100	102
100	102
100	102
100	102
100	102
100	102
100	102
100	102
100	102
100	102
100	102
100	102
100	102
100	102
101	103
101	103
101	103
101	103
101	103
101	103
101	103
101	103
101	103
101	103
101	103
101	103
101	103
101	103
101	103
101	102
101	102
101	102
101	102
101	102
101	102
101	102
101	102
102	101
102	101
102	101
102	101
102	101
102	101
102	101
102	99
102	99
102	99
102	99
102	99
102	99
102	99
102	99
100	100
100	100
100	100
100	100
100	100
100	100
100	100
100	100
101	101
101	101
101	101
101	101
101	101
101	101
101	101
101	102
101	102
101	102
101	102
101	102
101	102
101	102
101	102
102	104
102	104
102	104
102	104
102	104
102	104
102	104
102	104
102	104
102	104
102	104
102	104
102	104
102	104
102	104
103	103
103	103
103	103
103	103
103	103
103	103
103	103
103	103
104	102
104	102
104	102
104	102
104	102
104	102
104	102
104	102
104	102
104	102
104	102
104	102
104	102
104	102
104	102
104	103
104	103
104	103
104	103
104	103
104	103
104	103
104	103
104	103
104	103
104	103
104	103
104	103
104	103
104	103
104	103
104	103
104	103
104	103
104	103
104	103
104	103
104	103
104	103
104	103
104	103
104	103
104	103
104	103
104	103
104	103
104	105
104	105
104	105
104	105
104	105
104	105
104	105
104	105
104	105
104	105
104	105
104	105
104	105
104	105
104	105
103	104
103	104
103	104
103	104
103	104
103	104
103	104
103	104
103	103
103	103
103	103
103	103
103	103
103	103
103	103
103	103
103	103
103	103
103	103
103	103
103	103
103	103
103	103
104	104
104	104
104	104
104	104
104	104
104	104
104	104
104	104
102	102
102	102
102	102
102	102
102	102
102	102
102	102
102	102
102	100
102	100
102	100
102	100
102	100
102	100
102	100
95	103
95	103
95	103
95	103
92	103
92	103
92	103
92	103
89	101
89	101
89	101
89	101
89	101
89	101
89	101
89	101
89	99
89	99
89	99
89	99
89	99
89	99
89	99
87	97
87	97
87	97
87	97
87	97
87	97
87	97
87	97
87	96
87	96
87	96
87	96
87	96
87	96
87	96
87	96
88	94
88	94
88	94
88	94
88	94
88	94
88	94
89	92
89	92
89	92
89	92
89	92
89	92
89	92
89	92
89	89
89	89
89	89
89	89
89	89
89	89
89	89
89	89
89	90
89	90
89	90
89	90
89	90
89	90
89	90
89	90
89	90
89	90
89	90
89	90
89	90
89	90
89	90
90	91
90	91
90	91
90	91
90	91
90	91
90	91
90	91
90	91
90	91
90	91
90	91
90	91
90	91
90	91
90	92
90	92
90	92
90	92
90	92
90	92
90	92
90	92
91	92
91	92
91	92
91	92
91	92
91	92
91	92
91	92
91	92
91	92
91	92
91	92
91	92
91	92
91	92
91	90
91	90
91	90
91	90
91	90
91	90
91	90
91	90
92	87
92	87
92	87
92	87
92	87
92	87
92	87
92	87
92	86
92	86
92	86
92	86
92	86
92	86
92	86
92	85
92	85
92	85
92	85
92	85
92	85
92	85
92	85
92	85
92	85
92	85
92	85
92	85
92	85
92	85
92	85
92	84
92	84
93	84
93	84
93	84
93	84
93	84
93	83
93	83
93	83
93	83
93	83
93	83
93	83
93	83
93	83
93	83
93	83
93	83
93	83
93	83
93	83
93	83
95	84
95	84
95	84
95	84
95	84
95	84
95	84
94	84
94	84
94	84
94	84
94	84
94	84
94	84
94	84
94	88
94	88
94	88
94	88
94	88
94	88
94	88
94	88
90	89
90	89
90	89
90	89
90	89
90	89
90	89
89	88
89	88
89	88
89	88
89	88
89	88
89	88
89	88
89	90
89	90
89	90
89	90
89	90
89	90
89	90
89	90
89	93
89	93
89	93
89	93
89	93
89	93
89	93
91	91
91	91
91	91
91	91
91	91
91	91
91	91
91	91
92	89
92	89
92	89
92	89
92	89
92	89
92	89
92	89
92	89
92	89
92	89
92	89
92	89
92	89
92	89
96	90
96	90
96	90
96	90
96	90
96	90
96	90
96	90
97	89
97	89
97	89
97	89
97	89
97	89
97	89
97	89
97	88
97	88
97	88
97	88
97	88
97	88
97	88
94	85
94	85
94	85
94	85
94	85
94	85
94	85
94	85
92	88
92	88
92	88
92	88
92	88
92	88
92	88
92	88
92	91
92	91
92	91
92	91
92	91
92	91
92	91
88	92
88	92
88	92
88	92
88	92
88	92
85	92
85	92
84	93
84	93
84	93
84	93
84	93
84	93
84	93
84	93
84	94
84	94
84	94
84	94
84	94
84	94
84	94
84	97
84	97
84	97
84	97
84	97
84	97
84	97
84	97
87	98
87	98
87	98
87	98
87	98
87	98
87	98
87	98
87	98
87	98
87	98
87	98
87	98
87	98
87	98
87	98
89	99
89	99
89	99
89	99
89	99
89	99
89	99
90	100
90	100
90	100
90	100
90	100
90	100
90	100
90	100
95	98
95	98
95	98
95	98
95	98
95	98
95	98
95	98
96	96
96	96
96	96
96	96
96	96
96	96
96	96
96	100
96	100
96	100
96	100
96	100
96	100
97	100
97	100
98	100
98	100
98	100
98	100
98	100
98	100
98	100
98	100
98	99
98	99
98	99
98	99
98	99
98	99
98	99
98	98
98	98
98	98
98	98
98	98
98	98
98	98
98	98
98	98
98	98
98	98
98	98
98	98
98	98
98	98
98	98
98	100
98	100
98	100
98	100
98	100
98	100
98	100
98	99
98	99
98	99
98	99
98	99
98	99
98	99
98	99
100	99
100	99
100	99
100	99
100	99
100	99
100	99
100	99
100	99
100	99
100	99
100	99
100	99
100	99
100	99
100	102
100	102
100	102
100	102
100	102
100	102
100	102
100	102
100	105
100	105
100	105
100	105
100	105
100	105
100	105
100	105
100	108
100	108
100	108
100	108
100	108
100	108
100	108
100	106
100	106
100	106
100	106
100	106
100	106
100	106
100	106
100	110
100	110
100	110
100	110
100	110
100	110
100	110
100	110
100	108
100	108
100	108
100	108
100	108
100	108
100	108
101	106
101	106
101	106
101	106
101	106
101	106
101	106
101	106
101	105
101	105
101	105
101	105
101	105
101	105
101	105
101	105
103	102
103	102
103	102
103	102
103	102
103	102
103	102
103	105
103	105
103	105
103	105
103	105
103	105
103	105
103	105
103	108
103	108
103	108
103	108
103	108
103	108
103	108
103	108
103	110
103	110
103	110
103	110
103	110
103	110
103	110
103	108
103	108
103	108
103	108
103	108
103	108
103	108
103	108
104	106
104	106
104	106
104	106
104	106
104	106
104	106
104	106
104	103
104	103
104	103
104	103
104	103
104	103
104	103
106	103
106	103
106	103
106	103
106	103
106	103
106	103
106	103
106	103
106	103
106	103
106	103
106	103
106	103
106	103
106	103
106	102
106	102
106	102
106	102
106	102
106	102
106	102
105	101
105	101
105	101
105	101
105	101
105	101
105	101
105	101
104	101
104	101
104	101
104	101
104	101
104	101
104	101
104	101
104	101
104	101
104	101
104	101
104	101
104	101
104	101
104	101
104	101
104	101
104	101
104	101
104	101
104	101
104	101
101	100
101	100
101	100
101	100
101	100
101	100
101	100
101	100
102	101
102	101
102	101
102	101
102	101
102	101
102	101
102	102
102	102
102	102
102	102
102	102
102	102
102	102
102	102
101	103
101	103
101	103
101	103
101	103
101	103
101	103
101	103
101	104
101	104
103	104
103	104
103	104
103	104
103	104
103	103
103	103
103	103
103	103
103	103
103	103
103	103
103	103
104	103
104	103
104	103
104	103
104	103
104	103
104	103
104	103
104	101
104	101
104	101
104	101
104	101
104	101
104	101
104	104
104	104
104	104
104	104
104	104
104	104
104	104
104	104
104	107
104	107
104	107
104	107
104	107
104	107
104	107
104	107
104	110
104	110
104	110
104	110
104	110
104	110
104	110
103	114
103	114
103	114
103	114
103	114
103	114
103	114
103	114
103	114
103	114
103	114
103	114
103	114
103	114
103	114
103	114
103	112
103	112
103	112
103	112
103	112
103	112
103	112
103	116
103	116
103	116
103	116
103	116
103	116
103	116
103	116
103	121
103	121
103	121
103	121
103	121
103	121
103	121
103	121
103	118
103	118
103	118
103	118
103	118
103	118
103	118
103	121
103	121
103	121
103	121
103	121
103	121
103	121
103	121
103	122
103	122
103	122
103	122
103	122
103	122
103	122
103	122
103	123
103	123
103	123
103	123
103	123
103	123
103	123
104	129
104	129
104	129
104	129
104	129
104	129
104	129
104	129
104	126
104	126
104	126
104	126
105	126
105	126
105	126
105	126
105	124
105	124
105	124
105	124
105	124
105	124
105	124
107	122
107	122
107	122
107	122
107	122
107	122
107	122
107	122
108	123
108	123
108	123
108	123
108	123
108	123
108	123
108	123
108	121
108	121
108	121
108	121
108	121
108	121
108	121
108	126
108	126
110	126
110	126
110	126
110	126
110	126
110	126
111	128
111	128
111	128
111	128
111	128
111	128
111	128
111	128
112	131
112	131
112	131
112	131
112	131
112	131
112	131
112	131
112	129
112	129
112	129
112	129
112	129
112	129
112	129
115	127
115	127
115	127
115	127
115	127
115	127
115	127
115	127
116	128
116	128
117	128
117	128
117	128
117	128
117	128
117	128
117	125
117	125
117	125
117	125
117	125
117	125
117	125
119	131
119	131
119	131
119	131
119	131
119	131
119	131
119	131
120	131
120	131
120	131
120	131
120	131
120	131
120	131
120	131
121	132
121	132
121	132
121	132
121	132
121	132
121	132
121	130
121	130
123	130
123	130
123	130
123	130
123	130
123	130
125	126
125	126
125	126
125	126
125	126
125	126
125	126
125	128
125	128
125	128
125	128
125	128
125	128
125	128
125	128
125	129
125	129
125	129
125	129
125	129
125	129
125	129
125	129
127	128
127	128
127	128
127	128
127	128
127	128
127	128
128	129
128	129
128	129
128	129
128	129
128	129
128	129
128	129
128	129
128	129
128	129
128	129
128	129
128	129
128	129
128	129
130	133
130	133
130	133
130	133
130	133
130	133
130	133
130	133
130	133
130	133
130	133
130	133
130	133
130	133
130	133
131	133
131	133
131	133
131	133
131	133
131	133
131	133
131	133
132	133
132	133
132	133
132	133
132	133
132	133
132	133
131	132
131	132
131	132
131	132
131	132
131	132
131	132
131	132
132	132
132	132
132	132
132	132
132	132
132	132
132	132
132	132
132	131
132	131
132	131
132	131
132	131
132	131
132	131
131	131
131	131
131	131
131	131
131	131
131	131
131	131
131	131
131	131
131	131
131	131
131	131
131	131
131	131
131	131
131	131
131	131
131	131
131	131
131	131
131	131
131	131
131	131
131	131
131	131
131	131
131	131
131	131
131	131
131	131
131	131
130	131
130	131
130	131
130	131
130	131
130	131
130	131
130	131
130	131
130	131
130	131
130	131
130	131
130	131
130	131
131	132
131	132
131	132
131	132
131	132
131	132
131	132
131	132
131	133
131	133
131	133
131	133
131	133
131	133
131	133
131	133
131	134
131	134
131	134
131	134
131	134
131	134
131	134
131	134
131	134
131	134
131	134
131	134
131	134
131	134
131	134
133	134
133	134
133	134
133	134
133	134
133	134
133	134
133	134
134	135
134	135
134	135
134	135
134	135
134	135
134	135
134	135
134	135
134	135
134	135
134	135
134	135
134	135
134	135
134	133
134	133
134	133
134	133
134	133
134	133
134	133
134	133
134	133
134	133
134	133
134	133
134	133
134	133
134	133
134	133
134	133
134	133
134	133
134	133
134	133
134	133
134	133
134	135
134	135
134	135
134	135
134	135
134	135
134	135
134	135
134	134
134	134
134	134
134	134
134	134
134	134
134	134
134	134
134	134
134	134
134	134
134	134
134	134
134	134
134	134
134	137
134	137
134	137
134	137
134	137
134	137
134	137
134	137
134	134
134	134
134	134
134	134
134	134
134	134
134	134
134	134
134	134
134	134
134	134
134	134
134	134
134	134
134	134
134	137
134	137
134	137
134	137
134	137
134	137
134	137
134	137
135	136
135	136
135	136
135	136
135	136
135	136
135	136
135	141
135	141
135	141
135	141
135	141
135	141
135	141
135	141
133	140
133	140
133	140
133	140
133	140
133	140
133	140
133	140
133	137
132	137
132	137
132	137
132	137
132	137
132	137
131	138
131	138
131	138
131	138
131	138
131	138
131	138
131	138
130	138
130	138
130	138
130	138
130	138
130	138
130	138
130	138
130	136
130	136
130	136
130	136
130	136
130	136
130	136
129	137
129	137
129	137
129	137
129	137
129	137
129	137
129	137
129	135
129	135
129	135
129	135
129	135
129	135
129	135
129	135
129	133
129	133
129	133
129	133
129	133
129	133
129	133
129	131
129	131
129	131
129	131
129	131
129	131
129	131
129	131
129	129
129	129
129	129
129	129
129	129
129	129
129	129
129	129
128	128
128	128
128	128
128	128
128	128
128	128
128	128
128	128
128	128
128	128
128	128
128	128
128	128
128	128
128	128
128	128
128	128
128	128
128	128
128	128
128	128
128	128
128	128
128	128
128	128
128	128
128	128
128	128
128	128
128	128
128	130
128	130
128	130
128	130
128	130
128	130
128	130
128	130
128	130
128	130
128	130
128	130
128	130
128	130
128	130
128	130
129	130
129	130
129	130
129	130
129	130
129	130
129	130
129	130
129	130
129	130
129	130
129	130
129	130
129	130
129	130
129	130
129	130
129	130
129	130
129	130
129	130
129	130
129	130
129	129
129	129
129	129
129	129
129	129
129	129
129	129
129	128
129	128
129	128
129	128
129	128
129	128
129	128
129	128
128	126
128	126
128	126
128	126
128	126
128	126
128	126
128	126
128	125
128	125
128	125
128	125
128	125
128	125
128	125
127	124
127	124
127	124
127	124
127	124
127	124
127	124
127	124
127	123
127	123
127	123
127	123
127	123
127	123
127	123
127	123
124	122
124	122
124	122
124	122
124	122
124	122
124	122
123	121
123	121
123	121
123	121
123	121
123	121
123	121
123	121
123	121
123	121
123	121
123	121
123	121
123	121
123	121
123	121
122	120
122	120
122	120
122	120
122	120
122	120
122	120
122	120
122	120
122	120
122	120
122	120
122	120
122	120
122	120
122	122
122	122
122	122
122	122
122	122
122	122
122	122
122	122
122	126
122	126
122	126
122	126
122	126
122	126
122	126
122	127
122	127
122	127
122	127
122	127
122	127
122	127
122	127
121	123
121	123
121	123
121	123
121	123
121	123
121	123
121	123
121	126
121	126
121	126
121	126
121	126
121	126
121	126
118	130
118	130
118	130
118	130
118	130
118	130
118	130
118	130
118	133
118	133
118	133
118	133
118	133
118	133
118	133
118	133
118	136
118	136
118	136
118	136
118	136
118	136
118	136
117	134
117	134
117	134
117	134
117	134
117	134
117	134
117	134
117	136
117	136
117	136
117	136
117	136
117	136
117	136
118	136
118	135
118	135
118	135
118	135
118	135
118	135
118	135
118	133
118	133
118	133
118	133
118	133
118	133
118	133
118	133
116	131
116	131
116	131
116	131
116	131
116	131
116	131
116	131
116	129
116	129
116	129
116	129
116	129
116	129
116	129
116	132
116	132
116	132
116	132
116	132
116	132
116	132
117	132
117	130
117	130
117	130
117	130
117	130
117	130
117	130
117	130
114	129
114	129
114	129
114	129
114	129
114	129
114	129
114	127
114	127
114	127
114	127
114	127
114	127
114	127
114	127
113	130
113	130
113	130
113	130
113	130
113	130
113	130
113	130
113	128
113	128
113	128
113	128
113	128
113	128
113	128
114	123
114	123
114	123
114	123
114	123
114	123
114	123
114	123
116	125
116	125
116	125
116	125
116	125
116	125
116	125
116	125
117	123
117	123
117	123
117	123
117	123
117	123
117	123
118	121
118	121
118	121
118	121
118	121
118	121
118	121
118	121
118	122
118	122
118	122
118	122
118	122
118	122
121	122
121	122
122	122
122	122
122	122
122	122
122	122
122	122
122	122
123	125
123	125
123	125
123	125
123	125
123	125
123	125
123	125
123	126
123	126
123	126
123	126
123	126
123	126
123	126
123	126
125	128
125	128
125	128
125	128
125	128
125	128
125	128
126	130
126	130
126	130
126	130
126	130
127	130
127	130
127	130
127	130
127	130
127	130
127	130
127	130
127	130
127	130
127	130
129	132
129	132
129	132
129	132
129	132
129	132
129	132
130	133
130	133
130	133
130	133
130	133
130	133
130	133
130	133
131	135
131	135
131	135
131	135
131	135
131	135
131	135
131	135
131	136
131	136
131	136
131	136
131	136
133	136
133	136
134	136
134	136
134	136
134	136
134	136
134	136
134	136
134	136
135	137
135	137
135	137
135	137
135	137
135	137
135	137
135	137
135	138
135	138
135	138
135	138
135	138
135	138
135	138
137	139
137	139
137	139
137	139
137	139
137	139
137	139
137	139
138	140
138	140
138	140
138	140
138	140
139	140
139	140
139	140
139	141
139	141
139	141
139	141
139	141
139	141
139	141
140	141
140	141
140	141
140	141
140	141
140	141
140	141
140	141
140	142
140	142
140	142
140	142
140	142
140	142
140	142
140	142
141	142
141	142
141	142
141	142
141	142
141	142
141	142
141	142
141	142
141	142
141	142
141	142
142	142
142	142
142	142
142	143
142	143
142	143
142	143
142	143
142	143
142	143
142	143
143	143
143	143
143	143
143	143
143	143
143	143
143	143
143	144
143	144
143	144
143	144
143	144
143	144
143	144
143	144
143	146
143	146
143	146
143	146
143	146
143	146
143	146
143	146
144	146
144	146
144	146
144	146
145	146
145	146
145	146
145	146
145	146
145	146
145	146
145	146
145	146
145	146
145	146
145	147
145	147
145	147
145	147
145	147
145	147
145	147
145	147
146	147
146	147
146	147
146	147
146	147
146	147
146	147
146	147
146	147
146	147
146	147
146	147
146	147
146	147
146	147
146	148
146	148
146	148
147	148
147	148
147	148
147	148
147	148
147	148
147	148
147	148
147	148
147	148
147	148
147	148
147	148
148	148
148	148
148	148
148	148
148	148
148	148
148	148
148	149
148	149
148	149
148	149
148	149
148	149
148	149
148	149
149	149
149	149
149	149
149	149
149	149
149	149
149	149
149	149
149	149
149	149
149	149
149	149
149	149
149	149
149	149
149	149
149	149
149	149
149	149
149	149
149	149
149	149
149	149
149	149
149	149
149	149
149	149
149	149
149	149
149	149
149	149
150	149
150	149
150	149
150	149
150	149
150	149
150	149
150	149
150	149
150	149
150	149
150	149
150	149
150	149
150	149
150	148
150	148
150	148
150	148
150	148
150	148
150	148
150	148
150	149
150	149
150	149
150	149
150	149
150	149
150	149
150	148
150	148
150	148
150	148
150	148
150	148
150	148
150	148
150	146
150	146
150	146
150	146
150	146
150	146
150	146
150	146
151	148
151	148
151	148
151	148
151	148
151	148
151	148
151	153
151	153
151	153
151	153
151	153
151	153
151	153
151	153
151	152
151	152
151	152
151	152
151	152
151	152
151	152
151	152
145	151
145	151
145	151
145	151
145	151
145	151
145	151
144	151
144	151
144	151
144	151
144	151
144	151
144	151
144	151
144	151
144	151
144	151
144	151
144	151
144	151
144	151
144	151
144	149
144	149
144	149
144	149
144	149
144	149
144	149
144	147
144	147
144	147
144	147
144	147
144	147
144	147
144	147
144	145
144	145
144	145
144	145
144	145
144	145
144	145
144	145
144	143
144	143
144	143
144	143
144	143
144	143
144	143
144	143
143	143
143	143
143	143
143	143
143	143
143	143
143	143
143	143
143	143
143	143
143	143
143	143
143	143
143	143
143	143
143	143
143	143
143	143
143	143
143	143
143	143
143	143
143	144
143	144
143	144
143	144
143	144
143	144
143	144
143	144
143	144
143	144
143	144
143	144
143	144
143	144
143	144
143	144
143	144
143	144
143	144
143	144
143	144
143	144
143	144
143	142
143	142
143	142
143	142
143	142
143	142
143	142
143	142
143	141
143	141
143	141
143	141
143	141
143	141
143	141
143	141
143	140
143	140
143	140
142	140
142	140
142	140
142	140
142	139
142	139
142	139
142	139
142	139
142	139
142	139
142	139
140	139
140	139
140	139
140	139
140	139
140	139
140	139
140	139
140	138
140	138
140	138
140	138
140	138
140	138
140	138
140	138
140	138
140	138
140	138
140	138
140	138
140	138
140	138
140	138
140	138
140	138
140	138
140	138
140	138
140	138
140	138
140	138
140	138
140	138
140	138
140	138
140	138
140	138
