96	0
96	0
96	0
96	0
96	0
96	0
97	0
97	0
97	0
97	0
97	0
97	0
97	0
97	0
97	0
97	0
97	0
97	0
97	0
96	109
96	109
96	109
96	109
96	109
96	109
98	0
98	0
98	0
98	0
98	0
98	0
99	0
99	0
99	0
99	0
99	0
99	0
99	0
99	0
99	0
99	0
99	0
99	0
99	0
99	0
99	0
99	0
99	0
99	0
99	0
99	95
99	95
99	95
99	95
99	95
99	95
99	93
98	93
98	93
98	93
98	93
98	93
98	93
98	93
98	93
98	93
98	93
96	93
96	93
96	94
96	94
96	94
96	94
96	94
96	94
96	94
96	94
96	94
96	94
96	94
96	94
96	94
96	94
96	94
96	94
96	94
96	94
96	94
96	94
96	94
96	94
96	94
96	94
96	94
96	94
96	94
96	94
96	94
96	94
96	94
95	94
95	94
95	94
95	94
95	94
95	94
95	93
95	93
95	93
95	93
95	93
95	93
95	93
95	93
95	93
95	93
95	93
95	93
95	93
95	93
95	93
95	93
95	93
95	93
95	93
93	92
93	92
93	92
93	92
93	92
93	92
92	92
92	92
92	92
92	92
92	92
92	92
92	91
92	91
92	91
92	91
92	91
93	91
93	91
92	91
92	91
92	91
92	91
92	91
92	91
92	91
92	91
92	91
92	91
92	91
92	91
92	91
92	91
92	91
92	91
92	91
92	91
93	92
93	92
93	92
93	92
93	92
93	92
93	92
95	93
95	93
95	93
95	93
95	93
95	93
95	94
95	94
95	94
95	94
95	94
95	94
95	94
95	94
95	94
95	94
95	94
95	94
95	94
95	94
95	94
95	94
95	94
95	94
95	94
95	94
95	94
95	94
95	94
95	94
95	94
95	93
95	93
95	93
95	93
95	93
95	93
93	93
93	93
93	93
93	93
93	93
93	93
92	92
92	92
92	92
92	92
92	92
92	92
92	92
92	92
92	92
92	92
92	92
92	92
92	92
94	92
94	92
94	92
94	92
94	92
94	92
95	93
95	93
95	93
95	93
95	93
95	93
96	94
96	94
96	94
96	94
96	94
96	94
96	94
97	94
97	94
97	94
97	94
97	94
97	94
96	95
96	95
96	95
96	95
96	95
94	95
94	95
94	95
94	95
94	95
94	95
94	95
94	96
94	96
94	96
94	96
94	96
94	96
94	96
94	96
94	96
94	96
94	96
94	96
94	96
98	96
98	96
98	96
98	96
98	96
98	96
100	98
100	98
100	98
100	98
100	98
100	98
100	98
100	98
100	98
100	98
100	98
102	98
102	98
102	100
102	100
102	100
102	100
103	100
103	100
105	102
105	102
105	102
105	102
105	102
105	102
107	105
107	105
107	105
107	105
107	105
107	105
109	106
109	106
109	106
109	106
109	106
109	106
109	106
111	109
111	109
111	109
111	109
111	109
111	109
111	109
111	109
111	109
111	109
111	109
112	109
112	110
112	110
112	110
112	110
112	110
112	110
112	111
112	111
112	111
112	111
112	111
112	111
112	111
113	111
113	111
113	111
113	111
113	111
113	111
114	112
114	112
114	112
114	112
114	112
114	112
115	113
115	113
115	113
115	113
115	113
115	113
115	113
115	113
115	113
115	113
115	113
115	113
115	113
115	114
115	114
115	114
115	114
115	114
117	114
118	114
118	114
118	114
118	114
118	114
118	114
120	115
120	115
120	115
120	115
120	115
120	115
120	111
120	111
120	111
120	111
120	111
120	111
120	111
120	111
120	111
120	111
120	111
120	111
120	111
120	114
120	114
120	114
120	114
120	114
120	114
122	117
122	117
122	117
122	117
122	117
122	117
122	121
122	121
122	121
122	121
122	121
122	121
122	121
123	122
123	122
123	122
123	122
123	122
123	122
124	123
124	123
124	123
124	123
124	123
124	123
124	123
124	123
124	123
124	123
124	123
124	123
125	124
125	124
125	124
125	124
125	124
125	124
125	124
127	125
127	125
127	125
127	125
127	125
128	125
129	125
129	125
129	125
129	125
129	125
129	125
129	126
129	126
129	126
129	126
129	126
129	126
130	129
130	129
130	129
130	129
130	129
130	129
130	129
130	129
130	129
130	129
130	129
130	129
130	129
130	129
130	129
130	129
130	129
130	129
130	129
131	130
131	130
131	130
131	130
131	130
131	130
131	130
131	130
131	130
131	130
131	130
131	130
131	130
131	130
131	130
131	130
131	130
131	130
131	130
131	130
131	130
131	130
131	130
131	130
131	130
131	130
131	130
131	130
131	130
131	130
131	130
131	129
131	129
131	129
131	129
131	129
131	129
131	129
131	129
131	129
131	129
131	129
131	129
131	129
132	129
132	129
132	129
132	129
132	129
132	129
133	131
133	131
133	131
133	131
133	131
133	131
133	131
133	131
133	131
133	131
133	131
133	131
133	131
133	131
133	131
133	131
133	131
133	131
133	131
134	131
134	131
134	131
134	131
134	131
134	131
134	132
134	132
134	132
134	132
134	132
134	132
134	132
134	132
134	132
134	132
134	132
134	132
134	132
134	133
134	133
134	133
134	133
134	133
134	133
134	133
134	133
134	133
134	133
134	133
134	133
134	133
134	133
134	133
134	133
134	133
134	133
133	132
133	132
133	132
133	132
133	132
133	132
133	132
133	132
133	132
133	132
133	132
133	132
132	132
132	131
132	131
132	131
132	131
132	131
132	131
132	131
132	131
132	131
132	131
132	131
132	131
132	130
132	130
132	130
132	130
132	130
132	130
132	130
133	131
133	131
133	131
133	131
133	131
133	131
134	132
134	132
134	132
134	132
134	132
134	132
135	132
135	132
135	132
135	132
135	132
136	132
136	134
136	134
136	134
136	134
136	134
136	134
136	134
136	134
136	134
136	134
136	134
136	134
136	134
137	134
137	134
137	134
137	134
137	134
137	134
137	135
137	135
137	135
137	135
137	135
137	135
137	136
137	136
137	136
137	136
137	136
137	136
137	136
137	136
137	136
137	136
137	136
137	136
137	136
136	135
136	135
136	135
136	135
136	135
136	135
136	135
136	135
136	135
136	135
136	135
136	135
136	136
136	136
136	136
136	136
136	136
136	136
136	136
135	135
135	135
135	135
135	135
135	135
135	135
135	134
135	134
135	134
135	134
135	134
135	134
135	134
135	134
135	134
135	134
135	134
135	134
135	134
135	134
135	134
135	134
135	134
135	134
135	134
135	133
135	133
135	133
135	133
135	133
135	133
135	134
135	134
135	134
135	134
135	134
135	134
135	135
135	135
135	135
135	135
135	135
135	135
136	135
136	135
136	135
136	135
136	135
136	135
136	135
137	136
137	136
137	136
137	136
137	136
138	136
138	136
138	136
138	136
138	136
138	136
138	136
138	137
138	137
138	137
138	137
138	137
138	137
139	136
139	136
139	136
139	136
139	136
139	136
139	136
140	137
140	137
140	137
140	137
140	137
140	137
140	135
140	135
140	135
140	135
140	135
140	135
141	138
141	138
141	138
141	138
141	138
142	138
142	138
142	138
142	138
142	138
142	138
142	138
142	138
142	139
142	139
142	139
142	139
142	139
142	139
142	141
142	141
142	141
142	141
142	141
142	141
143	140
143	140
143	140
143	140
143	140
143	140
144	143
144	143
144	143
144	143
144	143
144	143
144	143
144	143
144	143
144	143
144	143
143	143
143	143
143	142
143	142
143	142
143	142
143	142
144	142
145	140
145	140
145	140
145	140
145	140
145	140
143	138
143	138
143	138
143	138
143	138
143	138
143	138
143	136
143	136
143	136
143	136
143	136
143	136
143	141
143	141
143	141
143	141
143	141
143	141
143	141
143	141
143	141
143	141
143	141
141	141
141	141
141	141
141	141
141	141
141	141
141	141
141	141
141	140
141	140
141	140
141	140
141	140
141	140
139	139
139	139
139	139
139	139
139	139
139	139
140	137
140	137
140	137
140	137
140	137
140	137
139	138
139	138
139	138
139	138
139	138
139	138
139	138
139	138
139	138
139	138
139	138
140	138
140	138
140	136
140	136
140	136
140	136
140	136
141	136
141	139
141	139
141	139
141	139
141	139
141	139
141	139
141	139
141	139
141	139
141	139
141	139
141	139
142	140
142	140
142	140
142	140
142	140
142	140
142	140
142	140
142	140
142	140
142	140
142	140
142	140
142	140
142	140
142	140
142	140
142	140
143	141
143	141
143	141
143	141
143	141
143	141
143	141
143	141
143	141
143	141
143	141
143	141
143	141
143	141
143	141
143	141
143	141
143	141
143	141
142	142
142	142
142	142
142	142
142	142
142	142
142	142
142	142
142	142
142	142
142	142
142	142
142	142
143	141
143	141
143	141
143	141
143	141
143	141
143	141
143	141
143	141
143	141
143	141
142	141
142	142
142	142
142	142
142	142
142	142
142	142
142	140
142	140
142	140
142	140
142	140
142	140
142	140
142	141
142	141
142	141
142	141
142	141
142	141
142	141
142	141
142	141
142	141
142	141
142	141
142	141
142	141
142	141
142	141
142	141
142	141
143	141
143	141
143	141
143	141
143	141
142	141
142	141
143	141
143	141
143	141
143	141
143	141
143	141
145	142
145	142
145	142
145	142
145	142
145	142
145	143
145	143
145	143
145	143
145	143
145	143
145	143
145	143
145	143
145	143
145	143
145	143
145	143
146	144
146	144
146	144
146	144
146	144
146	144
147	144
147	144
147	144
147	144
147	144
148	144
149	145
149	145
149	145
149	145
149	145
149	145
148	146
148	146
148	146
148	146
148	146
148	146
148	146
148	146
148	146
148	146
148	146
148	146
148	146
148	146
148	146
148	146
148	146
148	146
148	146
148	147
148	147
148	147
148	147
148	147
148	147
148	147
148	147
148	147
148	147
147	147
147	147
147	147
147	145
147	145
147	145
147	145
147	145
147	145
147	147
147	147
147	147
147	147
147	147
147	147
147	147
147	147
147	147
147	147
147	147
147	147
147	146
147	146
147	146
147	146
147	146
147	146
147	146
147	146
147	146
147	146
147	146
147	146
147	146
146	145
146	145
146	145
146	145
146	145
146	145
146	144
146	144
146	144
146	144
146	144
146	144
146	144
146	144
146	144
146	144
146	144
146	144
146	144
146	144
146	144
146	144
146	144
146	144
146	144
145	144
145	144
145	144
145	144
145	144
145	144
145	142
145	142
145	142
145	142
145	142
145	142
144	142
144	142
144	142
144	142
144	142
143	142
143	142
143	142
143	142
143	142
143	142
143	142
143	142
143	142
143	142
143	142
143	142
143	142
143	142
142	141
142	141
142	141
142	141
142	141
142	141
142	140
142	140
142	140
142	140
142	140
142	140
142	140
142	140
142	140
142	140
142	140
142	140
142	140
141	140
141	140
141	140
141	140
142	140
142	140
142	140
142	140
142	140
142	140
142	140
142	140
142	140
142	140
142	140
142	140
142	140
142	140
142	140
143	140
143	140
143	140
143	140
143	140
143	140
144	141
144	141
144	141
144	141
144	141
144	141
145	141
145	141
145	141
145	141
145	141
145	141
146	142
146	142
146	142
146	142
146	142
146	142
146	142
147	144
147	144
147	144
147	144
147	144
147	144
147	144
147	144
147	144
147	144
147	144
147	144
147	144
147	144
147	144
147	144
147	144
147	144
147	144
147	144
147	144
147	144
147	144
147	144
147	144
147	145
147	145
147	145
147	145
147	145
147	145
147	145
147	145
147	145
147	145
147	145
147	145
147	145
147	145
147	145
147	145
147	145
147	145
147	146
147	146
147	146
147	146
147	146
147	146
147	146
146	144
146	144
146	144
146	144
146	144
146	144
146	142
146	142
146	142
146	142
146	142
146	142
147	140
147	140
147	140
147	140
147	140
147	140
146	145
146	145
146	145
146	145
146	145
146	145
146	145
146	145
146	145
146	145
146	145
146	145
146	145
146	145
146	145
146	145
146	145
146	145
146	145
147	144
147	144
147	144
147	144
147	144
147	144
147	145
147	145
147	145
147	145
147	145
147	145
147	145
148	145
148	145
148	145
148	145
148	145
148	145
148	145
148	145
148	145
148	145
148	145
149	145
149	145
149	145
149	145
149	145
149	145
149	145
150	147
150	147
150	147
150	147
150	147
150	147
150	147
150	148
150	148
150	148
150	148
150	148
150	148
151	148
151	148
151	148
151	148
151	148
151	148
150	149
150	149
150	149
150	149
150	149
150	149
150	149
150	149
150	149
150	149
150	149
151	149
151	149
151	150
151	150
151	150
151	150
151	150
151	150
151	150
151	150
151	150
151	150
151	150
151	150
151	150
151	150
151	150
151	150
151	150
151	150
150	150
150	150
150	150
150	150
150	150
150	150
150	150
149	149
149	149
149	149
149	149
149	149
149	149
149	149
149	149
149	149
149	149
149	149
149	149
149	149
149	149
149	149
149	149
149	149
149	149
149	148
149	148
149	148
149	148
149	148
149	148
149	148
148	147
148	147
148	147
148	147
148	147
148	147
148	146
148	146
148	146
148	146
148	146
148	146
148	146
148	146
148	146
148	146
148	146
148	146
148	146
148	146
148	146
148	146
148	146
148	146
148	146
148	146
148	146
148	146
148	146
148	146
148	146
148	146
148	146
148	146
148	146
148	146
148	146
149	147
149	147
149	147
149	147
149	147
149	147
150	148
150	148
150	148
150	148
150	148
150	148
150	148
150	148
150	148
150	148
150	148
150	148
150	148
150	148
150	148
150	148
150	148
150	148
150	148
151	148
151	148
151	148
151	148
151	148
151	148
151	150
151	150
151	150
151	150
151	150
151	150
151	150
151	149
151	149
151	149
151	149
151	149
151	149
151	150
151	150
151	150
151	150
151	150
151	150
151	150
151	150
151	150
151	150
151	150
151	150
152	150
152	150
152	150
152	150
152	150
152	150
152	150
153	150
153	150
153	150
153	150
153	150
154	150
154	151
154	151
154	151
154	151
154	151
154	151
155	149
155	149
155	149
155	149
155	149
155	149
155	153
155	153
155	153
155	153
155	153
155	153
155	153
155	153
155	153
155	153
155	153
155	153
155	153
155	154
155	154
155	154
155	154
155	154
155	154
155	153
155	153
155	153
155	153
155	153
155	153
154	152
154	152
154	152
154	152
154	152
154	152
154	152
154	152
154	152
154	152
154	152
154	152
154	152
154	152
154	152
154	152
154	152
154	152
154	152
155	152
155	152
155	152
155	152
155	152
155	152
155	153
155	153
155	153
155	153
155	153
155	153
155	153
155	153
155	153
155	153
155	153
155	153
156	153
157	151
157	151
157	151
157	151
157	151
157	151
157	155
157	155
157	155
157	155
157	155
157	155
157	155
157	155
157	155
157	155
157	155
157	155
157	155
157	155
157	155
157	155
157	155
157	155
157	155
158	155
158	155
158	155
158	155
158	155
158	155
158	156
158	156
158	156
158	156
158	156
158	156
158	156
158	156
158	156
158	156
158	156
158	156
158	156
158	156
158	156
158	156
158	156
158	156
158	156
158	156
158	156
158	156
158	156
158	156
158	156
159	156
159	156
159	156
159	156
159	156
159	156
158	157
158	157
158	157
158	157
158	157
158	157
158	157
158	157
158	157
158	157
158	157
158	157
158	157
159	157
159	157
159	157
159	157
159	157
159	157
159	157
159	157
159	157
159	157
159	157
159	157
159	156
159	156
159	156
159	156
159	156
159	156
159	156
159	158
159	158
159	158
159	158
159	158
159	158
160	158
160	158
160	158
160	158
160	158
160	158
160	159
160	159
160	159
160	159
160	159
161	159
161	157
161	157
161	157
161	157
161	157
161	157
161	157
161	157
161	157
161	157
161	157
161	157
161	157
160	155
160	155
160	155
160	155
160	155
160	155
161	153
161	153
161	153
161	153
161	153
161	153
161	158
161	158
161	158
161	158
161	158
161	158
161	158
161	157
161	157
161	157
161	157
161	157
160	157
160	155
160	155
160	155
160	155
160	155
160	155
160	155
160	155
160	155
160	155
160	155
160	155
161	159
161	159
161	159
161	159
161	159
161	159
161	159
162	160
162	160
162	160
162	160
162	160
162	160
162	158
162	158
162	158
162	158
162	158
162	158
161	160
161	160
161	160
161	160
161	160
161	160
161	160
161	160
161	160
161	160
161	160
161	160
161	160
161	161
161	161
161	161
161	161
161	161
161	161
163	161
163	161
163	161
163	161
163	161
163	161
163	161
163	161
163	161
163	161
163	161
163	161
163	160
163	160
163	160
163	160
163	160
163	160
163	160
164	161
164	161
164	161
164	161
164	161
164	161
164	161
164	161
164	161
164	161
164	161
164	161
165	161
165	161
165	161
165	161
165	161
165	161
166	162
166	162
166	162
166	162
166	162
166	162
166	162
166	162
166	162
166	162
166	162
166	162
166	162
166	163
166	163
166	163
166	163
166	163
166	163
166	164
166	164
166	164
166	164
166	164
165	164
165	164
165	164
165	164
165	164
165	164
165	164
165	164
164	165
164	165
164	165
164	165
164	165
164	165
163	164
163	164
163	164
163	164
163	164
163	164
164	163
164	163
164	163
164	163
164	163
164	163
164	162
164	162
164	162
164	162
164	162
164	162
164	162
164	162
164	162
164	162
164	162
163	162
163	162
163	162
163	162
163	162
163	162
163	162
163	162
163	162
163	162
163	162
163	162
163	162
163	162
163	161
163	161
163	161
163	161
163	161
163	161
163	161
163	159
163	159
163	159
163	159
163	159
163	159
163	157
163	157
163	157
163	157
163	157
163	157
163	157
163	157
163	157
163	157
163	157
163	157
163	155
163	155
163	155
163	155
163	155
163	155
163	155
163	153
163	153
163	153
163	153
163	153
163	153
163	151
163	151
163	151
163	151
163	151
163	151
165	149
165	149
165	149
165	149
165	149
165	149
166	152
166	152
166	152
166	152
166	152
166	152
166	152
166	152
166	152
166	152
166	152
167	152
167	152
167	155
167	155
167	155
167	155
167	155
167	155
167	153
167	153
167	153
167	153
167	153
167	153
167	156
167	156
167	156
167	156
167	156
167	156
167	156
167	154
167	154
167	154
167	154
167	154
167	154
166	157
166	157
166	157
166	157
166	157
166	157
166	157
166	157
166	157
166	157
166	157
166	157
166	155
166	155
166	155
166	155
166	155
166	155
166	155
168	153
168	153
168	153
168	153
168	153
168	153
168	151
168	151
168	151
168	151
168	151
168	151
169	154
169	154
169	154
169	154
169	154
169	154
169	154
169	154
169	154
169	154
169	154
169	154
169	154
169	152
169	152
169	152
169	152
169	152
169	152
169	150
169	150
169	150
169	150
169	150
169	150
169	148
169	148
169	148
169	148
169	148
169	148
168	146
168	146
168	146
168	146
168	146
168	146
168	146
168	144
168	144
168	144
168	144
168	144
168	144
168	144
168	144
168	144
168	144
168	144
168	144
167	142
167	142
167	142
167	142
167	142
167	142
167	140
167	140
167	140
167	140
167	140
168	140
168	140
169	138
169	138
169	138
169	138
169	138
169	138
169	136
169	136
169	136
169	136
169	136
169	136
171	134
171	134
171	134
171	134
171	134
171	134
171	134
171	134
171	134
171	134
171	134
171	134
171	134
171	131
171	131
171	131
171	131
171	131
171	131
171	133
171	133
171	133
171	133
171	133
172	133
172	131
172	131
172	131
172	131
172	131
172	131
172	128
172	128
172	128
172	128
172	128
172	128
172	128
172	128
172	128
172	128
172	128
172	128
172	128
171	126
171	126
171	126
171	126
171	126
171	126
171	124
171	124
171	124
171	124
171	124
171	124
171	127
171	127
171	127
171	127
171	127
171	127
171	127
171	125
171	125
171	125
171	125
171	125
171	125
170	123
170	123
170	123
170	123
170	123
170	123
170	123
170	123
170	123
170	123
170	123
170	123
170	126
170	126
170	126
170	126
170	126
170	126
170	126
169	124
169	124
169	124
169	124
169	124
169	124
168	128
168	128
168	128
168	128
168	128
168	128
168	131
168	131
168	131
168	131
168	131
168	131
168	134
168	134
168	134
168	134
168	134
168	134
168	134
168	134
168	134
168	134
168	134
168	134
168	134
169	137
169	137
169	137
169	137
169	137
169	137
169	140
169	140
169	140
169	140
169	140
169	140
169	143
169	143
169	143
169	143
169	143
169	143
169	143
169	141
169	141
169	141
169	141
169	141
169	141
169	141
169	141
169	141
169	141
169	141
169	141
168	139
168	139
168	139
168	139
168	139
168	139
167	137
167	137
167	137
167	137
167	137
167	137
167	137
166	135
166	135
166	135
166	135
166	135
166	135
167	133
167	133
167	133
167	133
167	133
167	133
168	136
168	136
168	136
168	136
168	136
168	136
168	136
168	136
168	136
168	136
168	136
168	136
168	136
169	136
169	136
169	136
169	136
169	136
169	136
170	139
170	139
170	139
170	139
170	139
170	139
170	138
170	138
170	138
170	138
170	138
170	138
171	137
171	137
171	137
171	137
171	137
171	137
171	137
171	135
171	135
171	135
171	135
171	135
171	135
171	135
171	135
171	135
171	135
171	135
171	135
170	138
170	138
170	138
170	138
170	138
170	138
170	141
170	141
170	141
170	141
170	141
170	141
170	141
170	144
170	144
170	144
170	144
170	144
170	144
169	148
169	148
169	148
169	148
169	148
169	148
169	148
169	148
169	148
169	148
169	148
169	148
169	148
169	148
169	148
169	148
169	148
169	148
169	148
169	146
169	146
169	146
169	146
169	146
169	146
170	149
170	149
170	149
170	149
170	149
170	149
171	152
171	152
171	152
171	152
171	152
171	152
171	149
171	149
171	149
171	149
172	149
172	149
172	149
172	149
172	149
172	149
172	149
172	149
172	149
173	152
173	152
173	152
173	152
173	152
173	152
174	155
174	155
174	155
174	155
174	155
174	155
174	158
174	158
174	158
174	158
174	158
174	158
174	158
175	158
175	158
175	158
175	158
175	158
175	158
174	161
174	161
174	161
174	161
175	161
175	161
175	161
175	161
175	161
175	161
175	161
175	161
174	163
174	163
174	163
174	163
174	163
174	163
174	163
175	164
175	164
175	164
175	164
175	164
175	164
174	167
174	167
174	167
174	167
174	167
174	167
174	172
174	172
174	172
174	172
174	172
174	172
174	172
174	172
174	172
174	172
174	172
174	172
174	172
174	172
174	172
174	172
174	172
174	172
174	172
175	172
175	172
175	172
175	172
175	172
175	172
174	172
174	172
174	172
174	172
174	172
174	172
175	172
175	172
175	172
175	172
175	172
175	172
175	172
174	172
174	172
174	172
174	172
174	172
174	172
174	172
174	172
174	172
174	172
174	172
174	172
174	173
174	173
174	173
174	173
174	173
174	173
174	172
174	172
174	172
174	172
174	172
174	172
174	172
173	172
173	172
173	172
173	172
173	172
173	172
173	172
173	172
173	172
173	172
173	172
173	172
173	171
173	171
173	171
173	171
173	171
173	171
173	171
173	171
173	171
173	171
173	171
173	171
173	171
173	172
173	172
173	172
173	172
173	172
173	172
172	171
172	171
172	171
172	171
172	171
172	171
173	171
173	171
173	171
173	171
173	171
173	171
173	171
173	171
173	171
173	171
173	171
173	171
173	171
173	171
173	171
173	171
173	171
173	171
173	171
173	170
173	170
173	170
173	170
173	170
173	170
174	171
174	171
174	171
174	171
174	171
174	171
173	172
173	172
173	172
173	172
173	172
173	172
173	172
172	172
172	172
172	172
172	172
172	172
172	172
171	171
171	171
171	171
171	171
171	171
171	171
171	171
171	171
171	171
171	171
171	171
171	171
170	170
170	170
170	170
170	170
170	170
170	170
170	170
169	169
169	169
169	169
169	169
168	169
168	169
167	167
167	167
167	167
167	167
167	167
167	167
167	166
167	166
167	166
167	166
167	166
167	166
166	164
166	164
166	164
166	164
166	164
166	164
166	164
166	164
166	164
166	164
166	164
166	164
166	164
166	164
166	164
166	164
166	164
166	164
166	164
166	164
166	164
166	164
166	164
167	164
167	164
166	169
166	169
166	169
166	169
166	169
166	169
166	169
166	167
166	167
166	167
166	167
166	167
166	167
166	167
166	167
166	167
166	167
166	167
166	167
165	165
165	165
165	165
165	165
165	165
165	165
164	163
164	163
164	163
164	163
164	163
164	163
164	163
163	166
163	166
163	166
163	166
161	166
161	166
160	164
160	164
160	164
160	164
160	164
160	164
159	162
159	162
159	162
159	162
159	162
159	162
159	162
159	162
159	162
159	162
159	162
159	162
159	162
159	160
159	160
159	160
159	160
159	160
159	160
160	158
160	158
160	158
160	158
160	158
160	158
161	154
161	154
161	154
161	154
161	154
161	154
162	152
162	152
162	152
162	152
162	152
162	152
162	152
164	150
164	150
164	150
164	150
164	150
164	150
164	150
164	150
164	150
164	150
164	150
164	150
165	148
165	148
165	148
165	148
165	148
165	148
166	149
166	149
166	149
166	149
166	149
166	149
166	149
166	149
166	149
166	149
166	149
167	149
167	149
167	147
167	147
167	147
167	147
167	147
167	147
167	147
167	147
167	147
167	147
167	147
167	147
167	145
167	145
167	145
167	145
167	145
167	145
167	145
166	143
166	143
166	143
166	143
166	143
166	143
166	141
166	141
166	141
166	141
166	141
166	141
165	139
165	139
165	139
165	139
164	139
164	139
163	137
163	137
163	137
163	137
163	137
163	137
163	137
163	137
163	137
163	137
163	137
163	137
163	137
163	135
163	135
163	135
163	135
163	135
163	135
163	134
163	134
163	134
163	134
163	134
163	134
164	133
164	133
164	133
164	133
164	133
164	133
164	133
164	135
164	135
164	135
164	135
165	135
165	135
165	134
165	134
165	134
165	134
165	134
165	134
165	134
165	134
165	134
165	134
165	134
165	134
166	132
166	132
166	132
166	132
166	132
166	132
166	132
165	136
165	136
165	136
165	136
165	136
165	136
166	134
166	134
166	134
166	134
166	134
166	134
165	137
165	137
165	137
165	137
165	137
165	137
164	140
164	140
164	140
164	140
164	140
164	140
164	140
164	140
164	140
164	140
164	140
164	140
164	140
163	143
163	143
163	143
163	143
163	143
163	143
162	146
162	146
162	146
162	146
162	146
162	146
161	144
161	144
161	144
161	144
161	144
161	144
161	144
160	143
160	143
160	143
160	143
160	143
160	143
160	143
160	143
160	143
160	143
160	143
160	143
160	144
160	144
160	144
160	144
160	144
160	144
161	147
161	147
161	147
161	147
161	147
161	147
161	147
162	150
162	150
162	150
162	150
162	150
162	150
163	155
163	155
163	155
163	155
163	155
163	155
164	155
164	155
164	155
164	155
165	155
165	155
165	155
165	155
165	155
165	155
165	155
165	155
165	155
166	156
166	156
166	156
166	156
166	156
166	156
166	158
166	158
166	158
166	158
166	158
166	158
166	159
166	159
166	159
166	159
166	159
166	159
166	159
166	159
166	159
166	159
166	159
166	159
166	159
166	161
166	161
166	161
166	161
166	161
166	161
166	161
166	161
166	161
166	161
166	161
166	161
165	161
165	161
165	161
165	161
165	161
165	161
165	162
165	162
165	162
165	162
165	162
165	162
165	162
165	162
165	162
165	162
165	162
165	162
165	162
164	162
164	162
164	162
164	162
164	162
164	162
164	162
164	162
164	162
164	162
164	162
164	162
164	162
164	162
164	162
164	162
164	162
164	162
164	162
164	162
164	162
164	162
164	162
164	162
164	162
164	162
164	162
164	162
164	162
164	162
164	162
164	162
164	162
164	162
164	162
164	162
164	162
165	162
165	162
165	162
165	162
165	162
165	162
165	162
165	162
165	162
165	162
165	162
165	162
165	162
165	162
165	162
165	162
165	162
166	162
166	162
166	162
166	162
166	162
166	162
166	162
166	162
166	163
166	163
166	163
166	163
166	163
166	163
166	163
167	163
167	163
167	163
167	163
167	163
167	163
167	161
167	161
167	161
167	161
167	161
167	161
167	161
167	161
167	161
167	161
168	161
168	161
168	161
168	161
168	161
168	161
168	161
168	161
168	161
168	160
168	160
168	160
168	160
168	160
168	160
168	160
168	160
168	160
168	160
168	160
168	160
168	160
168	160
168	160
168	160
168	160
168	160
168	160
168	160
168	160
168	160
168	160
168	160
168	160
169	158
169	158
169	158
169	158
169	158
169	158
168	161
168	161
168	161
168	161
167	161
167	161
167	164
167	164
167	164
167	164
167	164
167	164
166	164
166	164
166	164
166	164
166	164
166	164
166	164
167	164
167	164
167	164
167	164
167	164
167	164
167	164
167	164
167	164
167	164
167	164
167	164
167	165
167	165
167	165
167	165
167	165
167	165
167	165
167	165
167	165
167	165
167	165
167	165
167	165
166	165
166	165
166	165
166	165
166	165
166	165
166	165
166	165
166	165
166	165
166	165
166	165
165	166
165	166
165	166
165	166
165	166
165	166
165	166
165	166
165	166
165	166
165	166
165	166
165	166
166	165
166	165
166	165
166	165
166	165
166	165
165	163
165	163
165	163
165	163
165	163
165	163
165	163
165	163
165	163
165	163
165	163
165	163
165	162
165	162
165	162
165	162
165	162
165	162
165	162
165	162
165	162
165	162
165	162
165	162
165	162
165	162
165	162
165	162
165	162
165	162
165	162
164	162
164	162
164	162
164	162
164	162
164	162
163	162
163	162
163	162
163	162
162	162
162	162
162	162
162	162
162	162
162	162
162	162
162	162
162	162
161	162
161	162
161	162
161	162
161	162
161	162
161	162
161	162
161	162
161	162
161	162
161	162
160	161
160	161
160	161
160	161
160	161
160	161
160	161
160	161
160	161
160	161
160	161
160	161
160	161
160	161
160	161
160	161
160	161
161	161
161	161
162	161
162	161
162	161
162	161
162	161
162	161
163	160
163	160
163	160
163	160
163	160
163	160
163	160
163	160
163	160
163	160
163	160
163	160
163	160
164	160
164	160
164	160
164	160
164	160
164	160
165	160
165	160
165	160
165	160
165	160
165	160
165	160
165	160
165	160
165	160
165	160
165	160
165	160
165	163
165	163
165	163
165	163
165	163
165	163
165	163
165	163
165	163
165	163
165	163
165	163
165	165
165	165
165	165
165	165
165	165
165	165
165	164
165	164
165	164
165	164
165	164
165	164
165	164
164	163
164	163
164	163
164	163
164	163
164	163
165	163
165	163
165	163
165	163
165	163
165	163
165	162
165	162
165	162
165	162
165	162
165	162
165	162
165	162
165	162
165	162
165	162
165	162
165	162
165	161
165	161
165	161
165	161
165	161
165	161
165	162
165	162
165	162
165	162
165	162
165	162
164	162
164	162
164	162
164	162
164	162
164	162
164	164
164	164
164	164
164	164
164	164
164	164
164	164
164	161
164	161
164	161
164	161
164	161
164	161
164	161
164	161
164	161
164	161
164	161
164	161
164	161
164	161
164	161
164	161
164	161
164	161
164	160
164	160
164	160
164	160
164	160
164	160
164	160
163	160
163	160
163	160
163	160
163	160
163	160
163	159
163	159
163	159
163	159
163	159
163	159
163	159
163	159
163	159
163	159
163	159
163	159
163	157
163	157
163	157
163	157
163	157
163	157
163	157
163	155
163	155
163	155
163	155
163	155
163	155
164	154
164	154
164	154
164	154
164	154
164	154
164	154
164	154
164	154
164	154
164	154
164	154
164	152
164	152
164	152
164	152
164	152
164	152
164	152
164	152
164	152
164	152
164	152
164	152
164	152
165	150
165	150
165	150
165	150
165	150
165	150
165	148
165	148
165	148
165	148
165	148
165	148
165	146
165	146
165	146
165	146
165	146
165	146
165	146
165	149
165	149
165	149
165	149
165	149
165	149
165	147
165	147
165	147
165	147
165	147
165	147
165	147
165	147
165	147
165	147
165	147
165	147
165	145
165	145
165	145
165	145
165	145
165	145
165	145
165	143
165	143
165	143
165	143
165	143
165	143
166	141
166	141
166	141
166	141
166	141
166	141
166	139
166	139
166	139
166	139
166	139
166	139
166	139
166	139
166	139
166	139
165	139
165	139
165	139
165	140
165	140
165	140
165	140
165	140
165	140
164	138
164	138
164	138
164	138
164	138
164	138
163	136
163	136
163	136
163	136
163	136
163	136
162	134
162	134
162	134
162	134
162	134
162	134
162	134
162	132
162	132
162	132
162	132
162	132
162	132
162	132
162	132
162	132
162	132
162	132
162	132
162	134
162	134
162	134
162	134
162	134
162	134
163	132
163	132
163	132
163	132
163	132
163	132
163	132
164	130
164	130
164	130
164	130
164	130
164	130
164	133
164	133
164	133
164	133
164	133
164	133
165	136
165	136
165	136
165	136
165	136
165	136
165	136
165	136
165	136
165	136
165	136
165	136
165	136
165	134
165	134
165	134
165	134
165	134
165	134
165	132
165	132
165	132
165	132
165	132
165	132
165	130
165	130
165	130
165	130
165	130
165	130
166	128
166	128
166	128
166	128
166	128
166	128
166	128
166	128
166	128
166	128
166	128
166	128
166	128
165	126
165	126
165	126
165	126
165	126
165	126
165	124
165	124
165	124
165	124
165	124
165	124
165	127
165	127
165	127
165	127
165	127
165	127
165	127
165	125
165	125
165	125
165	125
165	125
165	125
165	121
165	121
165	121
165	121
165	121
165	121
165	121
165	121
165	121
165	121
165	121
165	121
164	119
164	119
164	119
164	119
164	119
164	119
164	119
164	122
164	122
164	122
164	122
164	122
164	122
164	120
164	120
164	120
164	120
164	120
164	120
164	118
164	118
164	118
164	118
164	118
164	118
163	118
163	118
163	118
163	118
163	118
163	118
163	118
163	118
163	118
163	118
163	118
163	118
163	118
163	117
163	117
163	117
163	117
163	117
163	117
162	119
162	119
162	119
162	119
160	119
160	119
159	119
159	119
159	119
159	119
159	119
159	119
159	119
157	118
157	118
157	118
157	118
157	118
157	118
157	118
157	118
157	118
157	118
157	118
157	118
155	118
155	118
155	118
155	118
155	118
155	118
153	121
153	121
153	121
153	121
153	121
153	121
153	121
151	121
151	121
151	121
151	121
150	121
150	121
148	124
148	124
148	124
148	124
148	124
148	124
147	122
147	122
147	122
147	122
147	122
147	122
147	122
147	122
147	122
147	122
147	122
147	122
147	122
145	124
145	124
145	124
145	124
145	124
145	124
145	123
145	123
145	123
145	123
145	123
145	123
145	124
145	124
145	124
145	124
145	124
145	124
145	124
145	124
145	124
145	124
145	124
145	124
145	124
146	124
146	124
146	124
146	124
146	124
146	124
146	124
146	124
146	124
146	124
146	124
146	124
146	127
146	127
146	127
146	127
146	127
146	127
147	130
147	130
147	130
147	130
147	130
147	130
147	130
147	130
147	130
147	130
147	130
147	130
147	130
147	133
147	133
147	133
147	133
147	133
147	133
147	135
147	135
147	135
147	135
147	135
147	135
147	135
147	135
147	135
147	135
147	135
147	135
147	135
146	138
146	138
146	138
146	138
146	138
146	138
146	141
146	141
146	141
146	141
146	141
146	141
146	145
146	145
146	145
146	145
146	145
146	145
146	145
146	145
146	145
146	145
146	145
146	145
146	145
146	145
146	145
146	145
146	145
146	145
146	145
146	145
146	145
146	145
146	145
146	145
146	145
146	144
146	144
146	144
146	144
146	144
146	144
146	144
146	144
146	144
146	144
146	144
146	144
146	144
146	144
146	144
146	144
146	144
146	144
146	144
145	144
145	144
145	144
145	144
145	144
145	144
145	144
145	144
145	144
145	144
145	144
145	144
144	144
144	144
144	144
144	144
144	144
144	144
144	144
144	143
144	143
144	143
144	143
144	143
144	143
143	143
143	143
143	143
143	143
143	143
143	143
143	142
143	142
143	142
143	142
143	142
143	142
143	141
143	141
143	141
143	141
143	141
143	141
143	141
143	141
143	141
143	141
143	141
143	141
143	141
141	141
141	141
141	141
141	141
141	141
141	141
139	140
139	140
139	140
139	140
139	140
139	140
138	139
138	139
138	139
138	139
138	139
138	139
138	139
138	137
138	137
138	137
138	137
137	137
137	137
137	137
137	137
137	137
137	137
137	137
137	137
137	136
137	136
137	136
137	136
137	136
137	136
136	136
136	136
136	136
136	136
136	136
136	136
136	136
136	135
136	135
136	135
136	135
136	135
136	135
136	134
136	134
136	134
136	134
136	134
136	134
134	133
134	133
134	133
134	133
132	133
132	133
132	133
132	133
132	133
132	133
132	133
132	133
132	133
131	132
131	132
131	132
131	132
131	132
131	132
131	131
131	131
131	131
131	131
131	131
131	131
130	130
130	130
130	130
130	130
130	130
130	130
130	129
130	129
130	129
130	129
130	129
130	129
130	129
130	128
130	128
130	128
130	128
130	128
130	128
130	128
130	128
130	128
130	128
130	128
130	128
129	128
129	128
129	128
129	128
129	128
129	128
129	128
129	128
129	128
129	128
129	128
129	128
129	128
129	127
129	127
129	127
129	127
129	127
129	127
129	127
129	127
129	127
129	127
129	127
129	127
129	127
129	127
129	127
129	127
130	127
130	127
130	128
130	128
130	128
130	128
131	128
131	128
131	128
132	128
132	128
132	128
132	128
132	128
132	128
133	128
133	128
133	128
133	128
133	128
133	128
134	130
134	130
134	130
134	130
134	130
134	130
135	132
135	132
135	132
135	132
135	132
135	132
135	132
135	132
135	132
135	132
134	132
134	132
134	132
134	132
134	132
134	132
134	132
133	132
133	132
131	132
131	132
131	132
131	132
131	132
131	132
130	131
130	131
130	131
130	131
130	131
130	131
130	131
129	130
129	130
129	130
129	130
129	130
129	130
129	128
129	128
129	128
129	128
129	128
129	128
129	128
129	128
129	128
129	128
129	128
129	128
129	128
129	128
129	128
129	128
129	128
129	128
129	128
129	127
129	127
129	127
129	127
129	127
129	127
128	127
128	127
128	127
128	127
128	127
128	127
128	127
128	127
128	127
128	127
128	127
128	127
128	127
128	127
128	127
128	127
128	127
128	127
128	127
127	127
127	127
127	127
127	127
127	127
127	127
128	127
128	127
128	127
128	127
129	127
129	127
130	127
130	127
130	127
130	127
130	127
130	127
130	128
130	128
130	128
130	128
130	128
130	128
130	128
129	128
129	128
129	128
129	128
129	128
129	128
129	128
129	128
129	128
129	128
129	128
129	128
129	128
129	128
129	128
129	128
129	128
129	128
128	127
128	127
128	127
128	127
126	127
126	127
126	127
125	126
125	126
125	126
125	126
125	126
125	126
124	124
124	124
124	124
124	124
124	124
124	124
123	122
123	122
123	122
123	122
123	122
123	122
123	122
123	122
123	122
123	122
123	122
123	122
123	122
123	121
123	121
123	121
123	121
123	121
123	121
122	121
122	121
122	121
122	121
121	121
121	121
121	120
121	120
121	120
121	120
121	120
121	120
121	119
121	119
121	119
121	119
121	119
121	119
121	119
121	119
121	119
121	119
121	119
121	119
121	119
119	119
119	119
119	119
119	119
119	119
119	119
118	118
118	118
118	118
118	118
118	118
118	118
118	117
118	117
118	117
118	117
118	117
118	117
118	117
118	117
118	117
118	117
118	117
118	117
118	117
121	118
121	118
121	118
121	118
121	118
121	118
121	118
121	118
121	118
121	118
121	118
121	118
123	119
123	119
123	119
123	119
123	119
123	119
123	119
124	120
124	120
124	120
124	120
124	120
124	120
124	120
124	120
124	120
124	120
122	120
122	120
119	120
119	120
119	120
119	120
119	120
119	120
118	119
118	119
118	119
118	119
118	119
118	119
118	119
118	119
118	119
118	119
118	119
118	119
118	119
118	118
118	118
118	118
118	118
118	118
118	118
119	116
119	116
119	116
119	116
119	116
119	116
118	115
118	115
118	115
118	115
115	115
115	115
115	115
114	114
114	114
114	114
114	114
114	114
114	114
114	114
114	114
114	114
114	114
114	114
114	114
114	113
114	113
114	113
114	113
114	113
114	113
114	112
114	112
114	112
114	112
114	112
114	112
114	112
113	111
113	111
113	111
113	111
113	111
113	111
112	111
112	111
112	111
112	111
113	111
113	111
113	112
113	112
113	112
113	112
113	112
113	112
113	112
113	112
113	112
113	112
113	112
113	112
113	112
114	112
114	112
114	112
114	112
114	112
114	112
115	112
115	112
115	112
115	112
115	112
115	112
114	112
114	112
114	112
114	112
114	112
114	112
113	111
113	111
113	111
113	111
110	111
110	111
110	111
110	110
110	110
110	110
110	110
110	110
110	110
110	110
110	110
110	110
110	110
110	110
110	110
111	109
111	109
111	109
111	109
111	109
111	109
111	109
111	109
111	109
111	109
111	109
111	109
111	109
111	109
111	109
111	109
111	109
111	109
111	109
112	110
112	110
112	110
112	110
112	110
112	110
112	110
112	110
112	110
112	110
112	110
112	110
112	110
112	110
112	110
112	110
112	110
112	110
112	110
